3 0.4337777777777778 0.23354564755838644 0.10133333333333333 0.13078556263269636
3 0.12266666666666666 0.4940787921679642 0.09599999999999997 0.09134229771172436
3 0.11555555555555555 0.6767633875914132 0.10844444444444445 0.16607690493040805
3 0.16399999999999998 0.9255720688841709 0.12355555555555553 0.1488558622316583
3 0.5835555555555555 0.2844066996933239 0.055999999999999946 0.16607690493040805
3 0.5137777777777777 0.42453408822835553 0.10311111111111096 0.13078556263269625
3 0.3106666666666667 0.23873555083746167 0.05955555555555552 0.10379806558150506
3 0.24177777777777776 0.44217975937721166 0.07111111111111107 0.1909884406699694
3 0.3533333333333333 0.780561453172918 0.0968888888888889 0.14946921443736727
3 0.3804444444444444 0.5771172446331682 0.09244444444444454 0.08719037508846426
3 0.47644444444444445 0.734890304317056 0.09955555555555556 0.11210191082802552
3 0.43511111111111106 0.9321066289219155 0.11111111111111108 0.1328615239443265
3 0.6333333333333334 0.7649917433356925 0.11466666666666675 0.10587402689313526
3 0.6226666666666667 0.9518282613824016 0.0862222222222222 0.09341825902335459
3 0.8568888888888889 0.5688133993866478 0.06044444444444437 0.12455767869780608
3 0.6404444444444445 0.492002830856334 0.07200000000000002 0.12455767869780608
3 0.7440000000000001 0.3529134229771172 0.055111111111111055 0.1536211370606275
3 0.8782222222222222 0.7047888652984194 0.11911111111111125 0.15154517574899734
3 0.8062222222222224 0.9113470158056145 0.10488888888888895 0.14116536919084693
0 0.1608888888888888 0.3726350554376032 0.14755555555555552 0.1640009436187781
0 0.10133333333333333 0.7234725171030904 0.18133333333333332 0.18476055673507907
0 0.2991111111111111 0.6373201226704412 0.10755555555555553 0.182684595423449
0 0.2791111111111111 0.8449162538334514 0.13866666666666663 0.12870960132106646
0 0.3933333333333333 0.46086341118188257 0.09155555555555558 0.1536211370606275
0 0.3262222222222222 0.2823307383816938 0.10844444444444441 0.1328615239443265
0 0.4853333333333331 0.265723047888653 0.07111111111111104 0.12040575607454591
0 0.49066666666666664 0.5407879216796414 0.12444444444444436 0.08096249115357396
0 0.6564444444444445 0.31243217740033025 0.07733333333333342 0.16815286624203826
0 0.5706666666666667 0.6881811748053787 0.09777777777777778 0.10172210426987505
0 0.7853333333333333 0.48681292757725886 0.12533333333333332 0.18060863411181885
3 0.7462222222222223 0.634206180702996 0.08977777777777775 0.1556970983722575
0 0.8195555555555555 0.8635999056381222 0.1671111111111111 0.10379806558150506
0 0.7942222222222222 0.7452701108752063 0.08622222222222234 0.07058268459542333
4 0.5 0.5459778249587166 1.0 0.9009672092474638
