1 0.4649758454106281 0.6259057971014493 0.036231884057971016 0.08876811594202891
1 0.4716183574879227 0.33333333333333326 0.06159420289855071 0.07971014492753618
1 0.7107487922705314 0.29710144927536225 0.0640096618357488 0.07246376811594199
1 0.7028985507246378 0.6721014492753623 0.053140096618357544 0.06521739130434788
1 0.7807971014492753 0.39673913043478265 0.05193236714975839 0.06884057971014493
2 0.4196859903381642 0.48369565217391314 0.10748792270531396 0.1557971014492754
2 0.4329710144927533 0.21195652173913046 0.11231884057971005 0.14855072463768118
2 0.576086956521739 0.1358695652173913 0.09420289855072461 0.16304347826086957
2 0.7216183574879227 0.17753623188405798 0.10024154589371989 0.14492753623188406
2 0.6165458937198067 0.4230072463768116 0.10748792270531403 0.13586956521739132
2 0.5911835748792269 0.7527173913043478 0.10265700483091784 0.1467391304347825
2 0.7469806763285024 0.582427536231884 0.10748792270531396 0.16123188405797095
4 0.5857487922705313 0.4864130434782609 0.6835748792270528 0.9583333333333335
