1 0.32789855072463775 0.7753623188405797 0.043478260869565195 0.05797101449275374
1 0.4112318840579712 0.6974637681159424 0.05072463768115924 0.043478260869565306
1 0.18297101449275363 0.5452898550724637 0.04710144927536241 0.05072463768115945
1 0.6105072463768115 0.7889492753623187 0.043478260869565306 0.04528985507246389
1 0.5235507246376812 0.7164855072463767 0.04347826086956516 0.045289855072463754
1 0.31521739130434784 0.5443840579710144 0.05072463768115945 0.045289855072463754
1 0.24909420289855064 0.27173913043478265 0.045289855072463775 0.050724637681159444
1 0.358695652173913 0.24547101449275363 0.0507246376811594 0.04166666666666671
1 0.3713768115942029 0.6068840579710145 0.039855072463768126 0.05434782608695656
1 0.40217391304347827 0.6413043478260869 0.057971014492753666 0.036231884057971085
1 0.36594202898550726 0.5190217391304347 0.05072463768115938 0.04891304347826086
1 0.4909420289855072 0.36141304347826086 0.04710144927536227 0.05615942028985515
1 0.38858695652173914 0.30978260869565216 0.05253623188405797 0.04710144927536227
1 0.41394927536231885 0.1956521739130435 0.03804347826086953 0.028985507246376798
1 0.5507246376811594 0.17028985507246375 0.04347826086956523 0.05072463768115942
1 0.5434782608695652 0.3016304347826087 0.057971014492753666 0.04891304347826086
1 0.6983695652173912 0.3514492753623189 0.05253623188405797 0.057971014492753666
1 0.7853260869565218 0.328804347826087 0.04891304347826079 0.04166666666666671
1 0.5208333333333334 0.46105072463768115 0.05978260869565219 0.05253623188405797
1 0.5344202898550725 0.5471014492753623 0.05434782608695656 0.05072463768115945
1 0.6168478260869565 0.5443840579710144 0.05615942028985515 0.05615942028985515
1 0.769927536231884 0.4673913043478261 0.05434782608695656 0.05072463768115945
1 0.6367753623188406 0.6458333333333333 0.0525362318840579 0.045289855072463754
1 0.6847826086956522 0.618659420289855 0.043478260869565306 0.038043478260869464
1 0.8007246376811594 0.6014492753623188 0.04347826086956516 0.04347826086956516
0 0.4710144927536231 0.7726449275362319 0.24637681159420288 0.10688405797101438
0 0.717391304347826 0.6757246376811594 0.10869565217391312 0.1847826086956521
0 0.2907608695652174 0.6096014492753623 0.1431159420289855 0.20108695652173908
0 0.2753623188405797 0.39221014492753625 0.14492753623188404 0.20108695652173916
0 0.5045289855072465 0.6168478260869565 0.24456521739130443 0.11413043478260874
0 0.7681159420289856 0.49275362318840576 0.13043478260869576 0.26086956521739124
0 0.6503623188405784 0.2898550724637682 0.19202898550724604 0.13043478260869537
0 0.5063405797101449 0.39221014492753625 0.26630434782608686 0.12862318840579715
0 0.4338768115942029 0.233695652173913 0.27355072463768115 0.09782608695652172
0 0.6403985507246377 0.49728260869565216 0.10688405797101438 0.16485507246376813
4 0.5009057971014492 0.5036231884057971 0.8387681159420289 0.8369565217391305
