0 0.3091787439613526 0.5045289855072465 0.07971014492753621 0.08152173913043477
0 0.36775362318840576 0.3206521739130435 0.08574879227053138 0.09057971014492754
0 0.519927536231884 0.23097826086956524 0.07367149758454104 0.08514492753623187
0 0.42934782608695654 0.5670289855072465 0.07608695652173914 0.08695652173913046
0 0.3743961352657004 0.6884057971014493 0.08212560386473435 0.08695652173913046
0 0.4704106280193237 0.7844202898550725 0.0640096618357488 0.09782608695652172
0 0.5428743961352658 0.6032608695652173 0.06642512077294682 0.07971014492753625
0 0.47946859903381644 0.40670289855072467 0.08212560386473428 0.10688405797101445
0 0.6274154589371981 0.30434782608695654 0.06400966183574887 0.09782608695652176
0 0.5772946859903382 0.44565217391304346 0.0821256038647342 0.10869565217391304
0 0.6926328502415459 0.48822463768115937 0.06884057971014484 0.10688405797101445
0 0.6256038647342996 0.6956521739130435 0.06280193236714986 0.10507246376811594
4 0.497584541062802 0.5144927536231887 0.5821256038647343 0.8550724637681164
