1 0.4036231884057971 0.6666666666666667 0.062318840579710155 0.06521739130434781
1 0.39710144927536234 0.3179347826086957 0.040579710144927505 0.05615942028985508
1 0.6333333333333333 0.32155797101449274 0.04637681159420282 0.05253623188405797
0 0.26956521739130435 0.483695652173913 0.1681159420289855 0.1268115942028986
0 0.3521739130434783 0.7418478260869565 0.21159420289855066 0.19746376811594202
0 0.48768115942028983 0.6123188405797102 0.0710144927536232 0.09420289855072468
0 0.45 0.4456521739130435 0.1666666666666667 0.18115942028985516
0 0.5202898550724637 0.7545289855072462 0.13623188405797093 0.11775362318840578
0 0.3065217391304348 0.296195652173913 0.09710144927536234 0.1141304347826087
0 0.4492753623188406 0.1730072463768116 0.05217391304347828 0.0706521739130435
0 0.6144927536231883 0.3088768115942029 0.10434782608695642 0.1829710144927536
0 0.6760869565217392 0.5960144927536226 0.14927536231884075 0.30072463768115854
4 0.4811594202898556 0.5126811594202897 0.7275362318840586 0.8550724637681155
