1 0.5061141304347826 0.5932971014492753 0.04755434782608688 0.05253623188405797
1 0.4408967391304348 0.5715579710144927 0.04755434782608695 0.05978260869565219
1 0.41032608695652173 0.5534420289855073 0.02717391304347828 0.03442028985507235
1 0.3804347826086956 0.5434782608695652 0.05706521739130437 0.05072463768115945
1 0.46263586956521735 0.5289855072463768 0.05027173913043477 0.04710144927536227
1 0.5095108695652173 0.5380434782608695 0.04076086956521735 0.039855072463768196
1 0.5523097826086957 0.49728260869565216 0.03668478260869563 0.038043478260869464
1 0.5652173913043481 0.6086956521739131 0.04347826086956531 0.04347826086956537
1 0.33288043478260865 0.3994565217391305 0.04619565217391308 0.03804347826086953
1 0.6019021739130435 0.6114130434782609 0.032608695652173905 0.0235507246376811
1 0.7683423913043478 0.5815217391304348 0.042119565217391255 0.03985507246376805
1 0.7105978260869565 0.6376811594202898 0.03804347826086968 0.043478260869565306
1 0.6447010869565217 0.6394927536231885 0.03940217391304344 0.05072463768115945
1 0.625679347826087 0.6376811594202898 0.05298913043478258 0.05797101449275346
1 0.3716032608695652 0.4465579710144928 0.039402173913043514 0.0634057971014493
1 0.7778532608695652 0.6956521739130435 0.02309782608695656 0.04347826086956516
1 0.8097826086956522 0.6431159420289855 0.05434782608695656 0.057971014492753666
1 0.7567934782608696 0.6422101449275363 0.04076086956521735 0.05615942028985508
1 0.4307065217391305 0.23550724637681156 0.04891304347826086 0.05072463768115942
1 0.7282608695652175 0.26086956521739135 0.04347826086956516 0.043478260869565195
1 0.4673913043478261 0.2572463768115942 0.04076086956521735 0.028985507246376798
1 0.4626358695652172 0.28532608695652184 0.04211956521739131 0.04891304347826092
1 0.5407608695652173 0.3115942028985507 0.04076086956521735 0.05434782608695652
1 0.42459239130434784 0.42391304347826086 0.03125 0.05072463768115938
1 0.39470108695652173 0.4311594202898551 0.03940217391304344 0.06521739130434781
1 0.47486413043478265 0.421195652173913 0.03396739130434789 0.045289855072463754
1 0.5658967391304348 0.38677536231884063 0.03396739130434781 0.04891304347826086
1 0.609375 0.3269927536231884 0.044836956521739066 0.045289855072463754
1 0.7493206521739131 0.3079710144927536 0.04483695652173921 0.05072463768115938
1 0.8050271739130433 0.5135869565217392 0.05027173913043473 0.05615942028985509
1 0.6283967391304348 0.4365942028985507 0.03940217391304344 0.04710144927536234
1 0.6684782608695653 0.4601449275362319 0.04347826086956516 0.06521739130434788
1 0.7370923913043478 0.40217391304347827 0.044836956521739066 0.05072463768115938
1 0.9150815217391305 0.4601449275362319 0.044836956521739066 0.04710144927536234
1 0.8845108695652175 0.5317028985507247 0.04619565217391298 0.05253623188405797
1 0.9103260869565217 0.5117753623188406 0.04619565217391312 0.05615942028985501
1 0.8063858695652173 0.41576086956521735 0.03668478260869563 0.0380434782608696
1 0.7778532608695653 0.3885869565217391 0.042119565217391394 0.04891304347826086
1 0.8505434782608695 0.4692028985507246 0.02717391304347814 0.032608695652173905
0 0.579483695652174 0.27717391304347827 0.13722826086956524 0.21739130434782608
0 0.36888586956521735 0.3931159420289855 0.15353260869565216 0.213768115942029
0 0.5665760869565217 0.7409420289855072 0.05978260869565211 0.09057971014492765
0 0.4633152173913044 0.6585144927536232 0.2255434782608696 0.27355072463768115
0 0.8288043478260869 0.6630434782608696 0.16032608695652173 0.1268115942028986
0 0.8913043478260869 0.5842391304347826 0.10869565217391297 0.16847826086956516
0 0.6644021739130435 0.5697463768115942 0.10597826086956523 0.20108695652173914
0 0.7513586956521741 0.3170289855072464 0.14402173913043484 0.1268115942028986
0 0.7880434782608695 0.4356884057971015 0.13043478260869562 0.11413043478260874
0 0.5509510869565217 0.4954710144927536 0.1345108695652174 0.13586956521739124
4 0.5849184782608696 0.48188405797101475 0.830163043478261 0.7500000000000004
4 0.7683423913043478 0.9375 0.00951086956521749 0.009057971014492808
