2 0.6452595155709343 0.6607843137254902 0.14242214532871977 0.11764705882352935
2 0.2870242214532872 0.7137254901960784 0.15840830449826993 0.16862745098039228
2 0.40910034602076123 0.5647058823529412 0.10899653979238756 0.07450980392156857
2 0.4715916955017299 0.6284313725490193 0.12934256055363333 0.08823529411764763
2 0.16276816608996542 0.6029411764705883 0.13370242214532874 0.11176470588235282
2 0.3357093425605537 0.48333333333333334 0.10463667820069204 0.09607843137254904
2 0.17003460207612456 0.4411764705882353 0.12207612456747403 0.07450980392156864
2 0.3909342560553633 0.39803921568627454 0.10754325259515568 0.10980392156862749
2 0.2906574394463668 0.3558823529411764 0.11916955017301038 0.09215686274509803
2 0.1954671280276817 0.3127450980392157 0.10899653979238753 0.07647058823529405
2 0.6299999999999997 0.492156862745098 0.12062283737024222 0.08235294117647055
2 0.8269204152249137 0.4509803921568627 0.09882352941176478 0.09019607843137259
2 0.7985813148788927 0.346078431372549 0.10899653979238749 0.09215686274509807
2 0.6452595155709342 0.3705882352941176 0.10754325259515575 0.10588235294117648
2 0.5239100346020762 0.346078431372549 0.12062283737024217 0.0882352941176471
2 0.6372664359861592 0.24607843137254903 0.10318339100346016 0.06862745098039216
2 0.5202768166089967 0.21862745098039219 0.12788927335640135 0.05686274509803924
2 0.3451557093425606 0.23725490196078433 0.08865051903114185 0.08235294117647057
4 0.4962975778546708 0.5294117647058821 0.9577162629757777 0.6705882352941174
