3 0.42026143790849674 0.5058823529411766 0.06666666666666664 0.09803921568627452
3 0.4032679738562092 0.38627450980392153 0.06928104575163395 0.10196078431372556
3 0.27254901960784317 0.37647058823529406 0.06666666666666668 0.09019607843137259
3 0.21633986928104576 0.47450980392156866 0.07712418300653592 0.09019607843137266
3 0.15555555555555556 0.688235294117647 0.07581699346405232 0.10980392156862749
3 0.3535947712418301 0.7225490196078431 0.07189542483660137 0.0882352941176471
3 0.39607843137254906 0.65 0.06274509803921567 0.09215686274509807
3 0.47058823529411775 0.6333333333333333 0.07320261437908496 0.10980392156862777
3 0.5934640522875817 0.696078431372549 0.06535947712418298 0.09411764705882347
3 0.6091503267973856 0.5725490196078432 0.06797385620915036 0.09803921568627444
0 0.7202614379084967 0.5372549019607843 0.0758169934640523 0.10196078431372556
3 0.6895424836601307 0.3735294117647059 0.05620915032679747 0.09607843137254904
3 0.5555555555555556 0.2911764705882353 0.0679738562091503 0.0764705882352941
3 0.4411764705882352 0.20294117647058824 0.05882352941176471 0.09215686274509804
0 0.35294117647058826 0.3205882352941177 0.12026143790849667 0.1313725490196079
0 0.16666666666666669 0.4068627450980392 0.08496732026143791 0.10784313725490194
0 0.17712418300653593 0.5901960784313726 0.12156862745098036 0.0823529411764705
0 0.34705882352941175 0.5392156862745098 0.10065359477124183 0.11764705882352942
0 0.6379084967320261 0.30490196078431375 0.0993464052287581 0.1431372549019608
0 0.5058823529411766 0.7715686274509804 0.1516339869281046 0.13529411764705884
0 0.47647058823529403 0.41960784313725485 0.06666666666666664 0.18823529411764703
0 0.569281045751634 0.5068627450980392 0.13464052287581693 0.17058823529411768
0 0.7032679738562092 0.4519607843137255 0.1124183006535948 0.1117647058823529
4 0.4588235294117642 0.5480392156862745 0.8496732026143782 0.8215686274509804
