1 0.47618336397058825 0.8205882352941177 0.08046109068627459 0.09607843137254904
1 0.8126570159313726 0.5529411764705884 0.06875765931372556 0.09803921568627444
1 0.7863242953431373 0.3058823529411765 0.074609375 0.09411764705882351
1 0.5522556678921569 0.40294117647058825 0.074609375 0.06470588235294122
1 0.28746553308823536 0.6794117647058825 0.062905943627451 0.0764705882352942
1 0.12727481617647063 0.3813725490196079 0.05851715686274511 0.060784313725490195
1 0.2977060355392157 0.3362745098039216 0.05705422794117645 0.07647058823529417
1 0.37743566176470594 0.19411764705882356 0.046813725490196065 0.07450980392156863
1 0.45497089460784307 0.1 0.0585171568627451 0.0627450980392157
1 0.6085784313725491 0.21274509803921574 0.0819240196078431 0.08039215686274513
2 0.42132352941176476 0.9294117647058823 0.14629289215686278 0.1411764705882352
2 0.24650352328431374 0.8529411764705884 0.12434895833333331 0.1568627450980392
2 0.18798636642156866 0.6333333333333334 0.11849724264705884 0.11764705882352935
2 0.09216452205882353 0.45784313725490206 0.14044117647058824 0.10392156862745104
2 0.17701439950980394 0.30490196078431375 0.09947916666666666 0.11568627450980394
2 0.3650007659313726 0.6235294117647059 0.09801623774509803 0.1294117647058824
2 0.5646905637254902 0.6950980392156865 0.16092218137254904 0.11568627450980401
2 0.8280177696078431 0.780392156862745 0.11996017156862758 0.11764705882352965
2 0.6312538296568628 0.34215686274509804 0.08923866421568633 0.05294117647058823
3 0.498858762254902 0.13235294117647062 0.07607230392156865 0.09215686274509807
3 0.29916896446078434 0.22058823529411767 0.0716835171568627 0.11176470588235293
3 0.22894837622549022 0.32352941176470595 0.06583180147058826 0.10196078431372556
3 0.06144301470588236 0.5931372549019609 0.09655330882352942 0.13137254901960788
3 0.2933172487745098 0.5294117647058825 0.08046109068627452 0.1294117647058824
3 0.48349800857843145 0.4186274509803923 0.07753523284313729 0.11960784313725491
3 0.5785883884803923 0.8343137254901961 0.09801623774509799 0.14705882352941174
3 0.5551815257352942 0.9245098039215688 0.10386795343137259 0.09607843137254904
3 0.8141199448529411 0.6715686274509806 0.1038679534313725 0.09215686274509807
3 0.638568474264706 0.5686274509803922 0.09801623774509807 0.11764705882352942
3 0.8214345894607844 0.38431372549019616 0.074609375 0.08627450980392154
3 0.7300015318627451 0.2147058823529412 0.09362745098039213 0.1
3 0.3628063725490197 0.7852941176470588 0.09947916666666665 0.1549019607843138
4 0.5021943933823529 0.515686274509804 0.9956112132352941 0.9686274509803922
