1 0.6 0.34215686274509804 0.1294117647058823 0.11176470588235297
1 0.32450980392156864 0.11078431372549019 0.13529411764705887 0.1
1 0.0784313725490196 0.2333333333333333 0.12549019607843137 0.10196078431372549
1 0.21862745098039216 0.4990196078431373 0.15490196078431373 0.12352941176470587
0 0.4705882352941177 0.5617647058823529 0.1647058823529412 0.12352941176470593
0 0.6460784313725491 0.5225490196078431 0.15098039215686276 0.10784313725490194
0 0.1784313725490196 0.6549019607843136 0.19607843137254904 0.12941176470588225
0 0.20784313725490197 0.31176470588235294 0.15294117647058822 0.12156862745098042
0 0.21960784313725504 0.025490196078431362 0.1686274509803921 0.05098039215686272
0 0.7176470588235294 0.2852941176470588 0.16862745098039228 0.08431372549019606
0 0.4833333333333333 0.11862745098039217 0.15098039215686276 0.11960784313725491
0 0.7568627450980392 0.15098039215686274 0.12156862745098039 0.0666666666666667
4 0.49607843137254903 0.43745097740023736 0.9921568627450981 0.8709803861730238
