2 0.3592368839427663 0.24414414414414418 0.1121780604133545 0.09549549549549549
2 0.5241653418124013 0.22432432432432436 0.10282988871224166 0.05945945945945946
2 0.6310015898251193 0.24414414414414418 0.10550079491255956 0.07747747747747749
2 0.8006041335453102 0.3495495495495493 0.11084260731319553 0.10090090090090097
2 0.526168521462639 0.3414414414414415 0.12553259141494427 0.09549549549549564
2 0.6450238473767884 0.3720720720720722 0.10950715421303664 0.12432432432432433
2 0.8193004769475359 0.44504504504504505 0.08947535771065177 0.11171171171171167
2 0.6269952305246425 0.49459459459459454 0.1295389507154213 0.10630630630630628
2 0.6470270270270271 0.6594594594594594 0.13488076311605723 0.11891891891891887
2 0.47141494435612086 0.6216216216216216 0.1255325914149443 0.09369369369369367
2 0.29647058823529415 0.7405405405405405 0.1415580286168522 0.15495495495495495
2 0.25774244833068366 0.6783783783783783 0.11217806041335454 0.1243243243243242
2 0.16559618441971385 0.6081081081081081 0.152241653418124 0.12792792792792787
2 0.17627980922098574 0.44684684684684683 0.11217806041335454 0.09729729729729726
2 0.20165341812400642 0.3108108108108108 0.11217806041335454 0.0918918918918919
2 0.2937996820349762 0.3576576576576576 0.12019077901430847 0.09549549549549549
2 0.37259141494435616 0.39189189189189194 0.1282034976152623 0.10270270270270274
2 0.3365341812400636 0.48558558558558557 0.1255325914149443 0.09549549549549546
2 0.4640699523052465 0.49459459459459465 0.09214626391096985 0.09189189189189186
2 0.40664546899841014 0.563963963963964 0.12419713831478539 0.09369369369369367
4 0.49478537360890273 0.5306306306306307 0.954848966613672 0.6792792792792792
