2 0.4032042723631508 0.5903629081199174 0.12550066755674238 0.1583656018386196
2 0.576101468624833 0.6595225696823526 0.12416555407209622 0.18843501990924352
2 0.6895861148197596 0.4700852358374216 0.13217623497997316 0.1623748575813695
2 0.5493991989319091 0.40693945788911123 0.10280373831775705 0.14032395099624523
2 0.6108144192256342 0.25458773966461634 0.1348464619492657 0.13230543951074553
2 0.7489986648865155 0.23353914701517958 0.13618157543391216 0.13030081163937052
2 0.5340453938584779 0.07316891730518502 0.11481975967957275 0.14633783461037003
2 0.3811748998664886 0.05512726646281063 0.08945260347129505 0.11025453292562126
2 0.24899866488651537 0.1493447764174325 0.11348464619492653 0.1423285788676202
2 0.2703604806408545 0.39491169066086157 0.11081441922563418 0.10023139356874658
2 0.3758344459279039 0.2585969954073662 0.13217623497997333 0.16037022970999457
2 0.49132176234979963 0.18041650842374388 0.10146862483311075 0.1082499050542463
4 0.5106809078771696 0.4961453981652956 0.869158878504673 0.9842722848450915
