2 0.40350356294536804 0.1318289786223278 0.1362826603325415 0.2209026128266034
2 0.5865498812351544 0.11163895486935868 0.1282660332541564 0.21852731591448932
2 0.6907660332541569 0.2624703087885985 0.1309382422802851 0.24465558194774342
4 0.7402019002375299 0.49881235154394304 0.1309382422802852 0.22327790973871717
2 0.6760688836104513 0.7992874109263659 0.1362826603325415 0.2209026128266034
2 0.44091448931116367 0.31472684085510694 0.1362826603325415 0.2209026128266034
2 0.5892220902612825 0.38361045130641336 0.1362826603325415 0.2209026128266034
2 0.5003711401425176 0.47149643705463157 0.12425771971496415 0.2209026128266034
2 0.5771971496437053 0.640142517814727 0.1362826603325415 0.2209026128266034
2 0.2645486935866982 0.3479809976247031 0.1282660332541568 0.21140142517814728
2 0.2585362232779097 0.6199524940617578 0.12158551068883611 0.21377672209026116
2 0.38680225653206646 0.5760095011876484 0.13494655581947745 0.22565320665083136
2 0.37344121140142505 0.8289786223277912 0.12692992874109246 0.23277909738717364
1 0.5250890736342043 0.9002375296912115 0.12826603325415667 0.19952494061757706
1 0.43356591448931114 0.06175771971496436 0.03607482185273156 0.06650831353919238
1 0.4208729216152019 0.12470308788598575 0.03473871733966746 0.0498812351543943
1 0.37611342042755347 0.1330166270783848 0.030730403800475016 0.05700712589073635
1 0.2692250593824228 0.14370546318289787 0.03340261282660329 0.049881235154394334
1 0.3166567695961995 0.19358669833729217 0.029394299287410917 0.0498812351543943
1 0.33068586698337293 0.2577197149643705 0.04141923990498814 0.06413301662707842
1 0.3393705463182897 0.3289786223277909 0.03206650831353919 0.05938242280285031
1 0.38078978622327786 0.31235154394299286 0.026722090261282572 0.05938242280285035
1 0.41152019002375295 0.3491686460807601 0.026722090261282715 0.06175771971496435
1 0.4749851543942993 0.12589073634204276 0.028058194774346817 0.06650831353919241
1 0.49903503562945367 0.1864608076009501 0.025385985748218473 0.05938242280285037
1 0.5257571258907364 0.2304038004750594 0.025385985748218473 0.05225653206650836
1 0.6760688836104513 0.07482185273159145 0.029394299287410917 0.0498812351543943
1 0.7148159144893111 0.07363420427553444 0.03473871733966746 0.05700712589073634
1 0.6687203087885986 0.2529691211401425 0.028058194774346817 0.0688836104513064
1 0.6099317102137768 0.30403800475059384 0.03073040380047509 0.06175771971496435
1 0.5745249406175772 0.26365795724465557 0.03206650831353919 0.06650831353919241
1 0.5344418052256532 0.29809976247030884 0.026722090261282572 0.08313539192399048
1 0.8076751781472683 0.3491686460807601 0.03340261282660336 0.07125890736342047
1 0.7695961995249405 0.35629453681710216 0.029394299287410917 0.05225653206650826
1 0.6687203087885986 0.4109263657957245 0.022713776722090132 0.05225653206650833
1 0.722832541567696 0.4418052256532066 0.026722090261282715 0.042755344418052205
1 0.7308491686460806 0.5106888361045132 0.029394299287410747 0.06650831353919241
1 0.8210362232779097 0.66270783847981 0.0387470308788599 0.07600950118764843
1 0.7689281472684084 0.6959619952494063 0.03874703087885976 0.07125890736342043
1 0.7629156769596199 0.7755344418052258 0.03473871733966732 0.06413301662707838
1 0.48433788598574823 0.30641330166270786 0.038747030878859834 0.07600950118764843
1 0.47298099762470314 0.38242280285035624 0.03206650831353919 0.05700712589073632
1 0.4676365795724465 0.4477434679334917 0.03206650831353919 0.049881235154394334
1 0.4870100950118765 0.5296912114014252 0.0387470308788599 0.05700712589073632
1 0.5170724465558194 0.3990498812351544 0.029394299287410917 0.04750593824228034
1 0.5384501187648452 0.48218527315914483 0.029394299287410986 0.052256532066508134
1 0.6473426365795725 0.48337292161520196 0.03607482185273163 0.06413301662707845
1 0.5290973871733967 0.44536817102137777 0.04008313539192402 0.0641330166270783
1 0.6105997624703088 0.497624703087886 0.03473871733966739 0.06413301662707838
1 0.602583135391924 0.5629453681710214 0.03473871733966739 0.042755344418052205
1 0.6613717339667444 0.6140142517814724 0.034738717339667394 0.06413301662707796
1 0.6166122327790969 0.6923990498812351 0.03607482185273203 0.059382422802850755
1 0.6186163895486936 0.6282660332541568 0.026722090261282572 0.035629453681710214
1 0.6152761282660333 0.5950118764845606 0.028058194774346745 0.0451306413301662
1 0.6152761282660332 0.9714964370546317 0.03340261282660329 0.05700712589073632
1 0.5237529691211402 0.9679334916864607 0.04275534441805234 0.06413301662707838
1 0.5150682897862232 0.5570071258907363 0.025385985748218546 0.06888361045130637
1 0.26788895486935865 0.40498812351543945 0.03340261282660336 0.06413301662707838
1 0.22780581947743472 0.47149643705463185 0.03874703087885987 0.05938242280285039
1 0.25653206650831356 0.48812351543942994 0.03741092636579573 0.06888361045130637
1 0.3099762470308789 0.5 0.03473871733966746 0.06413301662707838
1 0.33870249406175773 0.44180522565320657 0.03073040380047509 0.06650831353919237
1 0.37076900237529686 0.43705463182897863 0.03073040380047509 0.03325415676959622
1 0.40884798099762476 0.4655581947743468 0.03206650831353919 0.06650831353919237
1 0.3674287410926365 0.47149643705463185 0.03206650831353919 0.04513064133016627
1 0.3994952494061758 0.5166270783847982 0.024049881235154443 0.05463182897862232
1 0.37945368171021376 0.5771971496437055 0.040083135391924006 0.0760095011876485
1 0.40684382422802856 0.6306413301662708 0.03073040380047509 0.06888361045130643
1 0.3647565320665083 0.6294536817102138 0.04809976247030875 0.06650831353919237
1 0.3240053444180522 0.6983372921615202 0.03607482185273163 0.07125890736342043
1 0.29127078384798094 0.7102137767220903 0.0347387173396675 0.06650831353919244
1 0.24851543942992874 0.7648456057007127 0.03741092636579573 0.06175771971496445
1 0.2652167458432304 0.8218527315914489 0.03607482185273156 0.06175771971496431
1 0.37210510688836096 0.9239904988123518 0.030730403800475162 0.05700712589073633
1 0.5063836104513064 0.6152019002375296 0.03473871733966739 0.06175771971496445
1 0.4850059382422803 0.6591448931116389 0.03473871733966746 0.05938242280285031
1 0.4429186460807601 0.6864608076009501 0.03340261282660329 0.06650831353919244
1 0.40016330166270786 0.7838479809976246 0.020041567695962072 0.04750593824228034
1 0.48901425178147273 0.7399049881235155 0.03206650831353926 0.08788598574821847
1 0.4502672209026128 0.7565320665083135 0.029394299287410917 0.05463182897862225
1 0.451603325415677 0.8218527315914489 0.029394299287410917 0.07125890736342043
1 0.42087292161520196 0.8788598574821853 0.03206650831353919 0.05700712589073646
1 0.46162410926365793 0.8954869358669834 0.03340261282660336 0.07600950118764843
1 0.43690617577197144 0.9477434679334916 0.03473871733966753 0.07125890736342029
4 0.5144002375296912 0.49643705463182886 0.7241686460807599 0.9928741092636577
