3 0.7523961661341855 0.7284345047923321 0.13099041533546354 0.07028753993610201
3 0.9680511182108625 0.7404153354632588 0.06389776357827483 0.06549520766773176
3 0.5726837060702875 0.6837060702875399 0.12300319488817892 0.0894568690095847
3 0.3769968051118211 0.6333865814696485 0.14376996805111816 0.07188498402555908
3 0.46485623003194887 0.5750798722044729 0.1022364217252396 0.060702875399361034
3 0.5854632587859425 0.5830670926517572 0.10063897763578282 0.0798722044728435
4 0.5151757188498403 0.5023961661341854 0.9664536741214057 0.8801916932907349
3 0.8769968051118211 0.597444089456869 0.09265175718849833 0.07348242811501592
3 0.944888178913738 0.43290734824281146 0.097444089456869 0.07348242811501599
3 0.30031948881789133 0.48961661341853036 0.11501597444089455 0.04952076677316299
3 0.5950479233226836 0.4744408945686901 0.097444089456869 0.057507987220447275
3 0.5063897763578274 0.3857827476038338 0.12460063897763575 0.06549520766773163
3 0.29552715654952083 0.37539936102236426 0.09584664536741219 0.051118210862619765
3 0.3099041533546326 0.3099041533546326 0.07987220447284347 0.06389776357827476
3 0.7052715654952079 0.31629392971246006 0.0846645367412141 0.07667731629392971
3 0.43769968051118213 0.22364217252396165 0.09265175718849847 0.060702875399361034
3 0.5535143769968051 0.2204472843450479 0.09105431309904148 0.08306709265175723
3 0.7212460063897762 0.1437699680511182 0.062300319488817875 0.07028753993610222
3 0.8690095846645367 0.11341853035143769 0.06709265175718855 0.05431309904153356
3 0.8706070287539935 0.19488817891373802 0.06389776357827487 0.047923322683706075
3 0.8498402555910544 0.22044728434504793 0.0798722044728433 0.06709265175718848
3 0.954472843450479 0.22763578274760377 0.08466453674121396 0.05591054313099028
3 0.9688498402555911 0.323482428115016 0.062300319488817875 0.04952076677316299
0 0.7763578274760383 0.6166134185303515 0.09584664536741215 0.08945686900958477
0 0.6653354632587859 0.6980830670926517 0.055910543130990434 0.06389776357827472
0 0.5239616613418531 0.6238019169329072 0.12779552715654952 0.062300319488817806
0 0.36581469648562304 0.43929712460063913 0.18849840255591066 0.11821086261980836
0 0.3953674121405751 0.5503194888178914 0.19009584664536738 0.0782747603833864
0 0.5670926517571886 0.5079872204472844 0.13738019169329088 0.08945686900958463
0 0.6781150159744409 0.4217252396166134 0.11661341853035147 0.0830670926517572
0 0.5599041533546324 0.42651757188498446 0.12300319488817896 0.05111821086261989
0 0.49680511182108633 0.1661341853035144 0.06709265175718848 0.07028753993610223
0 0.42012779552715657 0.2723642172523962 0.15015974440894575 0.0782747603833866
0 0.3626198083067093 0.3578274760383387 0.134185303514377 0.038338658146964875
0 0.8178913738019169 0.2787539936102236 0.08945686900958463 0.07188498402555911
0 0.8538338658146963 0.4361022364217253 0.1421725239616613 0.0798722044728435
0 0.9249201277955271 0.7292332268370606 0.06709265175718841 0.052715654952076675
0 0.7276357827476039 0.15814696485623003 0.12300319488817892 0.07348242811501599
0 0.6078274760383386 0.2220447284345048 0.1293929712460065 0.0926517571884984
