4 0.5069767441860461 0.4976744186046511 0.9736434108527123 0.7906976744186046
0 0.3023255813953489 0.33100775193798454 0.08372093023255818 0.06046511627906973
0 0.7015503875968991 0.30930232558139537 0.15348837209302324 0.05736434108527135
0 0.7364341085271318 0.3720930232558139 0.15193798449612403 0.07751937984496131
0 0.6193798449612403 0.641860465116279 0.16589147286821707 0.13643410852713175
0 0.45116279069767445 0.39224806201550394 0.09302325581395351 0.052713178294573663
0 0.5674418604651162 0.35271317829457366 0.12713178294573652 0.12868217054263567
0 0.38914728682170546 0.5682170542635658 0.1767441860465116 0.16899224806201546
0 0.16356589147286824 0.5248062015503876 0.09147286821705429 0.08217054263565891
0 0.624031007751938 0.7418604651162791 0.09457364341085267 0.05116279069767444
