3 0.45640588235294116 0.5215686274509805 0.05876470588235293 0.08235294117647066
3 0.31994117647058823 0.6568627450980392 0.06790588235294116 0.08627450980392154
3 0.1893529411764706 0.5490196078431373 0.04962352941176469 0.07843137254901954
3 0.7188882352941177 0.6039215686274509 0.07182352941176476 0.09019607843137259
3 0.6333529411764707 0.6872549019607844 0.0652941176470589 0.05686274509803923
3 0.6646941176470588 0.7588235294117648 0.07574117647058834 0.09803921568627459
3 0.5158235294117647 0.6509803921568629 0.080964705882353 0.08627450980392162
3 0.6261705882352941 0.5284313725490197 0.05354117647058821 0.07254901960784324
3 0.6699176470588236 0.4598039215686275 0.06268235294117645 0.06470588235294115
3 0.5399823529411765 0.4382352941176471 0.058764705882353 0.06470588235294115
3 0.5210470588235294 0.3284313725490196 0.06268235294117645 0.07254901960784316
3 0.4087411764705882 0.2882352941176471 0.057458823529411805 0.06666666666666661
3 0.29447647058823534 0.36274509803921573 0.05615294117647057 0.05098039215686278
3 0.29904705882352944 0.22450980392156863 0.04701176470588237 0.049019607843137296
3 0.38915294117647065 0.1666666666666667 0.05484705882352934 0.039215686274509845
3 0.4890529411764706 0.11568627450980394 0.04831764705882349 0.05882352941176471
3 0.7084411764705882 0.253921568627451 0.05092941176470589 0.04117647058823529
3 0.6013588235294118 0.27647058823529413 0.048317647058823424 0.05490196078431371
0 0.3591176470588233 0.3558823529411764 0.060070588235293834 0.0999999999999999
0 0.27031764705882355 0.28039215686274516 0.10708235294117646 0.09411764705882356
0 0.2735823529411765 0.465686274509804 0.10055294117647055 0.1470588235294118
0 0.3245117647058824 0.565686274509804 0.11100000000000002 0.06470588235294115
0 0.4975411764705882 0.6598039215686277 0.18282352941176463 0.18235294117647058
0 0.44530588235294116 0.4480392156862746 0.09924705882352938 0.10000000000000007
0 0.8253176470588235 0.4176470588235294 0.08618823529411757 0.08627450980392147
0 0.8096470588235295 0.5274509803921569 0.117529411764706 0.09411764705882356
0 0.7260705882352941 0.30294117647058827 0.09402352941176474 0.07254901960784309
0 0.5569588235294117 0.17745098039215687 0.06660000000000003 0.09607843137254901
0 0.4707705882352941 0.12745098039215688 0.09794117647058825 0.09411764705882356
0 0.4642411764705882 0.31176470588235294 0.04309411764705878 0.1450980392156863
0 0.7371705882352941 0.45294117647058824 0.05354117647058814 0.0784313725490196
4 0.5119058823529411 0.4823529411764709 0.8409882352941175 0.890196078431373
