2 0.38604651162790704 0.17054263565891475 0.12713178294573646 0.11472868217054265
2 0.5875968992248064 0.22325581395348834 0.12093023255813934 0.11782945736434101
2 0.8116279069767441 0.42015503875968996 0.11627906976744179 0.1116279069767441
2 0.6139534883720933 0.45968992248062024 0.11472868217054297 0.10697674418604648
2 0.4558139534883719 0.5806201550387596 0.11472868217054262 0.12248062015503867
2 0.33953488372093027 0.3418604651162791 0.13023255813953485 0.12558139534883722
2 0.28217054263565894 0.46356589147286825 0.12093023255813957 0.124031007751938
2 0.2713178294573644 0.6728682170542635 0.11162790697674417 0.10232558139534881
2 0.4790697674418604 0.7860465116279071 0.11782945736434108 0.12403100775193807
2 0.665891472868217 0.7155038759689925 0.10697674418604651 0.11317829457364371
2 0.7007751937984498 0.5689922480620154 0.12403100775193814 0.13023255813953458
1 0.6317829457364341 0.8054263565891473 0.06666666666666664 0.06356589147286826
1 0.7751937984496123 0.6418604651162789 0.05581395348837205 0.04961240310077514
1 0.7503875968992249 0.48837209302325585 0.04961240310077528 0.05581395348837205
1 0.7666666666666666 0.24573643410852697 0.04806201550387581 0.04806201550387597
1 0.636434108527132 0.14496124031007754 0.04806201550387668 0.04806201550387603
1 0.4542635658914729 0.2775193798449612 0.05891472868217043 0.05271317829457362
1 0.5534883720930233 0.3364341085271319 0.05271317829457349 0.04651162790697687
1 0.5589147286821707 0.5294573643410847 0.044961240310077165 0.044961240310077116
1 0.22868217054263568 0.2705426356589146 0.05426356589147287 0.0511627906976744
1 0.26046511627906976 0.5813953488372092 0.05581395348837212 0.052713178294573663
1 0.4317829457364341 0.6573643410852713 0.054263565891472826 0.052713178294573594
1 0.3782945736434109 0.6705426356589145 0.05581395348837215 0.051162790697674286
1 0.32713178294573647 0.7317829457364344 0.046511627906976695 0.05271317829457387
1 0.37906976744186055 0.823255813953488 0.05116279069767468 0.055813953488371586
1 0.46124031007751937 0.8558139534883722 0.05116279069767444 0.04651162790697683
1 0.5023255813953488 0.4410852713178295 0.05581395348837205 0.06356589147286819
1 0.5449612403100775 0.12868217054263564 0.041860465116279076 0.03410852713178294
4 0.5046511627906975 0.4922480620155038 0.9100775193798447 0.8883720930232556
