2 0.27674418604651163 0.29999999999999993 0.10697674418604657 0.10697674418604648
2 0.3821705426356589 0.27209302325581397 0.1131782945736434 0.10387596899224807
2 0.4705426356589139 0.2317829457364341 0.11007751937984452 0.10387596899224784
2 0.5899224806201551 0.2108527131782946 0.11317829457364333 0.11162790697674421
2 0.7054263565891471 0.30155038759689917 0.10852713178294518 0.10697674418604644
2 0.18527131782945738 0.3883720930232558 0.1007751937984496 0.10387596899224803
2 0.19069767441860455 0.5519379844961237 0.11782945736434104 0.10852713178294661
2 0.3271317829457363 0.690697674418604 0.10852713178294555 0.11317829457364344
2 0.413953488372093 0.4248062015503876 0.11472868217054262 0.11162790697674417
2 0.5372093023255814 0.38837209302325576 0.11627906976744186 0.11007751937984502
2 0.2790697674418603 0.4651162790697678 0.11782945736434115 0.10852713178294505
2 0.5488372093023256 0.5085271317829458 0.124031007751938 0.09302325581395345
2 0.7658914728682172 0.3860465116279071 0.10232558139534939 0.11162790697674412
2 0.788372093023256 0.5162790697674416 0.11317829457364383 0.10542635658914729
2 0.724031007751938 0.6457364341085271 0.10542635658914733 0.10077519379844951
2 0.64031007751938 0.7302325581395348 0.09612403100775203 0.10852713178294565
2 0.4395348837209302 0.7372093023255815 0.11007751937984495 0.09767441860465112
2 0.5387596899224807 0.655813953488372 0.10697674418604661 0.10542635658914729
2 0.3674418604651163 0.5728682170542636 0.11782945736434108 0.10387596899224803
2 0.6596899224806198 0.5674418604651161 0.10697674418604584 0.1023255813953488
4 0.491472868217054 0.4844961240310077 0.8496124031007747 0.8015503875968991
