1 0.21769577396175863 0.681159420289855 0.06393861892583118 0.06884057971014484
1 0.133966630130313 0.5833333333333333 0.06495351763893964 0.06521739130434774
1 0.21160638168310805 0.3532608695652174 0.06596841635204803 0.07608695652173911
1 0.2811269435310356 0.1902173913043478 0.05074493565542159 0.043478260869565195
1 0.2253075143100719 0.16576086956521738 0.05480453050785531 0.05615942028985506
1 0.39987009296472215 0.20471014492753625 0.052774733081638485 0.047101449275362306
1 0.4358989972800715 0.13858695652173914 0.06596841635204811 0.041666666666666644
1 0.38667640969431255 0.5534420289855073 0.06901311249137336 0.06340579710144936
1 0.4891811797182642 0.7907608695652175 0.09337068160597575 0.07427536231884048
1 0.5607315389924087 0.7663043478260869 0.07814720090934926 0.06884057971014484
1 0.6297446514837819 0.6902173913043478 0.0740876060569154 0.08333333333333343
1 0.2841716396703609 0.4673913043478261 0.0791620996224577 0.04710144927536234
1 0.40545203588681844 0.31974637681159424 0.0578492266471806 0.04528985507246379
1 0.5906710510291073 0.37137681159420294 0.04668534080298791 0.04347826086956523
1 0.6028498355864085 0.1431159420289855 0.06495351763893964 0.05434782608695654
1 0.7215929850200951 0.24275362318840582 0.0710429099175903 0.05072463768115945
1 0.7023099094710348 0.3405797101449275 0.052774733081638485 0.04347826086956527
1 0.735801567003613 0.5135869565217391 0.07510250477002402 0.07065217391304345
2 0.361811391223156 0.12228260869565219 0.10656436487638538 0.08514492753623192
2 0.5155685462590833 0.11775362318840582 0.09743027645840954 0.10144927536231885
2 0.7053546056103602 0.15670289855072464 0.10148987131084325 0.09601449275362317
2 0.2253075143100719 0.25452898550724634 0.12584744042544554 0.0960144927536232
2 0.3440506637437584 0.26086956521739135 0.10351966873706007 0.08695652173913046
2 0.48106199001339667 0.21739130434782608 0.10148987131084311 0.07246376811594203
2 0.6282223034141193 0.28442028985507245 0.10351966873706012 0.10144927536231883
2 0.8073519262777574 0.29891304347826086 0.11062395972881901 0.0833333333333334
2 0.785024154589372 0.4193840579710145 0.11062395972881901 0.07789855072463758
2 0.6378638411886495 0.4519927536231884 0.11265375715503609 0.08876811594202899
2 0.8408435838103359 0.5661231884057972 0.1248325417123371 0.1213768115942029
2 0.7099216498193482 0.6422101449275363 0.12077294685990339 0.13949275362318844
2 0.420675516583445 0.4465579710144928 0.13092193399098775 0.10688405797101445
2 0.30954410749807176 0.3795289855072464 0.1075792635894938 0.0960144927536232
2 0.1395485730524094 0.4673913043478261 0.13498152884342143 0.10869565217391304
2 0.2486501847115658 0.572463768115942 0.12787723785166238 0.10507246376811594
2 0.4039296878171559 0.7001811594202898 0.14208581983518045 0.11775362318840593
2 0.5262249827467218 0.6141304347826088 0.15324970567937307 0.1231884057971015
4 0.528762229529493 0.5081521739130433 0.11975804814679494 0.10688405797101444
4 0.49831526813624 0.4990942028985506 0.99663053627248 0.9945652173913042
