1 0.37201809954751125 0.4833333333333333 0.043257918552036256 0.06078431372549012
1 0.32731825037707396 0.6284313725490196 0.05479336349924584 0.06078431372549012
1 0.38715837104072404 0.719607843137255 0.04758371040723979 0.0627450980392156
1 0.6005641025641026 0.7147058823529412 0.05046757164404227 0.060784313725490195
1 0.586865761689291 0.5480392156862746 0.04614177978883866 0.060784313725490195
1 0.4686274509803921 0.5637254901960784 0.0519095022624434 0.060784313725490195
1 0.3864374057315234 0.28921568627450983 0.04325791855203619 0.04509803921568625
1 0.42248567119155356 0.09313725490196079 0.04325791855203619 0.0568627450980392
1 0.6322865761689291 0.1019607843137255 0.04469984917043732 0.05882352941176471
1 0.509001508295626 0.338235294117647 0.03749019607843131 0.05294117647058823
1 0.6120995475113122 0.27647058823529413 0.044699849170437386 0.07058823529411765
1 0.7973876319758674 0.36568627450980395 0.03460633484162898 0.04509803921568633
1 0.6531945701357467 0.4294117647058823 0.051909502262443535 0.07843137254901954
1 0.6914057315233785 0.5666666666666668 0.04758371040723986 0.054901960784313746
1 0.6834751131221719 0.688235294117647 0.04902564102564099 0.05098039215686285
0 0.478 0.803921568627451 0.12256410256410255 0.10588235294117652
3 0.7022202111613877 0.21470588235294116 0.05479336349924594 0.04509803921568622
3 0.7577345399698342 0.2549019607843137 0.04758371040723986 0.06666666666666664
3 0.7404313725490197 0.6607843137254902 0.05046757164404227 0.0784313725490196
3 0.78873604826546 0.6264705882352941 0.031722473604826135 0.09607843137254882
3 0.5681206636500754 0.7303921568627452 0.06632880844645549 0.08431372549019614
3 0.6394962292609353 0.7931372549019607 0.07930618401206636 0.04117647058823522
3 0.43690497737556555 0.5137254901960785 0.06344494720965307 0.05882352941176471
3 0.36048265460030166 0.146078431372549 0.05479336349924587 0.05686274509803921
3 0.22854600301659125 0.2803921568627451 0.03604826546003014 0.07450980392156861
3 0.258105580693816 0.20784313725490194 0.04037405731523382 0.050980392156862744
4 0.4419517345399699 0.06372549019607847 0.12544796380090495 0.0725490196078432
4 0.5118853695324284 0.4480392156862745 0.6834751131221719 0.8764705882352941
