3 0.18727705112960769 0.3033229424430376 0.09869203329369801 0.07330690327123136
3 0.2877526753864447 0.21481826654240455 0.08799048751486324 0.06794298351967797
3 0.40368608799048766 0.1897866410351548 0.08917954815695622 0.0572151440165709
3 0.6284185493460167 0.19336258753619046 0.08204518430439968 0.078670823022785
3 0.8543400713436387 0.4508307356107595 0.06539833531510097 0.10727839503107042
3 0.7835909631391202 0.6045964351552938 0.09512485136742009 0.09655055552796334
3 0.16765755053507733 0.42043519035195615 0.10225921521997622 0.08224676952382062
3 0.2907253269916766 0.35070423358176045 0.08917954815695606 0.0965505555279634
3 0.3596908442330557 0.27292739718423425 0.08917954815695588 0.0804587962733028
3 0.45778834720570755 0.288125169813636 0.08561236623067778 0.0715189300207136
3 0.6551724137931033 0.2863371965631182 0.059453032104637205 0.09655055552796339
3 0.7598097502972653 0.2925951029399306 0.09274673008323447 0.08403474277433844
3 0.5701545778834721 0.6814792849275614 0.079667063020214 0.13946191354039233
3 0.41854934601664695 0.7252846295652481 0.09988109393579073 0.09476258227744552
3 0.48632580261593344 0.5572151440165709 0.07609988109393584 0.12337015428573096
3 0.6290130796670631 0.5089398662525894 0.12128418549346023 0.0840347427743385
3 0.2520808561236627 0.48927216049689354 0.09988109393578998 0.09476258227744466
3 0.23602853745541025 0.6108543415321062 0.09155766944114152 0.0804587962733028
3 0.46551724137931055 0.39987349797100125 0.11058263971462584 0.08761068927537426
3 0.39298454221165285 0.5026819598757768 0.08917954815695602 0.10012650202899906
3 0.6973840665873959 0.4150712706004026 0.10582639714625458 0.08939866252589197
3 0.5677764565992868 0.39093363171841206 0.09869203329369855 0.10191447527951655
3 0.6355529131985737 0.43831492285713475 0.07015457788347211 0.05721514401657136
0 0.7657550535077289 0.35964409983434964 0.15219976218787154 0.13588596703935585
0 0.7378121284185494 0.5330775051345802 0.14863258026159343 0.1787973250517841
0 0.5469678953626635 0.6698574587991949 0.2663495838287752 0.14482583329194504
0 0.36206896551724216 0.6385679269151329 0.13198573127229563 0.1823732715528209
0 0.3002378121284186 0.2908071296894127 0.098692033293698 0.09118663577640984
0 0.4500594530321049 0.21750022641818142 0.07253269916765742 0.09476258227744565
0 0.5998810939357908 0.2273340792960294 0.19381688466111777 0.06436703701864228
0 0.5826397146254468 0.3417643673291713 0.15219976218787187 0.13946191354039167
0 0.21938168846611178 0.39272160496892966 0.1367419738406659 0.12694610078676669
0 0.22235434007134372 0.49910601337474164 0.21165279429250872 0.14303786004142735
0 0.4316290130796675 0.4043434310972957 0.1854934601664689 0.15376569954453445
0 0.5368608799048752 0.4955300668737055 0.19857312722948875 0.1287340740372845
4 0.5023781212841871 0.5125158127536253 0.9191438763376967 0.7741924174742256
