2 0.3182870370370371 0.668478260869565 0.13546296296296279 0.14855072463768096
2 0.5871759259259258 0.5860507246376812 0.11916666666666653 0.125
2 0.2587037037037037 0.4076086956521739 0.10185185185185187 0.11594202898550726
2 0.6656018518518519 0.49094202898550726 0.11509259259259266 0.1268115942028986
2 0.4588425925925927 0.5706521739130435 0.1252777777777778 0.13768115942028977
2 0.37787037037037036 0.46467391304347827 0.10388888888888886 0.11050724637681164
2 0.3600462962962963 0.35597826086956524 0.10287037037037042 0.10326086956521735
2 0.4053703703703704 0.276268115942029 0.09166666666666672 0.0815217391304348
2 0.4613888888888889 0.38677536231884063 0.09981481481481481 0.09963768115942023
2 0.543888888888889 0.26358695652173914 0.08962962962962961 0.08514492753623192
2 0.5673148148148148 0.35507246376811596 0.09981481481481481 0.08695652173913046
2 0.5219907407407406 0.4528985507246378 0.12120370370370374 0.09782608695652195
2 0.683425925925926 0.2817028985507246 0.09166666666666665 0.08514492753623185
2 0.7139814814814816 0.3668478260869565 0.09981481481481481 0.0923913043478261
4 0.5398148148148145 0.5697463768115941 0.8107407407407404 0.8278985507246375
