3 0.4566088117489987 0.11077864695422188 0.06141522029372503 0.07385243130281459
3 0.5927903871829105 0.16709112582261798 0.056074766355140186 0.05354301269454055
3 0.6502002670226968 0.10523971460651077 0.05874499332443257 0.05538932347711094
3 0.7837116154873164 0.25386773260342516 0.0587449933244325 0.06831349895510347
3 0.7222963951935916 0.3314127854713804 0.0587449933244325 0.09046922834594792
3 0.7222963951935916 0.4200357030347579 0.06408544726301742 0.06462087738996275
3 0.7930574098798399 0.5197364852935576 0.06675567423230973 0.09416184991108864
3 0.6642189586114818 0.4985039112939984 0.07343124165554073 0.0960081606936589
3 0.5367156208277702 0.7117528066808755 0.06675567423230966 0.08677660678080713
3 0.46328437917222964 0.6102057136395055 0.07476635514018697 0.08308398521566637
3 0.28905206942590117 0.6240530445087832 0.07343124165554073 0.0812376744330961
3 0.22696929238985317 0.46896293877287265 0.05874499332443257 0.0812376744330961
3 0.30507343124165553 0.21232573999559193 0.06809078771695595 0.07015980973767387
3 0.43591455273698265 0.20124787530016974 0.054739652870493954 0.055389323477110966
3 0.3664886515353805 0.34895273790579895 0.054739652870494024 0.07015980973767391
3 0.431909212283044 0.4209588584260432 0.06008010680907873 0.07385243130281459
3 0.5514018691588786 0.42465147999118386 0.06675567423230973 0.07015980973767384
3 0.568090787716956 0.2871013266896917 0.06008010680907866 0.07200612052024422
0 0.40720961281708945 0.6923665434638866 0.11214953271028037 0.09231553912851823
0 0.26168224299065423 0.31571914381953237 0.09345794392523363 0.10708602538908113
0 0.27837116154873165 0.5280448838151243 0.0814419225634179 0.07015980973767391
0 0.3858477970627503 0.5105049313807057 0.09345794392523367 0.11262495773679226
0 0.5967957276368492 0.5381995931192612 0.10146862483311082 0.1938626321698883
0 0.4953271028037383 0.47911764807700963 0.0667556742323098 0.07569874208538493
0 0.49799732977303074 0.3452601163406582 0.15220293724966624 0.07385243130281463
0 0.30040053404539385 0.4089578383393358 0.06408544726301738 0.04615776956425911
0 0.39052069425901204 0.2612529757337066 0.09479305740987982 0.06462087738996271
0 0.5026702269692924 0.2667919080814177 0.06008010680907873 0.04615776956425908
0 0.5146862483311081 0.19201632138731792 0.10547396528704944 0.055389323477110966
0 0.5453938584779706 0.09970078225879969 0.07343124165554073 0.08123767443309605
0 0.6955941255006676 0.1818616120831809 0.1068090787716956 0.12001020086707369
0 0.637516688918558 0.2621761311249918 0.09212283044058743 0.11447126851936265
0 0.6428571428571428 0.37203162268792844 0.09479305740987982 0.06462087738996275
0 0.7957276368491322 0.4283441015563245 0.07476635514018697 0.07754505286795528
0 0.8004005340453938 0.33233594086266566 0.08678237650200274 0.08862291756337753
0 0.7109479305740988 0.643439307725772 0.09479305740987982 0.12001020086707363
0 0.7016021361815754 0.511428086771991 0.06008010680907887 0.09231553912851823
0 0.5514018691588786 0.673903435638183 0.09078771695594134 0.06646718817253315
4 0.5066755674232306 0.4597313848600205 0.7543391188250996 0.797606258070397
