14 0.5097222222222222 0.4924089068825911 0.8157407407407408 0.8491902834008097
15 0.21666666666666667 0.3699392712550607 0.0787037037037037 0.07388663967611336
15 0.22083333333333333 0.6108299595141701 0.08981481481481482 0.09412955465587045
15 0.3574074074074074 0.4089068825910931 0.08148148148148149 0.11032388663967611
15 0.30925925925925923 0.18016194331983806 0.07685185185185185 0.0728744939271255
15 0.5236111111111111 0.12095141700404859 0.06296296296296296 0.05566801619433198
15 0.5347222222222222 0.2925101214574899 0.07592592592592592 0.07591093117408906
15 0.6699074074074074 0.4104251012145749 0.07314814814814814 0.07591093117408906
15 0.6884259259259259 0.2408906882591093 0.06851851851851852 0.08299595141700405
15 0.8185185185185185 0.4251012145748988 0.08333333333333333 0.08097165991902834
15 0.5638888888888889 0.5389676113360324 0.07685185185185185 0.09412955465587045
15 0.3425925925925926 0.7145748987854251 0.0962962962962963 0.0931174089068826
15 0.5194444444444445 0.8162955465587044 0.09907407407407408 0.09412955465587045
15 0.5398148148148149 0.7155870445344129 0.09074074074074075 0.09716599190283401
15 0.7509259259259259 0.6847165991902834 0.09259259259259259 0.09210526315789473
8 0.28379629629629627 0.5344129554655871 0.13796296296296295 0.12854251012145748
8 0.3162037037037037 0.27884615384615385 0.10740740740740741 0.10020242914979757
8 0.5976851851851852 0.19888663967611336 0.08333333333333333 0.18218623481781376
8 0.7106481481481481 0.3284412955465587 0.12222222222222222 0.07995951417004049
8 0.6606481481481481 0.5809716599190283 0.11481481481481481 0.13765182186234817
8 0.8111111111111111 0.5759109311740891 0.13333333333333333 0.09817813765182186
8 0.475 0.44534412955465585 0.15185185185185185 0.07894736842105263
8 0.14583333333333334 0.6265182186234818 0.058333333333333334 0.11639676113360324
8 0.4023148148148148 0.8299595141700404 0.09722222222222222 0.1396761133603239
7 0.8092592592592592 0.7373481781376519 0.11296296296296296 0.06376518218623482
7 0.2652777777777778 0.7935222672064778 0.12222222222222222 0.08906882591093117
8 0.47453703703703703 0.562753036437247 0.10092592592592593 0.10931174089068826
8 0.46111111111111114 0.28846153846153844 0.07314814814814814 0.09919028340080972