14 0.5111111111111111 0.5 0.9592592592592593 1
15 0.24768518518518517 0.3081983805668016 0.09074074074074075 0.09008097165991903
15 0.20601851851851852 0.5450404858299596 0.10555555555555556 0.11234817813765183
15 0.37777777777777777 0.3785425101214575 0.10092592592592593 0.12651821862348178
15 0.37453703703703706 0.1437246963562753 0.08888888888888889 0.08906882591093117
15 0.5953703703703703 0.1346153846153846 0.07222222222222222 0.06882591093117409
15 0.5731481481481482 0.30516194331983804 0.08888888888888889 0.09109311740890688
15 0.6833333333333333 0.4509109311740891 0.08611111111111111 0.09109311740890688
15 0.7337962962962963 0.2894736842105263 0.0824074074074074 0.09716599190283401
15 0.825462962962963 0.49898785425101216 0.09722222222222222 0.09817813765182186
15 0.5550925925925926 0.5526315789473685 0.09351851851851851 0.10931174089068826
15 0.3050925925925926 0.6740890688259109 0.11203703703703703 0.11336032388663968
15 0.45925925925925926 0.8137651821862348 0.11481481481481481 0.11437246963562753
15 0.4981481481481482 0.7201417004048583 0.10740740740740741 0.11538461538461539
15 0.7101851851851851 0.7373481781376519 0.10833333333333334 0.11133603238866396
8 0.28194444444444444 0.4848178137651822 0.15925925925925927 0.15688259109311742
8 0.3625 0.24190283400809717 0.12407407407407407 0.12246963562753037
8 0.6527777777777778 0.22773279352226722 0.11574074074074074 0.19736842105263158
8 0.7384259259259259 0.3800607287449393 0.13518518518518519 0.1062753036437247
8 0.6416666666666667 0.6158906882591093 0.1388888888888889 0.16093117408906882
8 0.7902777777777777 0.6447368421052632 0.14907407407407408 0.12651821862348178
8 0.4861111111111111 0.4407894736842105 0.1638888888888889 0.11234817813765183
8 0.12962962962962962 0.5430161943319838 0.07962962962962963 0.12753036437246965
8 0.3416666666666667 0.8006072874493927 0.12129629629629629 0.15890688259109312
7 0.7574074074074074 0.8026315789473685 0.12222222222222222 0.08805668016194332
7 0.21435185185185185 0.7338056680161943 0.1361111111111111 0.11538461538461539
8 0.46296296296296297 0.555161943319838 0.11944444444444445 0.12955465587044535
8 0.5018518518518519 0.2839068825910931 0.09074074074074075 0.11336032388663968