14 0.5 0.5583333333333333 1 0.8833333333333333
2 0.7652777777777777 0.7726851851851851 0.45185185185185184 0.32407407407407407
2 0.11666666666666667 0.2569444444444444 0.17222222222222222 0.12037037037037036
2 0.3458333333333333 0.23425925925925925 0.0962962962962963 0.08518518518518518
2 0.5333333333333333 0.2439814814814815 0.14444444444444443 0.08055555555555556
2 0.7282407407407407 0.27175925925925926 0.0962962962962963 0.07592592592592592
2 0.8379629629629629 0.33240740740740743 0.2518518518518518 0.07222222222222222
2 0.3074074074074074 0.5018518518518519 0.23796296296296296 0.12222222222222222
2 0.30694444444444446 0.7564814814814815 0.20925925925925926 0.17777777777777778
2 0.475462962962963 0.5925925925925926 0.10925925925925926 0.125
2 0.7361111111111112 0.5055555555555555 0.11944444444444445 0.08518518518518518
2 0.05092592592592592 0.6138888888888889 0.10185185185185185 0.09259259259259259
2 0.4305555555555556 0.3537037037037037 0.125 0.10925925925925926
2 0.6157407407407407 0.3476851851851852 0.18055555555555555 0.07407407407407407
2 0.5990740740740741 0.4300925925925926 0.1824074074074074 0.06574074074074074
2 0.43148148148148147 0.4263888888888889 0.10740740740740741 0.05092592592592592
2 0.27824074074074073 0.3300925925925926 0.12314814814814815 0.049074074074074076
2 0.0837962962962963 0.35833333333333334 0.15462962962962962 0.07777777777777778
2 0.8087962962962963 0.5893518518518519 0.10462962962962963 0.07962962962962963
2 0.9055555555555556 0.38842592592592595 0.08888888888888889 0.05277777777777778