14 0.5 0.5 1 1
9 0.31296296296296294 0.5268518518518519 0.1574074074074074 0.10277777777777777
9 0.2273148148148148 0.5513888888888889 0.09074074074074075 0.075
9 0.2273148148148148 0.40879629629629627 0.08425925925925926 0.07314814814814814
9 0.18472222222222223 0.3162037037037037 0.0712962962962963 0.062037037037037036
9 0.3851851851851852 0.4236111111111111 0.07685185185185185 0.06481481481481481
9 0.5407407407407407 0.5189814814814815 0.08981481481481482 0.08055555555555556
9 0.5513888888888889 0.37453703703703706 0.08425925925925926 0.1037037037037037
9 0.6962962962962963 0.5324074074074074 0.08611111111111111 0.08611111111111111
9 0.8611111111111112 0.5263888888888889 0.07592592592592592 0.06851851851851852
9 0.8384259259259259 0.6069444444444444 0.06296296296296296 0.07407407407407407
9 0.7379629629629629 0.7847222222222222 0.10277777777777777 0.09351851851851851
9 0.7398148148148148 0.4625 0.07962962962962963 0.06851851851851852
9 0.6092592592592593 0.1638888888888889 0.062037037037037036 0.062037037037037036
9 0.6268518518518519 0.21851851851851853 0.06111111111111111 0.06944444444444445
9 0.7138888888888889 0.16157407407407406 0.06851851851851852 0.05185185185185185
9 0.7134259259259259 0.2324074074074074 0.07037037037037037 0.05185185185185185
9 0.8800925925925925 0.2263888888888889 0.06574074074074074 0.058333333333333334
9 0.24351851851851852 0.20046296296296295 0.07777777777777778 0.07037037037037037
9 0.10231481481481482 0.2652777777777778 0.08148148148148149 0.07037037037037037
8 0.23981481481481481 0.6768518518518518 0.1685185185185185 0.15925925925925927
8 0.475 0.6449074074074074 0.1398148148148148 0.15925925925925927
8 0.6898148148148148 0.6361111111111111 0.2074074074074074 0.15462962962962962
8 0.7620370370370371 0.3402777777777778 0.21574074074074073 0.1287037037037037
8 0.3226851851851852 0.20555555555555555 0.09351851851851851 0.10648148148148148
8 0.2962962962962963 0.27175925925925926 0.1574074074074074 0.1175925925925926
8 0.5254629629629629 0.1865740740740741 0.0712962962962963 0.07407407407407407
8 0.5560185185185185 0.1287037037037037 0.06388888888888888 0.058333333333333334
8 0.8666666666666667 0.2967592592592593 0.09259259259259259 0.0824074074074074
12 0.9495370370370371 0.5555555555555556 0.10092592592592593 0.12962962962962962
12 0.9486111111111111 0.3416666666666667 0.10277777777777777 0.10740740740740741
12 0.5861111111111111 0.4444444444444444 0.14444444444444443 0.08425925925925926
12 0.36944444444444446 0.774537037037037 0.16574074074074074 0.19444444444444445
12 0.43333333333333335 0.06574074074074074 0.13055555555555556 0.07685185185185185
12 0.7958333333333333 0.21481481481481482 0.12222222222222222 0.09537037037037037
12 0.0875 0.36666666666666664 0.16111111111111112 0.15185185185185185
8 0.43842592592592594 0.1259259259259259 0.08333333333333333 0.07314814814814814
8 0.8930555555555556 0.4634259259259259 0.09259259259259259 0.07685185185185185
9 0.9166666666666666 0.7439814814814815 0.08055555555555556 0.0824074074074074
9 0.961574074074074 0.6314814814814815 0.05555555555555555 0.06944444444444445