14 0.5 0.5333333333333333 1 0.8325925925925926
2 0.27 0.3357851851851852 0.2129537037037037 0.12397037037037038
2 0.6165277777777778 0.25478518518518517 0.12644444444444444 0.10039259259259259
2 0.7871759259259259 0.3513777777777778 0.12359259259259259 0.08974814814814815
2 0.8175925925925925 0.4529111111111111 0.20344444444444446 0.06617037037037037
2 0.8598981481481482 0.618325925925926 0.21961111111111112 0.07605185185185186
2 0.22674074074074074 0.6460888888888889 0.2424259259259259 0.1254888888888889
2 0.4151296296296296 0.5586666666666668 0.12223148148148147 0.10419999999999999
2 0.6469074074074074 0.7334 0.18368518518518517 0.10099259259259259
2 0.6385555555555555 0.37591851851851854 0.12289814814814815 0.07534074074074074
2 0.48823148148148143 0.2257703703703704 0.10485185185185185 0.06488148148148148