14 0.6574074074074074 0.6361111111111111 0.6851851851851852 0.7277777777777777
8 0.38657407407407407 0.5087962962962963 0.0712962962962963 0.08888888888888889
8 0.5532407407407407 0.4648148148148148 0.08148148148148149 0.06018518518518518
8 0.5287037037037037 0.562037037037037 0.07037037037037037 0.08055555555555556
8 0.7319444444444444 0.7703703703703704 0.0787037037037037 0.09537037037037037
8 0.7171296296296297 0.5277777777777778 0.08333333333333333 0.12314814814814815
8 0.7847222222222222 0.3375 0.05185185185185185 0.08703703703703704
8 0.8773148148148148 0.35694444444444445 0.0712962962962963 0.0787037037037037
8 0.9268518518518518 0.45046296296296295 0.10277777777777777 0.0787037037037037
8 0.7129629629629629 0.38842592592592595 0.07592592592592592 0.049074074074074076
8 0.8328703703703704 0.7324074074074074 0.05277777777777778 0.09907407407407408
8 0.7736111111111111 0.9222222222222223 0.07314814814814814 0.08796296296296297
8 0.49907407407407406 0.8643518518518518 0.12314814814814815 0.12037037037037036
8 0.6856481481481481 0.9662037037037037 0.07037037037037037 0.05740740740740741
8 0.7675925925925926 0.6365740740740741 0.06388888888888888 0.05092592592592592
8 0.924074074074074 0.6712962962962963 0.046296296296296294 0.07407407407407407
8 0.5925925925925926 0.9328703703703703 0.06388888888888888 0.06666666666666667
8 0.8467592592592592 0.9810185185185185 0.07314814814814814 0.017592592592592594
8 0.9587962962962963 0.962037037037037 0.0824074074074074 0.046296296296296294