14 0.5 0.4706759259259259 1 0.8981481481481481
15 0.2731388888888889 0.2223425925925926 0.045453703703703704 0.07039814814814815
15 0.35557407407407404 0.22189814814814815 0.08199074074074074 0.08376851851851852
15 0.44825925925925925 0.1973888888888889 0.08020370370370371 0.05258333333333333
15 0.5748055555555556 0.17867592592592593 0.08199074074074074 0.06862037037037037
15 0.7049074074074073 0.24239814814814817 0.11406481481481481 0.06950925925925926
15 0.646537037037037 0.3408703703703704 0.08644444444444445 0.05613888888888889
15 0.5650000000000001 0.29720370370370375 0.06060185185185185 0.07396296296296295
15 0.38943518518518516 0.3399814814814815 0.09446296296296296 0.07039814814814815
15 0.1292222222222222 0.3774074074074074 0.09802777777777778 0.09713888888888889
15 0.30344444444444446 0.46028703703703705 0.11674074074074074 0.07039814814814815
15 0.47285185185185186 0.4940740740740741 0.12048148148148148 0.0773611111111111
15 0.7639166666666667 0.4507222222222222 0.08483333333333334 0.09425925925925925
15 0.605388888888889 0.5539814814814814 0.1191111111111111 0.0437037037037037
15 0.36503703703703705 0.5963981481481482 0.07883333333333334 0.10111111111111111