14 0.5 0.5 1 1
9 0.3275 0.5775277777777778 0.14508333333333334 0.0647962962962963
9 0.2521388888888889 0.624361111111111 0.07887962962962963 0.05563888888888889
9 0.21269444444444446 0.4877314814814815 0.0718425925925926 0.05563888888888889
9 0.14649074074074075 0.41025925925925927 0.06057407407407408 0.047185185185185184
9 0.3687037037037037 0.45814814814814814 0.06549999999999999 0.04859259259259259
9 0.544425925925926 0.5070925925925925 0.07606481481481482 0.06198148148148148
9 0.5148425925925926 0.3651759259259259 0.06198148148148148 0.08944444444444444
9 0.6976111111111111 0.4771666666666667 0.06972222222222221 0.06972222222222221
9 0.8543148148148147 0.42575 0.06338888888888888 0.05282407407407407
9 0.8546666666666667 0.5095648148148149 0.047185185185185184 0.06409259259259259
9 0.8071296296296296 0.7081759259259259 0.08592592592592592 0.07254629629629629
9 0.7200462962962962 0.3979259259259259 0.06761111111111111 0.05212037037037037
9 0.5126296296296297 0.1468425925925926 0.05000925925925926 0.05000925925925926
9 0.5443240740740741 0.1943888888888889 0.04577777777777778 0.05915740740740741
9 0.6122962962962962 0.11550925925925926 0.06057407407407408 0.036620370370370366
9 0.6313055555555555 0.18382407407407408 0.06338888888888888 0.036620370370370366
9 0.7897777777777778 0.13205555555555556 0.054935185185185184 0.04437037037037037
9 0.17104629629629628 0.28277777777777774 0.06549999999999999 0.054231481481481485
9 0.05310185185185185 0.3838425925925926 0.06896296296296296 0.05352777777777778
8 0.29874999999999996 0.7415092592592593 0.13863888888888887 0.12594444444444444
8 0.5159814814814815 0.6463148148148148 0.10641666666666667 0.13473148148148148
8 0.7200277777777778 0.578462962962963 0.18451851851851853 0.10837037037037038
8 0.7078240740740741 0.27434259259259264 0.20307407407407407 0.07614814814814815
8 0.24847222222222223 0.2660462962962963 0.07126851851851852 0.09079629629629629
8 0.24114814814814814 0.33682407407407405 0.1405925925925926 0.08200925925925925
8 0.4383611111111111 0.1918425925925926 0.05662962962962963 0.061509259259259264
8 0.45154629629629633 0.1274074074074074 0.05369444444444445 0.04588888888888889
8 0.7966666666666666 0.2035648148148148 0.07810185185185185 0.06346296296296297
12 0.9549629629629629 0.4276203703703704 0.09007407407407407 0.1093425925925926
12 0.8977222222222222 0.2211388888888889 0.10446296296296295 0.08103703703703703
12 0.5672407407407407 0.42274074074074075 0.1366851851851852 0.04881481481481481
12 0.45008333333333334 0.8000462962962962 0.12497222222222222 0.16686111111111113
12 0.3163240740740741 0.10104629629629629 0.12301851851851853 0.04393518518518519
12 0.7058703703703704 0.14449074074074075 0.10739814814814815 0.0683425925925926
12 0.06687962962962964 0.485712962962963 0.13375925925925927 0.12008333333333333
8 0.33761111111111114 0.15724074074074074 0.07026851851851852 0.05569444444444444
8 0.8675555555555556 0.35632407407407407 0.07991666666666666 0.05801851851851852
9 0.9679907407407408 0.6196018518518518 0.06402777777777778 0.06787037037037037
9 0.9800277777777778 0.4991851851851852 0.03994444444444444 0.06130555555555555