14 0.5 0.5 1 1
15 0.20185185185185187 0.30092592592592593 0.06481481481481481 0.08055555555555556
15 0.28055555555555556 0.2763888888888889 0.10277777777777777 0.10462962962962963
15 0.36203703703703705 0.22592592592592592 0.09166666666666666 0.07407407407407407
15 0.4777777777777778 0.17083333333333334 0.09814814814814815 0.08981481481481482
15 0.6208333333333333 0.1935185185185185 0.12962962962962962 0.1
15 0.5935185185185186 0.3050925925925926 0.09907407407407408 0.0787037037037037
15 0.5027777777777778 0.28703703703703703 0.07962962962962963 0.08888888888888889
15 0.3476851851851852 0.37916666666666665 0.1111111111111111 0.09537037037037037
15 0.10972222222222222 0.4912037037037037 0.12129629629629629 0.12129629629629629
15 0.300462962962963 0.5194444444444445 0.13240740740740742 0.10185185185185185
15 0.4722222222222222 0.5023148148148148 0.13796296296296295 0.10925925925925926
15 0.7379629629629629 0.37592592592592594 0.10925925925925926 0.11481481481481481
15 0.6166666666666667 0.5208333333333334 0.1259259259259259 0.07592592592592592
15 0.3990740740740741 0.6314814814814815 0.10462962962962963 0.11944444444444445