14 0.14660185185185187 0.2831759259259259 0.29321296296296295 0.5663518518518518
14 0.5300925925925926 0.3125 0.4706759259259259 0.5756203703703703
14 0.6473796296296296 0.6535462962962963 0.7052407407407407 0.6928981481481482
11 0.11805555555555555 0.3094166666666667 0.2361111111111111 0.2515462962962963
11 0.3805277777777778 0.1542962962962963 0.1730648148148148 0.1626388888888889
11 0.368537037037037 0.5223148148148148 0.14908333333333332 0.1501296296296296
11 0.6031111111111112 0.5499351851851851 0.21580555555555556 0.21163888888888888
11 0.7339444444444444 0.3758333333333333 0.1772314814814815 0.13449074074074074
11 0.46549074074074076 0.3669722222222222 0.1761851851851852 0.12301851851851853
11 0.8815648148148149 0.7276944444444444 0.2368611111111111 0.13552777777777777
13 0.15085185185185185 0.11807407407407407 0.12241666666666667 0.06843518518518518
13 0.040629629629629634 0.1530462962962963 0.08126851851851852 0.09887037037037037
13 0.1540648148148148 0.2908611111111111 0.11850925925925926 0.10361111111111111
13 0.23262037037037037 0.23939814814814817 0.09684259259259259 0.0900648148148148
13 0.3538425925925926 0.2441388888888889 0.11850925925925926 0.12257407407407407
13 0.4638888888888889 0.30677777777777776 0.10023148148148148 0.04740740740740741
13 0.4452685185185185 0.43374999999999997 0.11174074074074075 0.07923148148148147
13 0.4225833333333333 0.6274351851851852 0.0799074074074074 0.13205555555555556
13 0.6074629629629629 0.5068888888888889 0.05282407407407407 0.09277777777777778
13 0.649787037037037 0.5492222222222222 0.0535 0.08803703703703704
13 0.6030555555555556 0.5807129629629629 0.10225925925925926 0.10497222222222223
13 0.5156944444444445 0.34503703703703703 0.07516666666666667 0.07381481481481482
13 0.5177314814814815 0.21738888888888888 0.10090740740740742 0.07313888888888888
13 0.6331944444444445 0.26987037037037037 0.09616666666666666 0.07381481481481482
13 0.9331944444444444 0.43374999999999997 0.07855555555555556 0.0900648148148148
13 0.9453888888888888 0.5058796296296296 0.056888888888888885 0.046046296296296294
13 0.7716851851851851 0.4561018518518518 0.10497222222222223 0.06162962962962963
13 0.6166018518518518 0.7239444444444445 0.08464814814814815 0.09751851851851852
13 0.6982037037037037 0.6921111111111111 0.0799074074074074 0.10023148148148148
13 0.6714537037037037 0.7923425925925927 0.11987037037037038 0.09751851851851852
13 0.714462962962963 0.9176203703703704 0.1530462962962963 0.07042592592592593
13 0.8918888888888888 0.9682962962962963 0.12731481481481483 0.06341666666666666