14 0.49071 0.50357 0.91286 0.60714
11 0.33392 0.37783 0.10615999999999999 0.09747
11 0.54769 0.33585000000000004 0.13801 0.07720999999999999
11 0.73009 0.41451 0.11871 0.08395999999999999
11 0.24562 0.4893 0.13608 0.083
11 0.36239 0.61187 0.16888999999999998 0.09072
11 0.60125 0.52742 0.09844 0.07238
9 0.43789 0.35075 0.06833 0.04451
9 0.65543 0.3122 0.06708 0.06770999999999999
9 0.60277 0.43539 0.05579 0.062060000000000004
9 0.5162599999999999 0.40686 0.06081 0.04388
9 0.30029 0.43225 0.07147 0.05203
9 0.25672 0.55262 0.07711 0.045759999999999995
9 0.5184500000000001 0.5450900000000001 0.06645000000000001 0.05705
9 0.59399 0.62158 0.07586 0.05454
9 0.7660800000000001 0.51438 0.061439999999999995 0.05329
8 0.38429 0.5651499999999999 0.15422 0.09592
8 0.42536 0.47112 0.17115 0.06583
8 0.60998 0.5758099999999999 0.13165000000000002 0.05203
8 0.44604000000000005 0.29433 0.1561 0.05579
8 0.2329 0.3589 0.11095999999999999 0.09215999999999999
8 0.6692100000000001 0.40196 0.08236 0.09179999999999999
8 0.69433 0.5577000000000001 0.08679 0.07662000000000001
8 0.40718 0.37904000000000004 0.12951 0.055600000000000004