14 0.49867592592592597 0.6 0.6455 0.7257100000000001
8 0.4565740740740741 0.40272 0.08403703703703704 0.09915
8 0.6154814814814815 0.41035000000000005 0.06709259259259259 0.09915
8 0.3301574074074074 0.44467 0.08262962962962962 0.09915
8 0.29485185185185186 0.57853 0.06991666666666667 0.10144
8 0.5106018518518519 0.5293300000000001 0.0565 0.08848
8 0.607712962962963 0.59721 0.07556481481481482 0.0717
8 0.7048148148148149 0.56937 0.08050925925925927 0.11212000000000001
8 0.42197222222222225 0.6403099999999999 0.06709259259259259 0.07246
8 0.2930833333333333 0.6834 0.07344444444444444 0.06865
8 0.3940740740740741 0.80468 0.0748611111111111 0.07931999999999999
8 0.48270370370370375 0.7154400000000001 0.07838888888888888 0.10831
8 0.6172407407407408 0.7139099999999999 0.08475 0.08237
8 0.5455648148148149 0.81802 0.07838888888888888 0.07704000000000001
12 0.6322222222222221 0.48887 0.030009259259259256 0.03025
12 0.6926296296296296 0.43774 0.035055555555555555 0.0591
12 0.525888888888889 0.42574 0.032490740740740744 0.05172
12 0.42285185185185187 0.34355 0.02907407407407407 0.01755
12 0.3305 0.38326 0.019666666666666666 0.03509
12 0.3976203703703704 0.41673000000000004 0.0342037037037037 0.03925
12 0.3706851851851852 0.49593 0.04532407407407408 0.05079
12 0.2800462962962963 0.49777 0.017953703703703704 0.02678
12 0.3501666666666667 0.5455599999999999 0.02822222222222222 0.033710000000000004
12 0.38308333333333333 0.55203 0.03762037037037037 0.01986
12 0.4613240740740741 0.56565 0.029925925925925925 0.03048
12 0.3484537037037037 0.65246 0.02907407407407407 0.0785
12 0.4234907407407407 0.75382 0.03890740740740741 0.08635
12 0.5087870370370371 0.78937 0.02822222222222222 0.03925
12 0.5816851851851852 0.7584299999999999 0.020092592592592592 0.02817
12 0.6768148148148149 0.69217 0.033351851851851855 0.03602
12 0.7140092592592593 0.6586900000000001 0.03762037037037037 0.04387
12 0.7362407407407408 0.61714 0.018814814814814815 0.030940000000000002
12 0.5953611111111111 0.64577 0.0295 0.02632
12 0.5489722222222222 0.63261 0.041046296296296296 0.027710000000000002
12 0.508537037037037 0.6455700000000001 0.03581481481481481 0.03138
12 0.4333611111111111 0.6895399999999999 0.02061111111111111 0.02591
12 0.4933888888888889 0.49157999999999996 0.03426851851851852 0.03986
12 0.7363518518518518 0.39621 0.02636111111111111 0.03227
12 0.3600462962962963 0.39146 0.03119444444444444 0.01803