14 0.49074074074074076 0.5995 0.7018518518518518 0.784
8 0.4648148148148148 0.399 0.09074074074074075 0.107
8 0.6222222222222222 0.4215 0.075 0.105
8 0.3351851851851852 0.429 0.08981481481481482 0.106
8 0.28935185185185186 0.559 0.07777777777777778 0.107
8 0.5083333333333333 0.53 0.06388888888888888 0.094
8 0.5995370370370371 0.607 0.08055555555555556 0.079
8 0.6986111111111111 0.5885 0.08888888888888889 0.119
8 0.4111111111111111 0.6325 0.07222222222222222 0.079
8 0.2791666666666667 0.663 0.0787037037037037 0.076
8 0.3699074074074074 0.7935 0.08148148148148149 0.086
8 0.4652777777777778 0.713 0.08703703703703704 0.116
8 0.5995370370370371 0.724 0.09074074074074075 0.09
8 0.5199074074074074 0.821 0.08425925925925926 0.084
12 0.6324074074074074 0.5015 0.032407407407407406 0.033
12 0.6967592592592593 0.456 0.03981481481481482 0.062
12 0.5319444444444444 0.4285 0.037037037037037035 0.055
12 0.4356481481481482 0.337 0.02962962962962963 0.02
12 0.34074074074074073 0.3675 0.023148148148148147 0.037
12 0.4046296296296296 0.4075 0.037037037037037035 0.042
12 0.3712962962962963 0.484 0.049074074074074076 0.054
12 0.2810185185185185 0.477 0.019444444444444445 0.029
12 0.3472222222222222 0.5315 0.030555555555555555 0.036
12 0.37916666666666665 0.541 0.03888888888888889 0.023
12 0.45601851851851855 0.562 0.032407407407407406 0.034
12 0.3365740740740741 0.6375 0.03518518518518519 0.081
12 0.40324074074074073 0.7455 0.04537037037037037 0.089
12 0.48518518518518516 0.789 0.03148148148148148 0.042
12 0.5606481481481481 0.765 0.022222222222222223 0.031
12 0.6606481481481481 0.708 0.03611111111111111 0.039
12 0.700462962962963 0.678 0.040740740740740744 0.047
12 0.725925925925926 0.639 0.021296296296296296 0.033
12 0.5833333333333334 0.654 0.03148148148148148 0.029
12 0.537962962962963 0.6365 0.04259259259259259 0.031
12 0.49675925925925923 0.646 0.03796296296296296 0.034
12 0.4185185185185185 0.6825 0.022222222222222223 0.027
12 0.49398148148148147 0.491 0.037037037037037035 0.043
12 0.7439814814814815 0.419 0.028703703703703703 0.034
12 0.36944444444444446 0.3785 0.032407407407407406 0.021