14 0.5412037037037037 0.5228690228690228 0.7722222222222223 0.841995841995842
5 0.31805555555555554 0.3970893970893971 0.07407407407407407 0.11226611226611227
5 0.4125 0.6517671517671517 0.08333333333333333 0.11538461538461539
5 0.4912037037037037 0.6663201663201663 0.046296296296296294 0.079002079002079
5 0.41712962962962963 0.409043659043659 0.03611111111111111 0.04573804573804574
5 0.3972222222222222 0.3622661122661123 0.046296296296296294 0.0498960498960499
5 0.4810185185185185 0.2697505197505197 0.04722222222222222 0.062370062370062374
5 0.6574074074074074 0.4802494802494803 0.0824074074074074 0.07276507276507277
5 0.5504629629629629 0.6107068607068608 0.06111111111111111 0.07692307692307693
5 0.7175925925925926 0.6725571725571725 0.04722222222222222 0.0945945945945946
5 0.45092592592592595 0.5197505197505198 0.06666666666666667 0.0945945945945946
5 0.5254629629629629 0.4792099792099792 0.049074074074074076 0.05301455301455302