14 0.5 0.5194444444444445 1 0.7611111111111111
11 0.4597222222222222 0.6631944444444444 0.3333333333333333 0.19305555555555556
11 0.7208333333333333 0.4708333333333333 0.26944444444444443 0.13333333333333333
11 0.8298611111111112 0.32430555555555557 0.24861111111111112 0.0875
11 0.8458333333333333 0.2125 0.18888888888888888 0.05277777777777778
11 0.6006944444444444 0.18333333333333332 0.16527777777777777 0.058333333333333334
11 0.33402777777777776 0.20208333333333334 0.18472222222222223 0.04027777777777778
11 0.4888888888888889 0.2590277777777778 0.21388888888888888 0.07083333333333333
11 0.08611111111111111 0.25416666666666665 0.17222222222222222 0.09166666666666666
11 0.2902777777777778 0.3527777777777778 0.24444444444444444 0.08888888888888889
11 0.04791666666666667 0.3701388888888889 0.09583333333333334 0.08472222222222223
11 0.09722222222222222 0.5458333333333333 0.19444444444444445 0.16111111111111112
12 0.8708333333333333 0.5797222222222221 0.13847222222222222 0.08175
12 0.3386527777777778 0.5480277777777778 0.11677777777777777 0.08841666666666666
12 0.5146527777777778 0.4037222222222222 0.06673611111111111 0.048374999999999994
12 0.047125 0.42165277777777777 0.09425 0.06255555555555556
12 0.2615 0.2740138888888889 0.07256944444444445 0.040875