14 0.5226851851851851 0.578 0.7972222222222223 0.844
8 0.43472222222222223 0.418 0.10462962962962963 0.119
8 0.5902777777777778 0.381 0.08888888888888889 0.115
8 0.3226851851851852 0.494 0.1037037037037037 0.119
8 0.32083333333333336 0.633 0.09166666666666666 0.117
8 0.5171296296296296 0.5255 0.07592592592592592 0.102
8 0.6273148148148148 0.564 0.08981481481481482 0.09
8 0.7143518518518519 0.51 0.10462962962962963 0.131
8 0.4583333333333333 0.6575 0.0824074074074074 0.089
8 0.3439814814814815 0.735 0.08703703703703704 0.087
8 0.4708333333333333 0.824 0.09166666666666666 0.097
8 0.5347222222222222 0.713 0.10185185185185185 0.127
8 0.6643518518518519 0.674 0.10092592592592593 0.103
8 0.6203703703703703 0.7945 0.09444444444444444 0.096
12 0.625 0.4525 0.03611111111111111 0.037
12 0.6712962962962963 0.386 0.04814814814814815 0.067
12 0.5074074074074074 0.421 0.044444444444444446 0.059
12 0.38796296296296295 0.3705 0.03148148148148148 0.025
12 0.30833333333333335 0.4345 0.027777777777777776 0.039
12 0.38101851851851853 0.448 0.04259259259259259 0.047
12 0.37407407407407406 0.532 0.05555555555555555 0.061
12 0.28703703703703703 0.5595 0.023148148148148147 0.031
12 0.3662037037037037 0.586 0.03518518518518519 0.04
12 0.399537037037037 0.583 0.041666666666666664 0.03
12 0.47824074074074074 0.574 0.03611111111111111 0.038
12 0.3902777777777778 0.6895 0.046296296296296294 0.084
12 0.48703703703703705 0.7665 0.058333333333333334 0.094
12 0.5777777777777777 0.777 0.037037037037037035 0.046
12 0.6407407407407407 0.727 0.026851851851851852 0.033
12 0.7166666666666667 0.636 0.040740740740740744 0.044
12 0.7449074074074075 0.5935 0.046296296296296294 0.053
12 0.7564814814814815 0.547 0.025 0.035
12 0.6268518518518519 0.614 0.03518518518518519 0.033
12 0.5791666666666667 0.6145 0.046296296296296294 0.038
12 0.5430555555555555 0.638 0.04259259259259259 0.04
12 0.4810185185185185 0.7015 0.025925925925925925 0.03
12 0.49166666666666664 0.4935 0.04259259259259259 0.048
12 0.7032407407407407 0.3335 0.032407407407407406 0.038
12 0.3388888888888889 0.4345 0.03425925925925926 0.026