14 0.5 0.5 1 1
11 0.5152777777777777 0.6673611111111111 0.37777777777777777 0.2916666666666667
11 0.6993055555555555 0.40069444444444446 0.2986111111111111 0.21388888888888888
11 0.7548611111111111 0.2263888888888889 0.2638888888888889 0.1638888888888889
11 0.7333333333333333 0.11527777777777778 0.19583333333333333 0.1111111111111111
11 0.49236111111111114 0.16805555555555557 0.175 0.10833333333333334
11 0.24583333333333332 0.2722222222222222 0.1875 0.09861111111111111
11 0.4111111111111111 0.27569444444444446 0.225 0.1361111111111111
11 0.0625 0.40208333333333335 0.125 0.14305555555555555
11 0.2534722222222222 0.42916666666666664 0.25972222222222224 0.1638888888888889
11 0.044444444444444446 0.5236111111111111 0.08888888888888889 0.1111111111111111
11 0.13402777777777777 0.6743055555555556 0.2361111111111111 0.2152777777777778
12 0.8763888888888889 0.4548611111111111 0.15833333333333333 0.12222222222222222
12 0.36319444444444443 0.5979166666666667 0.1388888888888889 0.12083333333333333
12 0.4826388888888889 0.4041666666666667 0.07916666666666666 0.06805555555555555
12 0.05 0.5736111111111111 0.1 0.08888888888888889
12 0.20069444444444445 0.3638888888888889 0.08194444444444444 0.06111111111111111