14 0.5 0.6990740740740741 1 0.6018518518518519
11 0.09717592592592593 0.5427870370370371 0.10225925925925926 0.06839814814814815
11 0.2671574074074074 0.5461759259259259 0.10090740740740742 0.056212962962962965
11 0.37889814814814815 0.4784537037037037 0.10361111111111111 0.07246296296296297
11 0.5031666666666667 0.48048148148148145 0.10428703703703704 0.033185185185185186
11 0.59425 0.4581296296296296 0.07652777777777778 0.03725
11 0.7141111111111111 0.49121296296296296 0.09916666666666667 0.040777777777777774
11 0.8035185185185185 0.5423981481481481 0.11426851851851852 0.04468518518518518
11 0.8873888888888889 0.5943981481481482 0.12378703703703703 0.04321296296296297
11 0.8749351851851851 0.7116018518518519 0.13697222222222222 0.0959537037037037
11 0.6907222222222222 0.5713333333333332 0.10987037037037037 0.054203703703703705
11 0.555212962962963 0.58525 0.11426851851851852 0.04541666666666666
11 0.6138148148148148 0.5112685185185185 0.09962037037037037 0.0483425925925926
11 0.41458333333333336 0.5493518518518518 0.09522222222222222 0.054203703703703705
11 0.36330555555555555 0.6266296296296296 0.1186574074074074 0.06372222222222222
11 0.22047222222222224 0.6160092592592592 0.12305555555555556 0.054203703703703705
11 0.30214814814814817 0.7240462962962964 0.12964814814814815 0.0959537037037037
11 0.6581296296296296 0.6713148148148148 0.1311111111111111 0.07544444444444445
11 0.7134259259259259 0.826962962962963 0.16847222222222222 0.1274537037037037
11 0.4783055555555556 0.8778703703703704 0.1699351851851852 0.12525
11 0.4610925925925926 0.7299074074074073 0.13550925925925925 0.08276851851851852
11 0.18018518518518517 0.8507685185185185 0.16553703703703704 0.11792592592592592