14 0.5 0.51875 1 0.8930555555555556
11 0.4826388888888889 0.6673611111111111 0.35694444444444445 0.2375
11 0.7145833333333333 0.44027777777777777 0.2847222222222222 0.16944444444444445
11 0.8020833333333334 0.2798611111111111 0.25833333333333336 0.12083333333333333
11 0.8027777777777778 0.1673611111111111 0.19444444444444445 0.07916666666666666
11 0.5555555555555556 0.17222222222222222 0.17222222222222222 0.08055555555555556
11 0.29444444444444445 0.22777777777777777 0.18888888888888888 0.06527777777777778
11 0.45555555555555555 0.26319444444444445 0.2222222222222222 0.1
11 0.07361111111111111 0.31319444444444444 0.14722222222222223 0.11527777777777778
11 0.27152777777777776 0.38333333333333336 0.25416666666666665 0.12222222222222222
11 0.04375 0.43333333333333335 0.0875 0.09722222222222222
11 0.1076388888888889 0.6013888888888889 0.2152777777777778 0.18611111111111112
12 0.8784722222222222 0.5270833333333333 0.1486111111111111 0.1
12 0.3472222222222222 0.5701388888888889 0.12777777777777777 0.10277777777777777
12 0.5013888888888889 0.4027777777777778 0.07222222222222222 0.05694444444444444
12 0.04513888888888889 0.4847222222222222 0.09027777777777778 0.075
12 0.2326388888888889 0.30972222222222223 0.07777777777777778 0.05