14 0.5 0.507712962962963 1 0.9845648148148147
15 0.1550462962962963 0.31660185185185186 0.12360185185185187 0.23202777777777778
15 0.8337777777777778 0.25859259259259254 0.1908240740740741 0.20709259259259258
15 0.7595092592592593 0.7633055555555556 0.16805555555555557 0.18432407407407406
15 0.37460185185185185 0.5735648148148148 0.1919074074074074 0.1626388888888889
15 0.40767592592592594 0.8988333333333334 0.2407037037037037 0.1322777777777778
6 0.18806481481481482 0.46567592592592594 0.029305555555555553 0.04070370370370371
6 0.15305555555555556 0.5833148148148148 0.03256481481481482 0.03337962962962963
6 0.33582407407407405 0.5987870370370371 0.02849074074074074 0.03988888888888889
6 0.4229351851851852 0.5308055555555555 0.04803703703703704 0.05699074074074074
6 0.5133055555555556 0.39525925925925925 0.020351851851851854 0.03337962962962963
6 0.39444444444444443 0.30977777777777776 0.02849074074074074 0.03175
6 0.6052962962962963 0.28738888888888886 0.02687037037037037 0.019537037037037037
6 0.6350185185185185 0.30814814814814817 0.021166666666666667 0.03175
6 0.6842685185185186 0.4009537037037037 0.02849074074074074 0.03175
6 0.8865833333333333 0.38263888888888886 0.03256481481481482 0.029305555555555553
6 0.22510185185185186 0.11194444444444444 0.03337962962962963 0.03337962962962963
6 0.265 0.11723148148148148 0.03337962962962963 0.022796296296296297
6 0.3366388888888889 0.11072222222222222 0.03175 0.037453703703703704
9 0.4909722222222222 0.4708981481481481 0.05673148148148149 0.05499074074074074
9 0.6288796296296297 0.6598703703703703 0.05848148148148148 0.061101851851851845
9 0.5734537037037037 0.7497685185185186 0.06633333333333333 0.09077777777777778
9 0.6075 0.9164814814814815 0.05237037037037037 0.05586111111111111
9 0.5553703703703703 0.3728518518518519 0.04382407407407407 0.04696296296296296
9 0.5134166666666666 0.40071296296296294 0.053842592592592595 0.05510185185185185
9 0.2538888888888889 0.5030925925925926 0.05071296296296297 0.045703703703703705
9 0.7936111111111112 0.43389814814814814 0.06198148148148148 0.057601851851851855
7 0.3063425925925926 0.3672037037037037 0.0884537037037037 0.10468518518518519
7 0.48870370370370364 0.1734814814814815 0.07824074074074074 0.12890740740740741
7 0.6746944444444444 0.13307407407407407 0.08465740740740742 0.10453703703703704
7 0.6031851851851853 0.2946944444444444 0.12762962962962962 0.11223148148148147
7 0.4951203703703704 0.39699074074074076 0.06926851851851852 0.08850925925925926
7 0.3867314814814815 0.46721296296296294 0.11415740740740742 0.16225925925925927
7 0.2546111111111111 0.5688703703703704 0.13212037037037036 0.07054629629629629
7 0.8446481481481481 0.5566851851851852 0.11672222222222223 0.09876851851851852
7 0.6378148148148148 0.6256296296296295 0.1558425925925926 0.09555555555555556
7 0.4354722222222222 0.7894907407407408 0.13468518518518519 0.08465740740740742
7 0.663787037037037 0.7538981481481482 0.10646296296296297 0.13788888888888887
7 0.8398333333333333 0.36171296296296296 0.14558333333333331 0.07952777777777778
7 0.4276759259259259 0.29324999999999996 0.13785185185185184 0.10702777777777778