14 0.5 0.5 1 1
4 0.31342592592592594 0.2587962962962963 0.14814814814814814 0.14351851851851852
4 0.47175925925925927 0.3337962962962963 0.08888888888888889 0.08796296296296297
4 0.5407407407407407 0.449537037037037 0.15185185185185185 0.15462962962962962
4 0.6759259259259259 0.4115740740740741 0.14166666666666666 0.1259259259259259
4 0.6921296296296297 0.19907407407407407 0.2111111111111111 0.1527777777777778
4 0.5726851851851852 0.2712962962962963 0.10648148148148148 0.10740740740740741
4 0.5888888888888889 0.6393518518518518 0.14351851851851852 0.14074074074074075
4 0.3648148148148148 0.6518518518518519 0.15925925925925927 0.18518518518518517
4 0.33935185185185185 0.4828703703703704 0.14814814814814814 0.14074074074074075
4 0.22870370370370371 0.4759259259259259 0.11296296296296296 0.10648148148148148