14 0.5 0.4962962962962963 1 0.7348148148148148
11 0.38425925925925924 0.24962962962962962 0.1574074074074074 0.09851851851851852
11 0.6824074074074075 0.26555555555555554 0.14351851851851852 0.10074074074074074
11 0.7796296296296297 0.32851851851851854 0.07962962962962963 0.07925925925925927
11 0.5087962962962963 0.6507407407407407 0.21481481481481482 0.13925925925925925
11 0.6953703703703704 0.67 0.14166666666666666 0.1
11 0.7912037037037037 0.6196296296296296 0.16944444444444445 0.11333333333333333
11 0.8694444444444445 0.5366666666666666 0.1287037037037037 0.09925925925925926
11 0.8425925925925926 0.4211111111111111 0.14166666666666666 0.10518518518518519
11 0.2101851851851852 0.5596296296296296 0.18703703703703703 0.15555555555555556
11 0.23333333333333334 0.6559259259259259 0.125 0.11259259259259259
11 0.1763888888888889 0.38592592592592595 0.17407407407407408 0.11037037037037037
11 0.16018518518518518 0.44962962962962966 0.14537037037037037 0.047407407407407405
12 0.26481481481481484 0.2825925925925926 0.12314814814814815 0.08222222222222222
12 0.3527777777777778 0.3937037037037037 0.15925925925925927 0.10592592592592592
12 0.49166666666666664 0.38407407407407407 0.11574074074074074 0.12296296296296297
8 0.4912037037037037 0.5188888888888888 0.39444444444444443 0.15851851851851853
8 0.6837962962962963 0.4022222222222222 0.14722222222222223 0.07185185185185185
11 0.38101851851851853 0.32814814814814813 0.12685185185185185 0.054814814814814816