14 0.5 0.5 1 1
11 0.3971518987341772 0.7568565400843882 0.22573839662447256 0.19514767932489452
11 0.1571729957805907 0.8064345991561181 0.16561181434599156 0.14135021097046413
11 0.2563291139240506 0.6070675105485233 0.17405063291139242 0.15611814345991562
11 0.1360759493670886 0.510548523206751 0.15084388185654007 0.12974683544303797
11 0.734704641350211 0.285337552742616 0.1719409282700422 0.11708860759493671
11 0.02531645569620253 0.32489451476793246 0.05063291139240506 0.05907172995780591
11 0.19831223628691982 0.39345991561181437 0.16033755274261605 0.10548523206751055
11 0.479957805907173 0.17827004219409281 0.11392405063291139 0.07805907172995781
6 0.45516877637130804 0.36603375527426163 0.12025316455696203 0.07805907172995781
6 0.04272151898734177 0.5479957805907173 0.08544303797468354 0.09599156118143459
6 0.11339662447257384 0.620253164556962 0.10654008438818566 0.08649789029535865
6 0.2568565400843882 0.6455696202531646 0.15084388185654007 0.11814345991561181
6 0.27689873417721517 0.8190928270042194 0.10021097046413502 0.06751054852320675
9 0.459915611814346 0.7368143459915611 0.043248945147679324 0.04430379746835443
9 0.49050632911392406 0.5838607594936709 0.1308016877637131 0.08755274261603375
9 0.6366033755274262 0.6044303797468354 0.08649789029535865 0.07172995780590717
9 0.7252109704641351 0.5469409282700421 0.22257383966244726 0.14135021097046413
9 0.6408227848101266 0.439873417721519 0.169831223628692 0.11075949367088607
9 0.6366033755274262 0.36445147679324896 0.15611814345991562 0.09915611814345991
9 0.8016877637130801 0.3470464135021097 0.07911392405063292 0.09599156118143459
9 0.375 0.274789029535865 0.1909282700421941 0.11814345991561181
9 0.1640295358649789 0.31329113924050633 0.12869198312236288 0.07383966244725738
9 0.2779535864978903 0.2320675105485232 0.11392405063291139 0.07383966244725738
9 0.37816455696202533 0.5174050632911392 0.10548523206751055 0.10021097046413502
9 0.2979957805907173 0.41455696202531644 0.06962025316455696 0.06223628691983123
9 0.5458860759493671 0.254746835443038 0.04746835443037975 0.04219409282700422
9 0.630801687763713 0.20622362869198313 0.049578059071729956 0.05063291139240506
9 0.6165611814345991 0.29641350210970463 0.05590717299578059 0.046413502109704644
9 0.5205696202531646 0.4008438818565401 0.0379746835443038 0.0379746835443038
9 0.4393459915611814 0.41455696202531644 0.052742616033755275 0.04746835443037975
9 0.1271097046413502 0.2510548523206751 0.04219409282700422 0.043248945147679324
9 0.04008438818565401 0.2289029535864979 0.0580168776371308 0.049578059071729956
9 0.3059071729957806 0.1529535864978903 0.05063291139240506 0.0379746835443038
9 0.4340717299578059 0.1518987341772152 0.08544303797468354 0.056962025316455694
9 0.5416666666666666 0.15928270042194093 0.04852320675105485 0.04219409282700422
9 0.5168776371308017 0.20094936708860758 0.05063291139240506 0.03481012658227848
11 0.41824894514767935 0.46729957805907174 0.14873417721518986 0.10337552742616034