14 0.5 0.5 1 1
15 0.5449074074074074 0.19074074074074074 0.14814814814814814 0.14814814814814814
15 0.17407407407407408 0.5745370370370371 0.18703703703703703 0.20277777777777778
15 0.27685185185185185 0.7583333333333333 0.23333333333333334 0.262037037037037
15 0.6125 0.6148148148148148 0.09907407407407408 0.10462962962962963
9 0.38472222222222224 0.17824074074074073 0.05925925925925926 0.06481481481481481
9 0.7106481481481481 0.3912037037037037 0.06944444444444445 0.07314814814814814
9 0.7324074074074074 0.27685185185185185 0.06851851851851852 0.06574074074074074
7 0.4583333333333333 0.5893518518518519 0.08055555555555556 0.0787037037037037
7 0.3402777777777778 0.5254629629629629 0.07962962962962963 0.08611111111111111
7 0.5277777777777778 0.6620370370370371 0.06574074074074074 0.07685185185185185