14 0.49992187499999996 0.52175 0.999828125 0.9541875
11 0.244328125 0.5406718749999999 0.09862499999999999 0.094078125
11 0.229 0.423453125 0.09225 0.07145312499999999
11 0.38903125 0.604640625 0.089390625 0.08657812499999999
11 0.28803125 0.6761250000000001 0.11309374999999999 0.0871875
11 0.139578125 0.75484375 0.104375 0.091859375
11 0.12596875000000002 0.560359375 0.101484375 0.084828125
11 0.11121875 0.40232812500000004 0.08932812500000001 0.088234375
11 0.186453125 0.305671875 0.059250000000000004 0.096296875
11 0.2634375 0.325921875 0.081265625 0.095140625
11 0.37107812500000004 0.25792187499999997 0.09517187499999999 0.101484375
11 0.306265625 0.1809375 0.09053125 0.09334375
11 0.44053125 0.129125 0.08825 0.090421875
11 0.5481874999999999 0.2396875 0.102171875 0.096265625
11 0.40928125 0.364421875 0.116015625 0.099203125
11 0.5866718750000001 0.434171875 0.09928125 0.09634374999999999
11 0.66596875 0.35920312499999996 0.10509375000000001 0.09573437500000001
11 0.6694375 0.22521874999999997 0.11203125 0.09509375
11 0.621109375 0.11754687500000001 0.07440625 0.08115625
11 0.786640625 0.210734375 0.106859375 0.10782812500000001
11 0.86390625 0.33403125 0.12596875000000002 0.10440624999999999
11 0.87809375 0.522734375 0.116140625 0.127640625
11 0.703296875 0.51346875 0.12071875000000001 0.1160625
11 0.6593125 0.66859375 0.10914062499999999 0.12076562500000002
11 0.8543593749999999 0.6703281249999999 0.138125 0.0895
11 0.6593125 0.8555624999999999 0.116078125 0.11968749999999999
11 0.47584375 0.73515625 0.124140625 0.121953125
11 0.49204687500000005 0.8897187499999999 0.10793749999999999 0.1324375
11 0.268640625 0.874375 0.09862499999999999 0.119109375
11 0.507625 0.562328125 0.118984375 0.095953125