14 0.5 0.4955555555555556 1 0.8118518518518518
11 0.26296296296296295 0.3125925925925926 0.16574074074074074 0.11037037037037037
11 0.5416666666666666 0.22555555555555556 0.1537037037037037 0.1111111111111111
11 0.662962962962963 0.25037037037037035 0.08888888888888889 0.0837037037037037
11 0.5875 0.6337037037037037 0.22685185185185186 0.15481481481481482
11 0.7671296296296296 0.5877777777777777 0.15092592592592594 0.10962962962962963
11 0.8268518518518518 0.51 0.17962962962962964 0.12518518518518518
11 0.8541666666666666 0.40814814814814815 0.1388888888888889 0.10814814814814815
11 0.7685185185185185 0.3125925925925926 0.15185185185185185 0.11481481481481481
11 0.2689814814814815 0.6522222222222223 0.20277777777777778 0.1674074074074074
11 0.34074074074074073 0.7314814814814815 0.13703703703703704 0.12
11 0.14629629629629629 0.5062962962962962 0.18425925925925926 0.12296296296296297
11 0.16527777777777777 0.5692592592592592 0.14537037037037037 0.06
12 0.17175925925925925 0.3825925925925926 0.13055555555555556 0.09037037037037036
12 0.3106481481481482 0.4533333333333333 0.1685185185185185 0.11703703703703704
12 0.43148148148148147 0.3977777777777778 0.12962962962962962 0.1288888888888889
8 0.5018518518518519 0.5203703703703704 0.4009259259259259 0.19111111111111112
8 0.6148148148148148 0.34925925925925927 0.15185185185185185 0.0837037037037037
11 0.3013888888888889 0.3844444444444444 0.12962962962962962 0.06518518518518518