14 0.5 0.5 1 1
11 0.2671875 0.61328125 0.121875 0.11875
11 0.21875 0.50625 0.109375 0.0953125
11 0.42421875 0.6328125 0.1125 0.109375
11 0.3484375 0.73046875 0.134375 0.1171875
11 0.2296875 0.84921875 0.1265625 0.1171875
11 0.16015625 0.6671875 0.121875 0.1109375
11 0.1 0.5203125 0.1109375 0.1109375
11 0.14296875 0.40546875 0.084375 0.109375
11 0.22265625 0.40234375 0.10625 0.115625
11 0.30625 0.30625 0.1203125 0.125
11 0.22109375 0.2515625 0.1140625 0.115625
11 0.334375 0.1625 0.1109375 0.1125
11 0.4703125 0.23671875 0.1265625 0.121875
11 0.3734375 0.396875 0.140625 0.1296875
11 0.56328125 0.41171875 0.121875 0.121875
11 0.6171875 0.3171875 0.128125 0.1234375
11 0.58203125 0.1875 0.134375 0.1234375
11 0.50390625 0.09921875 0.09375 0.1
11 0.68984375 0.13984375 0.134375 0.134375
11 0.79921875 0.23515625 0.15 0.1359375
11 0.86796875 0.4109375 0.1484375 0.1546875
11 0.6984375 0.453125 0.15 0.146875
11 0.7015625 0.61484375 0.140625 0.1484375
11 0.8890625 0.559375 0.1578125 0.1265625
11 0.75625 0.79375 0.1453125 0.1484375
11 0.5453125 0.73203125 0.1546875 0.153125
11 0.60625 0.875 0.1421875 0.1578125
11 0.38828125 0.92578125 0.1296875 0.14375
11 0.52578125 0.55703125 0.1421875 0.1265625