14 0.5 0.5 1 1
11 0.375 0.7468354430379747 0.21835443037974683 0.18248945147679324
11 0.13185654008438819 0.7753164556962026 0.16033755274261605 0.13185654008438819
11 0.2478902953586498 0.5854430379746836 0.16772151898734178 0.14662447257383968
11 0.1360759493670886 0.47890295358649787 0.14662447257383968 0.12236286919831224
11 0.7526371308016878 0.3069620253164557 0.169831223628692 0.10548523206751055
11 0.03375527426160337 0.28322784810126583 0.06751054852320675 0.05379746835443038
11 0.20833333333333334 0.36761603375527424 0.15928270042194093 0.0938818565400844
11 0.5079113924050633 0.17774261603375527 0.11286919831223628 0.07067510548523206
6 0.46677215189873417 0.3628691983122363 0.11919831223628692 0.06962025316455696
6 0.04008438818565401 0.5079113924050633 0.08016877637130802 0.09177215189873418
6 0.10443037974683544 0.5864978902953587 0.10337552742616034 0.08016877637130802
6 0.24525316455696203 0.6239451476793249 0.14662447257383968 0.10864978902953587
6 0.25 0.7985232067510548 0.09915611814345991 0.06118143459915612
9 0.4393459915611814 0.7320675105485233 0.04113924050632911 0.04219409282700422
9 0.4831223628691983 0.5828059071729957 0.12974683544303797 0.07805907172995781
9 0.6265822784810127 0.6160337552742616 0.08438818565400844 0.06751054852320675
9 0.7199367088607594 0.5664556962025317 0.22151898734177214 0.12658227848101267
9 0.6455696202531646 0.4525316455696203 0.16877637130801687 0.09915611814345991
9 0.6482067510548524 0.37658227848101267 0.1550632911392405 0.08755274261603375
9 0.8138185654008439 0.3739451476793249 0.07383966244725738 0.09282700421940929
9 0.395042194092827 0.26476793248945146 0.1909282700421941 0.10548523206751055
9 0.1819620253164557 0.2848101265822785 0.12869198312236288 0.06434599156118144
9 0.3022151898734177 0.21360759493670886 0.11286919831223628 0.06540084388185655
9 0.3771097046413502 0.5063291139240507 0.10126582278481013 0.0949367088607595
9 0.30643459915611815 0.3971518987341772 0.06751054852320675 0.05907172995780591
9 0.5669831223628692 0.25949367088607594 0.04535864978902954 0.04008438818565401
9 0.6555907172995781 0.21888185654008438 0.04746835443037975 0.04852320675105485
9 0.6339662447257384 0.30748945147679324 0.05379746835443038 0.043248945147679324
9 0.5290084388185654 0.4029535864978903 0.035864978902953586 0.035864978902953586
9 0.4467299578059072 0.4098101265822785 0.05063291139240506 0.04430379746835443
9 0.15031645569620253 0.2199367088607595 0.04008438818565401 0.04219409282700422
9 0.06540084388185655 0.189873417721519 0.056962025316455694 0.04535864978902954
9 0.3370253164556962 0.13765822784810128 0.049578059071729956 0.035864978902953586
9 0.464662447257384 0.14767932489451477 0.08438818565400844 0.05063291139240506
9 0.5712025316455697 0.1640295358649789 0.04746835443037975 0.039029535864978905
9 0.5432489451476793 0.20358649789029537 0.05063291139240506 0.03164556962025317
11 0.42141350210970463 0.46044303797468356 0.14662447257383968 0.0938818565400844
11 0.023206751054852322 0.19567510548523206 0.046413502109704644 0.10864978902953587