14 0.5 0.5277777777777778 1 0.9444444444444444
15 0.5925925925925926 0.20185185185185187 0.13148148148148148 0.13148148148148148
15 0.16666666666666666 0.5226851851851851 0.16296296296296298 0.1824074074074074
15 0.23935185185185184 0.7203703703703703 0.20092592592592592 0.23703703703703705
15 0.5930555555555556 0.6310185185185185 0.08703703703703704 0.09351851851851851
9 0.4361111111111111 0.1638888888888889 0.05185185185185185 0.058333333333333334
9 0.725462962962963 0.425462962962963 0.06018518518518518 0.06574074074074074
9 0.7643518518518518 0.3162037037037037 0.06111111111111111 0.05740740740740741
7 0.4449074074074074 0.5819444444444445 0.0712962962962963 0.06944444444444445
7 0.3384259259259259 0.5 0.06944444444444445 0.07777777777777778
7 0.5023148148148148 0.6643518518518519 0.05648148148148148 0.07037037037037037