14 0.5 0.5041666666666667 1 0.9194444444444444
15 0.27314814814814814 0.4726851851851852 0.20092592592592592 0.12685185185185185
15 0.4847222222222222 0.7310185185185185 0.22592592592592592 0.21851851851851853
15 0.6532407407407408 0.562962962962963 0.15462962962962962 0.13518518518518519
15 0.7296296296296296 0.4337962962962963 0.08518518518518518 0.1287037037037037
15 0.799074074074074 0.35324074074074074 0.23055555555555557 0.13148148148148148
15 0.6527777777777778 0.2111111111111111 0.18888888888888888 0.1175925925925926
15 0.41388888888888886 0.29074074074074074 0.15 0.08425925925925926
15 0.44583333333333336 0.41203703703703703 0.12129629629629629 0.10833333333333334
15 0.43333333333333335 0.5467592592592593 0.14907407407407408 0.1675925925925926
15 0.5828703703703704 0.39675925925925926 0.13055555555555556 0.06759259259259259
15 0.26342592592592595 0.34629629629629627 0.19814814814814816 0.08611111111111111
15 0.26064814814814813 0.23425925925925925 0.1925925925925926 0.08148148148148149
15 0.3578703703703704 0.16111111111111112 0.11481481481481481 0.04537037037037037
15 0.5037037037037037 0.2708333333333333 0.08611111111111111 0.08703703703703704
15 0.6013888888888889 0.34120370370370373 0.1814814814814815 0.05555555555555555
2 0.7324074074074074 0.5356481481481481 0.13425925925925927 0.13425925925925927