14 0.5731481481481482 0.5328 0.8018518518518518 0.9344
4 0.4305555555555556 0.5288 0.1398148148148148 0.2144
4 0.6689814814814815 0.708 0.18055555555555555 0.16
4 0.7865740740740741 0.612 0.09722222222222222 0.1344
4 0.6949074074074074 0.372 0.09259259259259259 0.1472
4 0.5939814814814814 0.4928 0.1037037037037037 0.1504
4 0.49537037037037035 0.3992 0.08148148148148149 0.1328
11 0.350462962962963 0.4416 0.12962962962962962 0.1904
11 0.5111111111111111 0.6824 0.15185185185185185 0.2112
11 0.5513888888888889 0.608 0.13148148148148148 0.176
11 0.6777777777777778 0.5984 0.13796296296296295 0.1696
11 0.7462962962962963 0.4944 0.11944444444444445 0.1568
11 0.8064814814814815 0.7456 0.13796296296296295 0.1536
11 0.5814814814814815 0.3768 0.12685185185185185 0.152
11 0.47129629629629627 0.4624 0.125 0.1472