14 0.4935185185185185 0.549537037037037 0.987037037037037 0.9009259259259259
15 0.26342592592592595 0.32685185185185184 0.08703703703703704 0.07962962962962963
15 0.3138888888888889 0.23842592592592593 0.07314814814814814 0.06944444444444445
15 0.4074074074074074 0.20416666666666666 0.06851851851851852 0.05277777777777778
15 0.6828703703703703 0.2569444444444444 0.06851851851851852 0.07962962962962963
15 0.5740740740740741 0.4361111111111111 0.07685185185185185 0.053703703703703705
15 0.725925925925926 0.40324074074074073 0.06111111111111111 0.07685185185185185
15 0.7268518518518519 0.4689814814814815 0.07037037037037037 0.05925925925925926
15 0.7962962962962963 0.6754629629629629 0.10648148148148148 0.11203703703703703
15 0.4564814814814815 0.674537037037037 0.08148148148148149 0.07407407407407407
15 0.4550925925925926 0.5305555555555556 0.08425925925925926 0.07314814814814814
15 0.5787037037037037 0.711574074074074 0.07592592592592592 0.06111111111111111
15 0.5337962962962963 0.7842592592592592 0.08333333333333333 0.09074074074074075
15 0.25 0.7944444444444444 0.08425925925925926 0.10555555555555556
15 0.24768518518518517 0.6574074074074074 0.09351851851851851 0.09722222222222222
13 0.5305555555555556 0.6194444444444445 0.08333333333333333 0.08703703703703704
13 0.39305555555555555 0.4425925925925926 0.09444444444444444 0.07962962962962963
13 0.4097222222222222 0.2708333333333333 0.08703703703703704 0.07592592592592592
13 0.16203703703703703 0.3347222222222222 0.08888888888888889 0.07962962962962963
13 0.5740740740740741 0.2828703703703704 0.08611111111111111 0.08796296296296297
13 0.8351851851851851 0.34675925925925927 0.0787037037037037 0.07222222222222222
13 0.7013888888888888 0.6671296296296296 0.0787037037037037 0.08703703703703704
13 0.3578703703703704 0.7324074074074074 0.08981481481481482 0.11296296296296296
13 0.4625 0.8199074074074074 0.0787037037037037 0.08055555555555556
13 0.37175925925925923 0.6194444444444445 0.07314814814814814 0.1
13 0.3101851851851852 0.5601851851851852 0.09259259259259259 0.07592592592592592
8 0.6421296296296296 0.44583333333333336 0.05462962962962963 0.06759259259259259
8 0.538425925925926 0.35648148148148145 0.1425925925925926 0.08333333333333333
8 0.8662037037037037 0.4305555555555556 0.125 0.09444444444444444
8 0.7694444444444445 0.5416666666666666 0.10648148148148148 0.1037037037037037
8 0.6180555555555556 0.649537037037037 0.07592592592592592 0.05462962962962963
8 0.6689814814814815 0.7384259259259259 0.06666666666666667 0.07222222222222222
8 0.3416666666666667 0.8435185185185186 0.0824074074074074 0.11851851851851852
8 0.1837962962962963 0.5773148148148148 0.15925925925925927 0.08796296296296297
8 0.27361111111111114 0.43842592592592594 0.11481481481481481 0.06851851851851852
15 0.18101851851851852 0.46111111111111114 0.06944444444444445 0.09259259259259259
8 0.6157407407407407 0.8157407407407408 0.10555555555555556 0.1111111111111111