14 0.5902777777777778 0.5096 0.7916666666666666 0.9808
4 0.4449074074074074 0.5784 0.13703703703703704 0.2096
4 0.7046296296296296 0.5592 0.18055555555555555 0.1504
4 0.7861111111111111 0.384 0.09537037037037037 0.1312
4 0.6425925925925926 0.2376 0.09074074074074075 0.144
4 0.5828703703703704 0.4224 0.10185185185185185 0.1456
4 0.4699074074074074 0.4128 0.07962962962962963 0.1296
11 0.3509259259259259 0.5608 0.12777777777777777 0.1856
11 0.5564814814814815 0.656 0.15 0.2048
11 0.5736111111111111 0.5584 0.12962962962962962 0.1696
11 0.6847222222222222 0.4536 0.13703703703703704 0.1632
11 0.7199074074074074 0.3088 0.1175925925925926 0.1504
11 0.8379629629629629 0.4888 0.13703703703703704 0.1472
11 0.5421296296296296 0.3272 0.125 0.1456
11 0.4648148148148148 0.488 0.12407407407407407 0.1408