14 0.5 0.5 1 1
15 0.3125 0.275 0.10185185185185185 0.09722222222222222
15 0.3824074074074074 0.2013888888888889 0.08703703703703704 0.08333333333333333
15 0.48148148148148145 0.19027777777777777 0.07777777777777778 0.06759259259259259
15 0.7361111111111112 0.30833333333333335 0.08425925925925926 0.09259259259259259
15 0.5875 0.45601851851851855 0.08611111111111111 0.06944444444444445
15 0.7425925925925926 0.46064814814814814 0.07685185185185185 0.08796296296296297
15 0.7277777777777777 0.525 0.08148148148148149 0.07314814814814814
15 0.7453703703703703 0.7421296296296296 0.1287037037037037 0.13240740740740742
15 0.4152777777777778 0.6587962962962963 0.09537037037037037 0.08981481481481482
15 0.44907407407407407 0.5189814814814815 0.09814814814814815 0.08981481481481482
15 0.525 0.7245370370370371 0.08703703703703704 0.07592592592592592
15 0.4638888888888889 0.7837962962962963 0.10185185185185185 0.10648148148148148
15 0.1865740740740741 0.725462962962963 0.10555555555555556 0.12129629629629629
15 0.21712962962962962 0.5916666666666667 0.11203703703703703 0.11481481481481481
13 0.5009259259259259 0.6231481481481481 0.10092592592592593 0.10277777777777777
13 0.4097222222222222 0.4185185185185185 0.10925925925925926 0.09907407407407408
13 0.46805555555555556 0.25601851851851853 0.10092592592592593 0.09351851851851851
13 0.21203703703703702 0.25787037037037036 0.1037037037037037 0.09722222222222222
13 0.624537037037037 0.3074074074074074 0.1037037037037037 0.10462962962962963
13 0.862037037037037 0.4324074074074074 0.09259259259259259 0.08796296296296297
13 0.6550925925925926 0.7106481481481481 0.0962962962962963 0.10185185185185185
13 0.3060185185185185 0.6912037037037037 0.11296296296296296 0.12962962962962962
13 0.38657407407407407 0.8013888888888889 0.09444444444444444 0.09537037037037037
13 0.34675925925925927 0.5847222222222223 0.09351851851851851 0.11296296296296296
13 0.3013888888888889 0.5125 0.10648148148148148 0.09537037037037037
8 0.6509259259259259 0.48194444444444445 0.06851851851851852 0.07777777777777778
8 0.5722222222222222 0.3699074074074074 0.15648148148148147 0.11388888888888889
8 0.8722222222222222 0.5212962962962963 0.14166666666666666 0.11944444444444445
8 0.7513888888888889 0.6055555555555555 0.1259259259259259 0.12407407407407407
8 0.5782407407407407 0.6736111111111112 0.08518518518518518 0.07037037037037037
8 0.6064814814814815 0.7722222222222223 0.08055555555555556 0.08518518518518518
8 0.26342592592592595 0.7949074074074074 0.10740740740740741 0.13240740740740742
8 0.17453703703703705 0.4981481481481482 0.17314814814814813 0.12222222222222222
8 0.2953703703703704 0.3851851851851852 0.1259259259259259 0.09351851851851851
15 0.2 0.3851851851851852 0.08888888888888889 0.10555555555555556
8 0.5361111111111111 0.8342592592592593 0.12777777777777777 0.13148148148148148