14 0.5 0.5432962962962963 1 0.729462962962963
11 0.42854629629629626 0.7668703703703704 0.09289814814814815 0.08971296296296297
11 0.3165 0.30875925925925923 0.08731481481481482 0.060731481481481484
11 0.0945462962962963 0.5211388888888889 0.10103703703703704 0.08488888888888889
11 0.41898148148148145 0.5372037037037036 0.09227777777777778 0.07318518518518519
11 0.6977129629629629 0.38625 0.08308333333333334 0.06385185185185184
11 0.6900000000000001 0.5551111111111111 0.09357407407407407 0.08676851851851851
11 0.9512314814814814 0.543074074074074 0.09752777777777778 0.08862037037037036
10 0.29550925925925925 0.6372314814814816 0.08237037037037036 0.10286111111111111
10 0.16308333333333333 0.6128425925925925 0.11012037037037038 0.057777777777777775
10 0.3198888888888889 0.5159074074074074 0.12003703703703703 0.0639074074074074
10 0.5248518518518519 0.39643518518518517 0.12255555555555557 0.10275925925925926
10 0.8424907407407407 0.6455648148148149 0.18375 0.08619444444444445
11 0.20049074074074075 0.41447222222222224 0.09831481481481483 0.06939814814814815
11 0.6139907407407408 0.7161666666666667 0.11181481481481483 0.06747222222222223
10 0.7899074074074074 0.5349537037037037 0.06843518518518518 0.09831481481481483
10 0.6371296296296296 0.7937592592592593 0.06939814814814815 0.08386111111111111
10 0.6698981481481482 0.3055555555555556 0.05398148148148148 0.021203703703703704