14 0.5009259259259259 0.4824074074074074 0.9537037037037037 0.9648148148148148
15 0.45694444444444443 0.48148148148148145 0.0824074074074074 0.09537037037037037
15 0.2949074074074074 0.47314814814814815 0.08796296296296297 0.1
15 0.3768518518518518 0.45740740740740743 0.07314814814814814 0.09166666666666666
15 0.487962962962963 0.32731481481481484 0.09259259259259259 0.09722222222222222
15 0.7037037037037037 0.17407407407407408 0.08055555555555556 0.058333333333333334
15 0.5773148148148148 0.4203703703703704 0.06388888888888888 0.05740740740740741
15 0.35694444444444445 0.7814814814814814 0.0824074074074074 0.09074074074074075
15 0.5509259259259259 0.6861111111111111 0.09259259259259259 0.0787037037037037
2 0.22175925925925927 0.2490740740740741 0.12314814814814815 0.1111111111111111
2 0.375 0.16018518518518518 0.13333333333333333 0.1037037037037037
2 0.33564814814814814 0.3388888888888889 0.14722222222222223 0.11388888888888889
2 0.7203703703703703 0.3333333333333333 0.21296296296296297 0.1175925925925926
2 0.7476851851851852 0.5699074074074074 0.22685185185185186 0.14537037037037037
2 0.575 0.5277777777777778 0.13333333333333333 0.09166666666666666
3 0.28888888888888886 0.6694444444444444 0.13240740740740742 0.12962962962962962
3 0.5523148148148148 0.8768518518518519 0.14351851851851852 0.06296296296296296
3 0.1587962962962963 0.5333333333333333 0.13055555555555556 0.16203703703703703
3 0.16944444444444445 0.3768518518518518 0.14907407407407408 0.09259259259259259
3 0.649537037037037 0.17546296296296296 0.10462962962962963 0.14166666666666666
15 0.6453703703703704 0.6722222222222223 0.08888888888888889 0.12037037037037036
5 0.6523148148148148 0.8027777777777778 0.11018518518518519 0.08518518518518518
5 0.8430555555555556 0.4439814814814815 0.16574074074074074 0.05925925925925926
5 0.38564814814814813 0.7055555555555556 0.125 0.04722222222222222