14 0.5013333333333334 0.482712962962963 0.9541296296296297 0.965425925925926
15 0.45694444444444443 0.48163888888888884 0.08302777777777778 0.09537962962962963
15 0.2948888888888889 0.473 0.08853703703703704 0.10031481481481481
15 0.37699074074074074 0.4575648148148148 0.07318518518518519 0.09166666666666666
15 0.48781481481481487 0.32728703703703704 0.09290740740740741 0.09778703703703703
15 0.7038888888888889 0.17416666666666666 0.08061111111111112 0.0582037037037037
15 0.577324074074074 0.4202037037037037 0.06453703703703705 0.057694444444444444
15 0.3569351851851852 0.7813981481481481 0.083 0.09119444444444444
15 0.550787037037037 0.6863148148148148 0.09292592592592593 0.07880555555555556
2 0.22173148148148147 0.24887962962962965 0.12371296296296297 0.11133333333333333
2 0.37484259259259256 0.15997222222222224 0.13362962962962963 0.10388888888888889
2 0.3356388888888889 0.3390185185185185 0.14781481481481482 0.11384259259259259
2 0.7202592592592593 0.33346296296296296 0.21335185185185185 0.1175462962962963
2 0.7477314814814814 0.5699351851851852 0.22755555555555554 0.14604629629629629
2 0.5748611111111112 0.5279444444444444 0.13367592592592592 0.0917037037037037
3 0.2890277777777778 0.6693425925925925 0.1323703703703704 0.13003703703703703
3 0.5523333333333333 0.8767777777777778 0.14416666666666667 0.0625
3 0.15875925925925927 0.5335092592592593 0.13110185185185186 0.16208333333333336
3 0.1695648148148148 0.3766851851851852 0.14900925925925926 0.09287037037037037
3 0.6495648148148148 0.1754074074074074 0.10529629629629629 0.14217592592592593
15 0.6452314814814815 0.6720925925925926 0.08855555555555555 0.12000925925925927
5 0.6523148148148148 0.8026944444444444 0.10949074074074074 0.08574074074074074
5 0.8429351851851852 0.4438888888888889 0.16621296296296295 0.05936111111111111
5 0.3858518518518519 0.7057407407407408 0.12531481481481482 0.04749074074074074