14 0.5 0.5 1 1
15 0.4532407407407407 0.49583333333333335 0.10833333333333334 0.11666666666666667
15 0.2967592592592593 0.5375 0.11481481481481481 0.12222222222222222
15 0.3699074074074074 0.4976851851851852 0.09814814814814815 0.11018518518518519
15 0.4351851851851852 0.33935185185185185 0.11851851851851852 0.12129629629629629
15 0.5930555555555556 0.12731481481481483 0.09444444444444444 0.08055555555555556
15 0.549074074074074 0.4 0.0787037037037037 0.07407407407407407
15 0.45092592592592595 0.812037037037037 0.10648148148148148 0.11203703703703703
15 0.6060185185185185 0.6615740740740741 0.11203703703703703 0.1037037037037037
2 0.15787037037037038 0.3472222222222222 0.15185185185185185 0.14351851851851852
2 0.2759259259259259 0.2152777777777778 0.15925925925925927 0.1398148148148148
2 0.29398148148148145 0.3976851851851852 0.175 0.1537037037037037
2 0.6578703703703703 0.27361111111111114 0.2388888888888889 0.17777777777777778
2 0.7574074074074074 0.4898148148148148 0.2611111111111111 0.20833333333333334
2 0.5796296296296296 0.5032407407407408 0.15555555555555556 0.1287037037037037
3 0.35185185185185186 0.7263888888888889 0.16574074074074074 0.1638888888888889
3 0.6662037037037037 0.8421296296296297 0.15648148148148147 0.10462962962962963
3 0.18564814814814815 0.6375 0.17407407407407408 0.19444444444444445
3 0.1476851851851852 0.4847222222222222 0.17037037037037037 0.13425925925925927
3 0.5421296296296296 0.1449074074074074 0.14351851851851852 0.1675925925925926
15 0.6912037037037037 0.6189814814814815 0.12129629629629629 0.14166666666666666
5 0.7384259259259259 0.7407407407407407 0.13055555555555556 0.11481481481481481
5 0.8087962962962963 0.34074074074074073 0.17592592592592593 0.10740740740740741
5 0.4550925925925926 0.7310185185185185 0.13333333333333333 0.08333333333333333