14 0.5 0.593654042988741 1 0.812691914022518
9 0.1554993678887484 0.6780962128966224 0.06447534766118837 0.042988741044012284
9 0.33754740834386854 0.7543500511770727 0.04298356510745891 0.037871033776867964
9 0.45448798988621997 0.8188331627430911 0.061946902654867256 0.048106448311156604
9 0.8230088495575221 0.8121801432958035 0.05436156763590392 0.04503582395087001
9 0.8975979772439949 0.6438075742067554 0.03666245259165613 0.032753326509723645
9 0.8748419721871049 0.5655066530194472 0.040455120101137804 0.04503582395087001
9 0.8198482932996207 0.46980552712384854 0.029077117572692796 0.02047082906857728
9 0.7800252844500632 0.4263050153531218 0.035398230088495575 0.030706243602865915
9 0.6624525916561315 0.46212896622313204 0.041719342604298354 0.02968270214943705
9 0.43173198482932995 0.5435005117707267 0.04804045512010114 0.03991811668372569
9 0.3495575221238938 0.4672466734902764 0.041719342604298354 0.03480040941658137
9 0.4102402022756005 0.38485158648925283 0.03666245259165613 0.03172978505629478
9 0.606826801517067 0.28710337768679633 0.04677623261694058 0.030706243602865915
9 0.3558786346396966 0.281985670419652 0.03666245259165613 0.02354145342886387
9 0.24905183312262957 0.3654042988741044 0.0316055625790139 0.027635619242579325
9 0.8173198482932996 0.6438075742067554 0.0493046776232617 0.03480040941658137
9 0.7964601769911505 0.5230296827021494 0.022756005056890013 0.027635619242579325
12 0.33122629582806573 0.3633572159672467 0.0606826801517067 0.05424769703172978
12 0.2996207332490518 0.387410440122825 0.03666245259165613 0.05834186284544524
12 0.36283185840707965 0.43039918116683723 0.05941845764854614 0.04605936540429888
12 0.4620733249051833 0.390992835209826 0.06573957016434892 0.03480040941658137
12 0.47850821744627053 0.47082906857727735 0.06700379266750948 0.06038894575230297
12 0.18394437420986093 0.5783009211873081 0.08723135271807839 0.0593654042988741
12 0.3495575221238938 0.5655066530194472 0.06573957016434892 0.07471852610030706
12 0.4367888748419722 0.657625383828045 0.05562579013906448 0.05629477993858751
12 0.44374209860935526 0.740532241555783 0.07079646017699115 0.06857727737973388
12 0.2629582806573957 0.7753326509723644 0.08723135271807839 0.06550665301944729
12 0.5512010113780025 0.8689866939611054 0.0606826801517067 0.0931422722620266
12 0.45764854614412137 0.8889457523029682 0.07332490518331226 0.08188331627430911
12 0.6700379266750948 0.8306038894575231 0.04677623261694058 0.10542476970317298
12 0.8394437420986094 0.7036847492323439 0.03666245259165613 0.08085977482088025
12 0.7838179519595448 0.5977482088024565 0.1554993678887484 0.06550665301944729
12 0.7901390644753477 0.37922210849539406 0.08723135271807839 0.05015353121801433
12 0.9203539823008849 0.5404298874104401 0.0986093552465234 0.04196519959058342
12 0.6479140328697851 0.6627430910951894 0.14412136536030343 0.06960081883316274
12 0.7225031605562579 0.7277379733879222 0.09102402022756005 0.05322415557830092
12 0.5960809102402023 0.2563971340839304 0.08217446270543616 0.03480040941658137
12 0.5202275600505689 0.4124872057318321 0.03034134007585335 0.044012282497441144
12 0.2604298356510746 0.5435005117707267 0.08091024020227561 0.027635619242579325
12 0.26485461441213654 0.6079836233367452 0.08849557522123894 0.033776867963152504
12 0.29582806573957016 0.6586489252814739 0.06826801517067003 0.02968270214943705
12 0.3969658659924147 0.8024564994882293 0.05815423514538559 0.0767656090071648