14 0.5913703703703703 0.24168108776266997 0.28903703703703704 0.36896168108776267
14 0.22849074074074074 0.28935723114956735 0.3397037037037037 0.39367119901112485
14 0.4719166666666667 0.8255006180469716 0.40855555555555556 0.3430902348578492
8 0.19937037037037036 0.2891223733003708 0.09627777777777778 0.0684919653893696
8 0.4494074074074074 0.9290852904820767 0.13073148148148148 0.11940667490729295
8 0.5098148148148148 0.8396044499381953 0.09282407407407407 0.13114956736711988
8 0.34930555555555554 0.756291718170581 0.0998425925925926 0.08106304079110012
8 0.6346111111111111 0.188442521631644 0.06727777777777777 0.06491965389369593
4 0.5318611111111111 0.18726823238566132 0.08930555555555555 0.06255871446229913
2 0.1495462962962963 0.30442521631644004 0.07069444444444443 0.056724351050679855
2 0.2699259259259259 0.2814709517923362 0.04162037037037037 0.07437577255871447
2 0.3122592592592593 0.17872682323856615 0.05221296296296296 0.07021013597033374
2 0.5133425925925925 0.223176761433869 0.06812962962962962 0.07082818294190359
2 0.6555555555555556 0.26144622991347344 0.08007407407407408 0.06966625463535228
2 0.5186296296296297 0.11661310259579728 0.04697222222222222 0.04840543881334981
2 0.22715740740740742 0.16666254635352287 0.10422222222222223 0.07786155747836836
2 0.555675925925926 0.8655006180469716 0.07873148148148149 0.12644004944375772
2 0.3620925925925926 0.8381211372064277 0.06192592592592592 0.06108776266996292
2 0.6326203703703703 0.15370828182941904 0.03949999999999999 0.05901112484548826