14 0.5373425925925926 0.5880462962962963 0.9253055555555556 0.8239074074074074
9 0.3347037037037037 0.6909444444444445 0.07558333333333334 0.08436111111111111
9 0.49274999999999997 0.4828703703703704 0.06575 0.06080555555555556
9 0.5834999999999999 0.4507685185185185 0.04725 0.06326851851851852
9 0.6489444444444444 0.29024074074074074 0.08924074074074073 0.06072222222222222
9 0.7350648148148148 0.34425925925925926 0.05037037037037037 0.0465462962962963
9 0.8841574074074074 0.4063148148148148 0.06337037037037037 0.0706574074074074
9 0.87675 0.6474166666666668 0.07077777777777777 0.06767592592592593
9 0.9242870370370371 0.7588611111111112 0.062148148148148154 0.06462962962962962
9 0.894962962962963 0.9545833333333333 0.1035 0.07088888888888889
9 0.6739444444444445 0.707 0.07628703703703704 0.10906481481481482
9 0.5322592592592593 0.8249259259259258 0.05587962962962963 0.04861111111111111
9 0.35137962962962965 0.6853888888888889 0.10151851851851852 0.07325
9 0.39119444444444446 0.8165925925925925 0.06634259259259259 0.05787037037037037
9 0.2630925925925926 0.8020833333333334 0.07310185185185185 0.0695925925925926
7 0.46096296296296296 0.36156481481481484 0.13920370370370372 0.17003703703703701
7 0.8039074074074074 0.5106666666666666 0.16953703703703704 0.12379629629629628
7 0.6557407407407407 0.3939722222222222 0.15468518518518518 0.14967592592592593
7 0.6563611111111111 0.5872222222222223 0.2151851851851852 0.08431481481481481
7 0.49491666666666667 0.711324074074074 0.14044444444444446 0.1399351851851852
7 0.4520092592592593 0.897787037037037 0.13241666666666665 0.16471296296296295
7 0.15875925925925927 0.8218518518518518 0.14592592592592593 0.1683888888888889
7 0.707287037037037 0.8984074074074074 0.20964814814814814 0.203
7 0.9257129629629629 0.9466018518518519 0.14857407407407408 0.1067962962962963
7 0.9530833333333333 0.5859907407407408 0.09382407407407407 0.1485277777777778
7 0.3350185185185185 0.5983333333333334 0.1317685185185185 0.07691666666666666