14 0.5 0.5430555555555555 1 0.7805555555555556
11 0.4425925925925926 0.7703703703703704 0.09722222222222222 0.09444444444444444
11 0.30694444444444446 0.31851851851851853 0.08981481481481482 0.06481481481481481
11 0.0962962962962963 0.5421296296296296 0.10555555555555556 0.09074074074074075
11 0.42083333333333334 0.5412037037037037 0.09537037037037037 0.07777777777777778
11 0.6916666666666667 0.37592592592592594 0.08611111111111111 0.06851851851851852
11 0.6925925925925925 0.5449074074074074 0.09814814814814815 0.09074074074074075
11 0.950925925925926 0.5189814814814815 0.09814814814814815 0.09351851851851851
10 0.30277777777777776 0.6476851851851851 0.08796296296296297 0.10740740740740741
10 0.16944444444444445 0.6300925925925925 0.11296296296296296 0.06296296296296296
10 0.32083333333333336 0.5254629629629629 0.12314814814814815 0.07037037037037037
10 0.5194444444444445 0.39537037037037037 0.12777777777777777 0.10925925925925926
10 0.8495370370370371 0.6273148148148148 0.18796296296296297 0.09537037037037037
11 0.1962962962962963 0.4300925925925926 0.10277777777777777 0.07407407407407407
11 0.625 0.7097222222222223 0.11481481481481481 0.07314814814814814
10 0.7912037037037037 0.5199074074074074 0.07314814814814814 0.10185185185185185
10 0.6523148148148148 0.7861111111111111 0.07407407407407407 0.08796296296296297
10 0.6592592592592592 0.2967592592592593 0.05555555555555555 0.023148148148148147