14 0.5015462962962962 0.49938518518518515 0.9969166666666668 0.998762962962963
11 0.2528796296296296 0.8280296296296296 0.2866296296296296 0.21778518518518517
11 0.6638055555555555 0.8592074074074074 0.23348148148148148 0.20977037037037036
11 0.5974444444444444 0.5810518518518518 0.2581574074074074 0.14605185185185185
11 0.8528703703703704 0.715037037037037 0.21346296296296297 0.16217037037037038
11 0.46740740740740744 0.3461185185185185 0.20642592592592593 0.11693333333333335
11 0.7039351851851852 0.32667407407407406 0.2211388888888889 0.11877777777777777
11 0.9390462962962962 0.4106444444444444 0.12191666666666666 0.13857037037037037
11 0.9540925925925927 0.2467185185185185 0.09182407407407407 0.1033037037037037
11 0.8798796296296296 0.12229629629629629 0.1378425925925926 0.050770370370370375
11 0.7054722222222222 0.09544444444444444 0.1316203703703704 0.06742962962962963
11 0.7293981481481482 0.19824444444444445 0.1424351851851852 0.06191851851851852
11 0.48785185185185187 0.0766074074074074 0.11305555555555555 0.04087407407407408
11 0.4527407407407407 0.1612 0.16783333333333333 0.0693111111111111
11 0.2848981481481481 0.13958518518518517 0.12380555555555556 0.055718518518518514
11 0.11512962962962964 0.13804444444444444 0.1731574074074074 0.06374814814814815
11 0.12708333333333333 0.2565925925925926 0.16466666666666668 0.08602222222222222
11 0.06688888888888889 0.6174962962962963 0.13378703703703704 0.31524444444444444
9 0.57775 0.09142962962962964 0.08451851851851852 0.05569629629629629
9 0.624824074074074 0.23591111111111113 0.09533333333333333 0.0854
9 0.365537037037037 0.9567925925925926 0.15083333333333335 0.08642222222222222