11 0.15648148148148147 0.41064814814814815 0.1527777777777778 0.13055555555555556
11 0.26435185185185184 0.6287037037037037 0.1638888888888889 0.15185185185185185
11 0.47685185185185186 0.7462962962962963 0.14444444444444443 0.15092592592592594
11 0.749537037037037 0.6842592592592592 0.14907407407407408 0.14444444444444443
11 0.8814814814814815 0.4564814814814815 0.11018518518518519 0.1111111111111111
11 0.7625 0.28888888888888886 0.16018518518518518 0.1398148148148148
11 0.5888888888888889 0.14074074074074075 0.13240740740740742 0.12037037037037036
11 0.3351851851851852 0.20277777777777778 0.14351851851851852 0.10740740740740741
2 0.37962962962962965 0.31157407407407406 0.11666666666666667 0.09166666666666666
2 0.44027777777777777 0.40555555555555556 0.21944444444444444 0.09166666666666666
2 0.6435185185185185 0.32407407407407407 0.16666666666666666 0.19074074074074074
2 0.5092592592592593 0.2708333333333333 0.07222222222222222 0.09907407407407408
2 0.6037037037037037 0.725925925925926 0.1425925925925926 0.125
2 0.7888888888888889 0.6402777777777777 0.1175925925925926 0.08611111111111111
2 0.6472222222222223 0.5185185185185185 0.11944444444444445 0.11018518518518519
2 0.8231481481481482 0.44212962962962965 0.1259259259259259 0.09722222222222222
9 0.4638888888888889 0.4925925925925926 0.05185185185185185 0.06111111111111111
9 0.5458333333333333 0.5069444444444444 0.04537037037037037 0.06388888888888888
9 0.36898148148148147 0.6430555555555556 0.06574074074074074 0.09537037037037037
9 0.3013888888888889 0.5351851851851852 0.0824074074074074 0.07685185185185185
9 0.16018518518518518 0.5699074074074074 0.06666666666666667 0.0712962962962963
9 0.17592592592592593 0.24675925925925926 0.05740740740740741 0.05092592592592592
9 0.19722222222222222 0.325 0.05925925925925926 0.04814814814814815
9 0.37546296296296294 0.11851851851851852 0.0824074074074074 0.03888888888888889
9 0.49166666666666664 0.17222222222222222 0.06759259259259259 0.04722222222222222
9 0.4875 0.09907407407407408 0.021296296296296296 0.037037037037037035
9 0.49675925925925923 0.4949074074074074 0.15092592592592594 0.08055555555555556
9 0.34675925925925927 0.7546296296296297 0.08055555555555556 0.040740740740740744
9 0.41203703703703703 0.6305555555555555 0.16296296296296298 0.11574074074074074
9 0.6481481481481481 0.7944444444444444 0.053703703703703705 0.062037037037037036
9 0.8166666666666667 0.5680555555555555 0.09907407407407408 0.0824074074074074
9 0.8222222222222222 0.37916666666666665 0.13240740740740742 0.0824074074074074
14 0.5023148148148148 0.4708333333333333 0.9842592592592593 0.9175925925925926