15 0.47058823529411764 0.704612365063788 0.19607843137254902 0.14131501472031405
1 0.32450980392156864 0.26005888125613347 0.2107843137254902 0.11285574092247301
1 0.12009803921568628 0.4533856722276742 0.10784313725490197 0.11579980372914622
1 0.11666666666666667 0.21933267909715407 0.1715686274509804 0.06771344455348381
1 0.6661764705882353 0.1378802747791953 0.18823529411764706 0.09421000981354269
5 0.9215686274509803 0.2168792934249264 0.09509803921568627 0.07556427870461237
5 0.2568627450980392 0.37978410206084395 0.16470588235294117 0.10500490677134446
5 0.4573529411764706 0.4450441609421001 0.20490196078431372 0.12266928361138371
5 0.7441176470588236 0.45387634936211974 0.18627450980392157 0.0873405299313052
5 0.8946078431372549 0.3356231599607458 0.17549019607843136 0.15014720314033367
5 0.7578431372549019 0.21246319921491658 0.11176470588235295 0.08832188420019627
5 0.5073529411764706 0.1830225711481845 0.10294117647058823 0.07262021589793916
5 0.3818627450980392 0.1903827281648675 0.09117647058823529 0.07654563297350343
14 0.5 0.47105004906771347 1 0.900883218842002
9 0.17450980392156862 0.5328753680078508 0.08627450980392157 0.08635917566241413
9 0.6181372549019608 0.49950932286555444 0.08627450980392157 0.08145240431795878
9 0.9725490196078431 0.4465161923454367 0.05392156862745098 0.058881256133464184
9 0.34068627450980393 0.47497546614327774 0.061764705882352944 0.0549558390578999
9 0.9107843137254902 0.24975466143277722 0.045098039215686274 0.04906771344455348
9 0.6995098039215686 0.6594700686947988 0.09019607843137255 0.09126594700686948