2 0.14444444444444443 0.3622013651877133 0.2462962962962963 0.1552901023890785
2 0.2 0.5656996587030717 0.32037037037037036 0.1476109215017065
2 0.4689814814814815 0.3058873720136519 0.20185185185185187 0.2380546075085324
2 0.3 0.10665529010238908 0.21944444444444444 0.197098976109215
2 0.1162037037037037 0.18302047781569966 0.1638888888888889 0.14334470989761092
2 0.6189814814814815 0.2790102389078498 0.23703703703703705 0.13737201365187712
2 0.8074074074074075 0.4232081911262799 0.11018518518518519 0.11774744027303755
2 0.6875 0.4765358361774744 0.36574074074074076 0.20392491467576793
2 0.5337962962962963 0.7145904436860068 0.2601851851851852 0.24146757679180889
2 0.30972222222222223 0.76919795221843 0.25833333333333336 0.2158703071672355
14 0.5 0.5 1 1