2 0.1527777777777778 0.3455631399317406 0.25277777777777777 0.16552901023890784
2 0.19675925925925927 0.5511945392491467 0.32592592592592595 0.1612627986348123
2 0.48009259259259257 0.3046075085324232 0.21388888888888888 0.24573378839590443
2 0.3226851851851852 0.10025597269624574 0.22870370370370371 0.20051194539249148
2 0.13472222222222222 0.1651023890784983 0.17037037037037037 0.15017064846416384
2 0.6310185185185185 0.28498293515358364 0.24259259259259258 0.1476109215017065
2 0.8111111111111111 0.43813993174061433 0.11574074074074074 0.1220136518771331
2 0.6888888888888889 0.4859215017064846 0.37407407407407406 0.22013651877133106
2 0.5212962962962963 0.7158703071672355 0.2712962962962963 0.25170648464163825
2 0.2949074074074074 0.7598122866894198 0.26851851851851855 0.22610921501706485
14 0.5 0.5 1 1