14 0.5 0.5 1 1
11 0.18564814814814815 0.7888888888888889 0.3296296296296296 0.25407407407407406
11 0.5833333333333334 0.8766666666666667 0.275 0.23925925925925925
11 0.5782407407407407 0.5933333333333334 0.2861111111111111 0.17925925925925926
11 0.8009259259259259 0.7607407407407407 0.24537037037037038 0.18962962962962962
11 0.5013888888888889 0.3440740740740741 0.22870370370370371 0.1437037037037037
11 0.7384259259259259 0.35777777777777775 0.24351851851851852 0.1474074074074074
11 0.9384259259259259 0.4722222222222222 0.12314814814814815 0.15333333333333332
11 0.9726851851851852 0.3137037037037037 0.05462962962962963 0.11481481481481481
11 0.9412037037037037 0.18037037037037038 0.1175925925925926 0.06888888888888889
11 0.7902777777777777 0.13 0.14444444444444443 0.08444444444444445
11 0.7912037037037037 0.2348148148148148 0.1537037037037037 0.08074074074074074
11 0.5800925925925926 0.08148148148148149 0.12037037037037036 0.05555555555555555
11 0.5268518518518519 0.15962962962962962 0.18055555555555555 0.09111111111111111
11 0.3662037037037037 0.11518518518518518 0.13425925925925927 0.07185185185185185
11 0.19953703703703704 0.09 0.18425925925925926 0.08666666666666667
11 0.18564814814814815 0.20851851851851852 0.18055555555555555 0.10740740740740741
11 0.07407407407407407 0.5555555555555556 0.14814814814814814 0.3288888888888889
9 0.6652777777777777 0.10851851851851851 0.09537037037037037 0.06666666666666667
9 0.6800925925925926 0.2574074074074074 0.11203703703703703 0.09703703703703703
9 0.26805555555555555 0.9311111111111111 0.1675925925925926 0.10666666666666667