2 0.1328425925925926 0.3914590443686007 0.2348148148148148 0.13672354948805462
2 0.2075462962962963 0.5894539249146757 0.3101481481481481 0.12315699658703072
2 0.4507777777777778 0.30896757679180886 0.1817962962962963 0.2243088737201365
2 0.2634074074074074 0.12405290102389077 0.2033611111111111 0.18212457337883958
2 0.08776851851851852 0.21508532423208193 0.15208333333333332 0.132098976109215
2 0.5973981481481482 0.27027303754266213 0.22690740740740742 0.11960750853242322
2 0.798962962962963 0.3988481228668942 0.10038888888888889 0.11055460750853242
2 0.6847222222222222 0.4616894197952219 0.35030555555555554 0.1767320819112628
2 0.5538796296296297 0.7112201365187713 0.2398611111111111 0.2233447098976109
2 0.3359537037037037 0.7834726962457338 0.24103703703703702 0.1972098976109215
14 0.49845370370370373 0.49915529010238907 0.9969166666666668 0.9277389078498293