11 0.14537037037037037 0.5027777777777778 0.1814814814814815 0.16574074074074074
11 0.3055555555555556 0.6851851851851852 0.19814814814814816 0.18888888888888888
11 0.5412037037037037 0.7439814814814815 0.1787037037037037 0.18333333333333332
11 0.7888888888888889 0.6134259259259259 0.1814814814814815 0.1787037037037037
11 0.8574074074074074 0.3592592592592593 0.13518518518518519 0.1361111111111111
11 0.6990740740740741 0.22824074074074074 0.19074074074074074 0.17685185185185184
11 0.4930555555555556 0.12962962962962962 0.15925925925925927 0.15092592592592594
11 0.2638888888888889 0.25555555555555554 0.16666666666666666 0.14074074074074075
2 0.3347222222222222 0.3490740740740741 0.1361111111111111 0.11851851851851852
2 0.41805555555555557 0.42453703703703705 0.2361111111111111 0.14537037037037037
2 0.5930555555555556 0.29259259259259257 0.2101851851851852 0.22777777777777777
2 0.449537037037037 0.2763888888888889 0.09537037037037037 0.11481481481481481
2 0.6587962962962963 0.6916666666666667 0.17037037037037037 0.1574074074074074
2 0.8157407407407408 0.5606481481481481 0.1361111111111111 0.11388888888888889
2 0.6472222222222223 0.48009259259259257 0.14351851851851852 0.13703703703703704
2 0.7972222222222223 0.36064814814814816 0.14722222222222223 0.12685185185185185
9 0.46296296296296297 0.5023148148148148 0.06574074074074074 0.07222222222222222
9 0.5462962962962963 0.4949074074074074 0.06018518518518518 0.07407407407407407
9 0.41064814814814815 0.6722222222222223 0.08796296296296297 0.10925925925925926
9 0.31712962962962965 0.5856481481481481 0.1 0.09537037037037037
9 0.18981481481481483 0.6555555555555556 0.08333333333333333 0.08611111111111111
9 0.12129629629629629 0.33935185185185185 0.06851851851851852 0.06388888888888888
9 0.16203703703703703 0.40925925925925927 0.06944444444444445 0.062037037037037036
9 0.2810185185185185 0.16342592592592592 0.08981481481481482 0.05925925925925926
9 0.4074074074074074 0.18564814814814815 0.07777777777777778 0.06296296296296296
9 0.38425925925925924 0.1162037037037037 0.030555555555555555 0.041666666666666664
9 0.49537037037037035 0.49583333333333335 0.16666666666666666 0.11666666666666667
9 0.41805555555555557 0.7856481481481481 0.08888888888888889 0.06018518518518518
9 0.4486111111111111 0.649074074074074 0.18703703703703703 0.1537037037037037
9 0.7194444444444444 0.7462962962962963 0.06759259259259259 0.07407407407407407
9 0.8236111111111111 0.4837962962962963 0.11666666666666667 0.10555555555555556
9 0.7800925925925926 0.3 0.14907407407407408 0.11388888888888889
14 0.5 0.5 1 1