11 0.16061111111111112 0.3155421686746988 0.09776851851851852 0.10714550509731233
11 0.1556759259259259 0.5407970342910102 0.15456481481481482 0.10167747914735865
11 0.3464351851851852 0.3492215013901761 0.1064537037037037 0.09665430954587581
11 0.38132407407407404 0.696533827618165 0.14288888888888887 0.13140871177015753
11 0.724574074074074 0.6736700648748841 0.1405 0.12274328081556997
11 0.6569722222222222 0.21326227988878593 0.10529629629629629 0.06939759036144579
11 0.8211851851851851 0.4039110287303058 0.10780555555555556 0.09111214087117701
11 0.44150925925925927 0.20027803521779425 0.11141666666666666 0.06568118628359593
11 0.46867592592592594 0.3244949026876738 0.09908333333333334 0.0694439295644115
15 0.4742314814814814 0.47714550509731235 0.11019444444444446 0.11524559777571826
12 0.6437037037037038 0.47127896200185354 0.18616666666666667 0.18137164040778497
12 0.5371851851851852 0.6535495829471732 0.14908333333333332 0.2103614457831325
12 0.5952314814814815 0.33902687673772014 0.10775 0.1244578313253012
12 0.24025925925925928 0.44501390176088973 0.14594444444444446 0.10287303058387395
14 0.5 0.5261723818350325 1 0.8061538461538462
12 0.24480555555555555 0.6383503243744207 0.1014074074074074 0.04123262279888786
12 0.4603703703703704 0.6168952734012975 0.05209259259259259 0.051492122335495834
12 0.5925648148148148 0.6354772937905467 0.05860185185185185 0.043021316033364225
12 0.6234907407407407 0.5083781278962002 0.09181481481481481 0.0743002780352178
12 0.8660462962962964 0.5289063948100093 0.07293518518518519 0.12318813716404077