11 0.1574074074074074 0.3215940685820204 0.09907407407407408 0.10843373493975904
11 0.15648148148148147 0.5468025949953661 0.15648148148148147 0.10379981464318813
11 0.3439814814814815 0.3517145505097312 0.10833333333333334 0.09823911028730306
11 0.38472222222222224 0.6987951807228916 0.14537037037037037 0.1334569045412419
11 0.7277777777777777 0.669601482854495 0.14166666666666666 0.12511584800741427
11 0.6518518518518519 0.21037998146431883 0.10555555555555556 0.07136237256719184
11 0.8194444444444444 0.3985171455050973 0.10925925925925926 0.09267840593141798
11 0.4361111111111111 0.2015755329008341 0.11203703703703703 0.06765523632993513
11 0.46574074074074073 0.32483781278962004 0.1 0.07136237256719184
15 0.4736111111111111 0.47775718257645966 0.11203703703703703 0.11677479147358666
12 0.6430555555555556 0.468952734012975 0.18888888888888888 0.18443002780352177
12 0.5398148148148149 0.6529193697868396 0.1527777777777778 0.21316033364226136
12 0.5925925925925926 0.3373493975903614 0.10925925925925926 0.12604263206672844
12 0.23935185185185184 0.4494902687673772 0.14722222222222223 0.1056533827618165
14 0.5 0.525949953660797 1 0.8239110287303059
12 0.24722222222222223 0.6427247451343837 0.10185185185185185 0.042632066728452274
12 0.4625 0.6177015755329008 0.05277777777777778 0.051899907321594066
12 0.5949074074074074 0.633920296570899 0.06018518518518518 0.04448563484708063
12 0.6236111111111111 0.5060240963855421 0.09259259259259259 0.07692307692307693
12 0.8666666666666667 0.5227062094531975 0.075 0.12418906394810009