14 0.5518518518518518 0.5458333333333333 0.8962962962962963 0.850925925925926
15 0.7046296296296296 0.6976851851851852 0.1287037037037037 0.12777777777777777
15 0.4439814814814815 0.6814814814814815 0.11851851851851852 0.12407407407407407
15 0.3101851851851852 0.6337962962962963 0.13333333333333333 0.12129629629629629
15 0.3111111111111111 0.5050925925925925 0.14814814814814814 0.12037037037037036
15 0.425462962962963 0.37962962962962965 0.12037037037037036 0.125
15 0.6143518518518518 0.3597222222222222 0.12685185185185185 0.08148148148148149
15 0.663425925925926 0.2569444444444444 0.12407407407407407 0.09074074074074075
15 0.7199074074074074 0.412962962962963 0.12222222222222222 0.11481481481481481
15 0.8425925925925926 0.3402777777777778 0.11574074074074074 0.11296296296296296
15 0.7759259259259259 0.5685185185185185 0.14166666666666666 0.1175925925925926
15 0.6018518518518519 0.5648148148148148 0.10462962962962963 0.11851851851851852
15 0.48333333333333334 0.5606481481481481 0.12037037037037036 0.12777777777777777
15 0.5324074074074074 0.47638888888888886 0.13703703703703704 0.10092592592592593
15 0.9393518518518519 0.43148148148148147 0.11574074074074074 0.09722222222222222
2 0.4726851851851852 0.3162037037037037 0.13055555555555556 0.10740740740740741
2 0.3449074074074074 0.4597222222222222 0.09722222222222222 0.0787037037037037
2 0.5791666666666667 0.6925925925925925 0.175 0.11944444444444445
2 0.6231481481481481 0.48148148148148145 0.10833333333333334 0.11296296296296296
2 0.9472222222222222 0.3592592592592593 0.0824074074074074 0.08981481481481482
2 0.750462962962963 0.2972222222222222 0.13055555555555556 0.11851851851851852
2 0.9231481481481482 0.5444444444444444 0.1537037037037037 0.15925925925925927
2 0.36342592592592593 0.6550925925925926 0.08148148148148149 0.09074074074074075
7 0.38842592592592595 0.5800925925925926 0.21481481481481482 0.15833333333333333
7 0.4449074074074074 0.4736111111111111 0.14166666666666666 0.10833333333333334
7 0.3574074074074074 0.39861111111111114 0.1 0.11944444444444445
7 0.8148148148148148 0.6148148148148148 0.32407407407407407 0.22777777777777777
7 0.6935185185185185 0.5037037037037037 0.20185185185185187 0.1527777777777778
7 0.500462962962963 0.7046296296296296 0.2638888888888889 0.21388888888888888
7 0.5884259259259259 0.3143518518518518 0.19814814814814816 0.14351851851851852