14 0.5 0.5 1 1
15 0.9236111111111112 0.5907407407407408 0.14814814814814814 0.14351851851851852
15 0.5981481481481481 0.1162037037037037 0.13703703703703704 0.12129629629629629
15 0.7907407407407407 0.23333333333333334 0.2212962962962963 0.1425925925925926
3 0.3814814814814815 0.362962962962963 0.1388888888888889 0.12685185185185185
3 0.23287037037037037 0.05 0.1398148148148148 0.1
3 0.17314814814814813 0.20046296296296295 0.11388888888888889 0.14074074074074075
3 0.23703703703703705 0.37453703703703706 0.10740740740740741 0.11574074074074074
3 0.1824074074074074 0.6685185185185185 0.13333333333333333 0.11203703703703703
3 0.5513888888888889 0.5259259259259259 0.11481481481481481 0.12407407407407407
3 0.6967592592592593 0.8263888888888888 0.09814814814814815 0.10462962962962963
1 0.8375 0.7388888888888889 0.287962962962963 0.3194444444444444
1 0.6277777777777778 0.674537037037037 0.22407407407407406 0.20555555555555555
1 0.262037037037037 0.5189814814814815 0.18425925925925926 0.18981481481481483
15 0.38101851851851853 0.062037037037037036 0.1935185185185185 0.12407407407407407
15 0.9333333333333333 0.41944444444444445 0.13333333333333333 0.1425925925925926