14 0.5648148148148148 0.5625 0.8703703703703703 0.7324074074074074
15 0.6671296296296296 0.7305555555555555 0.11574074074074074 0.11481481481481481
15 0.4134259259259259 0.6689814814814815 0.10462962962962963 0.11296296296296296
15 0.2898148148148148 0.5990740740740741 0.12222222222222222 0.10648148148148148
15 0.31342592592592594 0.4722222222222222 0.1388888888888889 0.10092592592592593
15 0.44722222222222224 0.3685185185185185 0.10648148148148148 0.11296296296296296
15 0.6370370370370371 0.3819444444444444 0.12314814814814815 0.06296296296296296
15 0.7032407407407407 0.28888888888888886 0.11851851851851852 0.07407407407407407
15 0.7314814814814815 0.4527777777777778 0.1111111111111111 0.10092592592592593
15 0.8652777777777778 0.4023148148148148 0.10462962962962963 0.1
15 0.7597222222222222 0.6152777777777778 0.13240740740740742 0.1
15 0.5888888888888889 0.5814814814814815 0.09074074074074075 0.10925925925925926
15 0.47314814814814815 0.5569444444444445 0.10648148148148148 0.11574074074074074
15 0.5361111111111111 0.4824074074074074 0.13148148148148148 0.0824074074074074
15 0.9449074074074074 0.5092592592592593 0.10740740740740741 0.0824074074074074
2 0.5050925925925925 0.3143518518518518 0.12222222222222222 0.09166666666666666
2 0.3541666666666667 0.43333333333333335 0.09074074074074075 0.06666666666666667
2 0.5444444444444444 0.7032407407407407 0.1685185185185185 0.09444444444444444
2 0.624537037037037 0.5032407407407408 0.0962962962962963 0.10277777777777777
2 0.9643518518518519 0.4393518518518518 0.0712962962962963 0.0824074074074074
2 0.7819444444444444 0.3435185185185185 0.11944444444444445 0.1037037037037037
2 0.9185185185185185 0.6189814814814815 0.1574074074074074 0.1398148148148148
2 0.3384259259259259 0.6287037037037037 0.0712962962962963 0.08333333333333333
7 0.37592592592592594 0.5592592592592592 0.20462962962962963 0.12962962962962962
7 0.45046296296296295 0.46435185185185185 0.13425925925925927 0.08981481481481482
7 0.3773148148148148 0.37546296296296294 0.08518518518518518 0.11203703703703703
7 0.7902777777777777 0.6675925925925926 0.3111111111111111 0.18425925925925926
7 0.6898148148148148 0.5370370370370371 0.19166666666666668 0.12685185185185185
7 0.4648148148148148 0.7013888888888888 0.24722222222222223 0.1814814814814815
7 0.6194444444444445 0.33240740740740743 0.18888888888888888 0.11666666666666667