14 0.5143518518518518 0.48759305210918114 0.8574074074074074 0.7675765095119934
5 0.2986111111111111 0.337055417700579 0.14629629629629629 0.07444168734491315
5 0.28935185185185186 0.26220016542597185 0.09259259259259259 0.0794044665012407
5 0.41574074074074074 0.27543424317617865 0.10277777777777777 0.10090984284532671
5 0.5231481481481481 0.23076923076923078 0.11481481481481481 0.10256410256410256
5 0.47175925925925927 0.3746898263027295 0.15833333333333333 0.08188585607940446
5 0.6949074074074074 0.2870140612076096 0.16666666666666666 0.07278742762613731
5 0.6416666666666667 0.43300248138957814 0.1527777777777778 0.11331679073614558
5 0.8240740740740741 0.4230769230769231 0.08425925925925926 0.08188585607940446
5 0.8134259259259259 0.5363937138130687 0.13240740740740742 0.0934656741108354
5 0.4273148148148148 0.5119933829611248 0.15 0.09429280397022333
5 0.5768518518518518 0.5554177005789909 0.12037037037037036 0.10752688172043011
5 0.6986111111111111 0.6133167907361455 0.10555555555555556 0.08105872622001654
5 0.6476851851851851 0.7245657568238213 0.15555555555555556 0.10669975186104218
5 0.4703703703703704 0.728287841191067 0.16944444444444445 0.11331679073614558
5 0.3824074074074074 0.6248966087675765 0.22685185185185186 0.0967741935483871
5 0.2361111111111111 0.47766749379652607 0.16666666666666666 0.1588089330024814