14 0.5021574074074074 0.6243796296296297 0.9956759259259259 0.7512314814814816
15 0.2062962962962963 0.5739444444444445 0.07062037037037036 0.09110185185185185
15 0.21062037037037037 0.7187314814814815 0.10148148148148148 0.08807407407407408
15 0.2970462962962963 0.6647037037037037 0.09656481481481483 0.10225925925925926
15 0.40755555555555556 0.6989814814814814 0.0805462962962963 0.135
15 0.4945925925925926 0.6736388888888889 0.08612037037037037 0.09099074074074073
15 0.4118796296296296 0.5730185185185185 0.1262314814814815 0.06331481481481481
15 0.37360185185185185 0.4822592592592593 0.1385648148148148 0.08921296296296295
15 0.6261018518518519 0.4893611111111111 0.06577777777777778 0.11452777777777777
15 0.7366111111111111 0.4773148148148148 0.09420370370370369 0.04228703703703704
15 0.8539074074074074 0.563138888888889 0.07694444444444444 0.07319444444444444
15 0.8440277777777777 0.7156388888888888 0.07200925925925926 0.08189814814814815
15 0.7325925925925927 0.7650462962962963 0.10469444444444444 0.19552777777777777
2 0.5233148148148148 0.511287037037037 0.16021296296296297 0.18430555555555556
2 0.6545 0.40075925925925926 0.0929537037037037 0.10399074074074074
15 0.5455277777777777 0.38039814814814815 0.07252777777777777 0.06018518518518518
8 0.7430555555555556 0.5424351851851852 0.12191666666666666 0.08178703703703703
8 0.3402777777777778 0.8341018518518519 0.16203703703703703 0.1373425925925926