4 0.1669074074074074 0.5588611111111111 0.09724074074074074 0.06515740740740741
4 0.3147685185185185 0.5528425925925926 0.10825925925925926 0.07117592592592593
4 0.2531203703703704 0.4240277777777778 0.1313240740740741 0.07016666666666667
4 0.2501111111111111 0.31275925925925924 0.09724074074074074 0.060148148148148145
4 0.3914537037037037 0.2581296296296296 0.0832037037037037 0.04511111111111111
4 0.5157592592592593 0.30574074074074076 0.08721296296296296 0.06816666666666667
4 0.5593611111111111 0.4200185185185185 0.11026851851851852 0.0842037037037037
4 0.43004629629629626 0.4591203703703704 0.10024074074074074 0.07618518518518519
4 0.5518425925925926 0.5884351851851852 0.11728703703703704 0.10024074074074074
4 0.6871759259259259 0.5252777777777777 0.12329629629629629 0.07618518518518519
4 0.8330277777777777 0.5543518518518519 0.08019444444444444 0.08621296296296296
4 0.5919444444444444 0.7523333333333333 0.15337037037037035 0.10725925925925926
4 0.7463148148148148 0.7748888888888888 0.07718518518518519 0.09022222222222222
4 0.8956759259259259 0.732787037037037 0.09122222222222222 0.09222222222222222
4 0.984175925925926 0.5327962962962962 0.03163888888888889 0.09122222222222222
4 0.9057037037037037 0.4220277777777778 0.07919444444444444 0.07217592592592594
4 0.9367777777777778 0.31827777777777777 0.09924074074074074 0.07919444444444444
4 0.9616203703703703 0.22655555555555557 0.07675 0.06615740740740741
4 0.8315277777777778 0.24810185185185185 0.08721296296296296 0.12129629629629629
4 0.71775 0.15537962962962965 0.10425000000000001 0.05412962962962963
4 0.5653796296296296 0.15287037037037038 0.10225000000000001 0.07117592592592593
4 0.6009629629629629 0.21903703703703703 0.09724074074074074 0.05914814814814815
4 0.6761481481481482 0.2997314814814815 0.11126851851851852 0.10225000000000001
3 0.23607407407407408 0.07367592592592592 0.17542592592592593 0.09924074074074074
3 0.10525925925925926 0.038092592592592595 0.21050925925925926 0.07618518518518519
3 0.014537037037037036 0.11337037037037037 0.02907407407407407 0.07417592592592592
14 0.5 0.5 1 1