4 0.16435185185185186 0.5412037037037037 0.10092592592592593 0.07037037037037037
4 0.31203703703703706 0.5430555555555555 0.11203703703703703 0.07685185185185185
4 0.2574074074074074 0.4111111111111111 0.13518518518518519 0.07685185185185185
4 0.2601851851851852 0.3 0.1 0.06481481481481481
4 0.4041666666666667 0.25277777777777777 0.08518518518518518 0.05
4 0.5259259259259259 0.30694444444444446 0.09074074074074075 0.07314814814814814
4 0.5634259259259259 0.42314814814814816 0.11481481481481481 0.08981481481481482
4 0.4324074074074074 0.45555555555555555 0.10462962962962963 0.08148148148148149
4 0.5472222222222223 0.5912037037037037 0.12222222222222222 0.10648148148148148
4 0.6856481481481481 0.5351851851851852 0.12685185185185185 0.0824074074074074
4 0.8296296296296296 0.5717592592592593 0.08518518518518518 0.08981481481481482
4 0.5787037037037037 0.7569444444444444 0.15925925925925927 0.11481481481481481
4 0.7314814814814815 0.7875 0.0824074074074074 0.09444444444444444
4 0.8828703703703704 0.7532407407407408 0.0962962962962963 0.0962962962962963
4 0.9819444444444444 0.5578703703703703 0.03611111111111111 0.09351851851851851
4 0.9092592592592592 0.44351851851851853 0.08333333333333333 0.07592592592592592
4 0.9458333333333333 0.34120370370370373 0.10277777777777777 0.08425925925925926
4 0.9675925925925926 0.25046296296296294 0.06481481481481481 0.06944444444444445
4 0.8444444444444444 0.2657407407407407 0.09351851851851851 0.1259259259259259
4 0.7356481481481482 0.16712962962962963 0.10648148148148148 0.05925925925925926
4 0.5833333333333334 0.15694444444444444 0.10648148148148148 0.07685185185185185
4 0.6157407407407407 0.22453703703703703 0.1 0.06388888888888888
4 0.6865740740740741 0.30925925925925923 0.11666666666666667 0.10833333333333334
3 0.2587962962962963 0.060648148148148145 0.18055555555555555 0.10833333333333334
3 0.1300925925925926 0.030555555555555555 0.21388888888888888 0.06111111111111111
3 0.03564814814814815 0.08842592592592592 0.032407407407407406 0.07592592592592592
14 0.5 0.5 1 1