14 0.5 0.5907407407407408 1 0.8185185185185185
15 0.21944444444444444 0.6138888888888889 0.0824074074074074 0.1
15 0.2439814814814815 0.7569444444444444 0.11203703703703703 0.10092592592592593
15 0.32175925925925924 0.6912037037037037 0.10925925925925926 0.11481481481481481
15 0.4361111111111111 0.7097222222222223 0.09814814814814815 0.14537037037037037
15 0.5189814814814815 0.6726851851851852 0.09814814814814815 0.10277777777777777
15 0.42268518518518516 0.5847222222222223 0.13333333333333333 0.07962962962962963
15 0.37222222222222223 0.5 0.14907407407407408 0.10740740740740741
15 0.6236111111111111 0.47175925925925927 0.08055555555555556 0.12222222222222222
15 0.7310185185185185 0.4444444444444444 0.09814814814814815 0.05462962962962963
15 0.8592592592592593 0.513425925925926 0.08611111111111111 0.08333333333333333
15 0.8708333333333333 0.6657407407407407 0.0824074074074074 0.09074074074074075
15 0.7671296296296296 0.7300925925925926 0.13055555555555556 0.20833333333333334
2 0.524537037037037 0.5078703703703704 0.18425925925925926 0.20462962962962963
2 0.6393518518518518 0.3800925925925926 0.10648148148148148 0.11574074074074074
15 0.5282407407407408 0.375 0.07962962962962963 0.06944444444444445
8 0.7467592592592592 0.5083333333333333 0.13148148148148148 0.09722222222222222
8 0.38842592592592595 0.8532407407407407 0.17962962962962964 0.15833333333333333