14 0.5 0.5 1 1
4 0.4111111111111111 0.16666666666666666 0.07037037037037037 0.07037037037037037
4 0.500462962962963 0.17916666666666667 0.07222222222222222 0.062037037037037036
4 0.513425925925926 0.23981481481481481 0.07592592592592592 0.07222222222222222
4 0.6087962962962963 0.28425925925925927 0.08703703703703704 0.07777777777777778
4 0.6560185185185186 0.19768518518518519 0.07685185185185185 0.07685185185185185
4 0.7574074074074074 0.2569444444444444 0.08611111111111111 0.07407407407407407
4 0.7759259259259259 0.3314814814814815 0.08425925925925926 0.07222222222222222
4 0.6601851851851852 0.44814814814814813 0.07777777777777778 0.08055555555555556
4 0.7736111111111111 0.45231481481481484 0.08333333333333333 0.06666666666666667
4 0.7032407407407407 0.5611111111111111 0.08703703703703704 0.08796296296296297
4 0.5023148148148148 0.5143518518518518 0.07777777777777778 0.08611111111111111
4 0.3597222222222222 0.31527777777777777 0.07685185185185185 0.06759259259259259
4 0.2212962962962963 0.2875 0.08888888888888889 0.08148148148148149
4 0.1361111111111111 0.4101851851851852 0.08888888888888889 0.07777777777777778
4 0.2763888888888889 0.46435185185185185 0.09166666666666666 0.06388888888888888
4 0.19722222222222222 0.6138888888888889 0.09814814814814815 0.07592592592592592
4 0.2962962962962963 0.6425925925925926 0.075 0.06944444444444445
4 0.44583333333333336 0.638425925925926 0.08055555555555556 0.07962962962962963
4 0.47638888888888886 0.8189814814814815 0.09259259259259259 0.08981481481481482
4 0.5671296296296297 0.6518518518518519 0.09444444444444444 0.08888888888888889
4 0.7041666666666667 0.7226851851851852 0.09537037037037037 0.09074074074074075
7 0.2898148148148148 0.5319444444444444 0.07592592592592592 0.08611111111111111
7 0.449537037037037 0.2814814814814815 0.09537037037037037 0.05740740740740741
7 0.5879629629629629 0.23425925925925925 0.07037037037037037 0.046296296296296294
7 0.7152777777777778 0.1587962962962963 0.09074074074074075 0.07222222222222222
7 0.8300925925925926 0.3541666666666667 0.07314814814814814 0.06481481481481481
7 0.8375 0.5097222222222222 0.07685185185185185 0.07685185185185185
7 0.6263888888888889 0.6013888888888889 0.075 0.10277777777777777
7 0.6347222222222222 0.7564814814814815 0.10462962962962963 0.08611111111111111
7 0.3638888888888889 0.663425925925926 0.11018518518518519 0.09074074074074075
7 0.47175925925925927 0.399537037037037 0.08333333333333333 0.08055555555555556
7 0.19074074074074074 0.6949074074074074 0.03333333333333333 0.01574074074074074