14 0.5138888888888888 0.4873200992555831 0.8425925925925926 0.7540694789081885
5 0.29545370370370366 0.34030603804797355 0.1451388888888889 0.07179487179487179
5 0.28481481481481485 0.265343258891646 0.09111111111111111 0.07808105872622002
5 0.4114722222222222 0.27658395368072786 0.10148148148148148 0.09925558312655088
5 0.5177685185185186 0.2306038047973532 0.11259259259259259 0.10124069478908189
5 0.46925 0.37517783291976836 0.1562962962962963 0.0794044665012407
5 0.6907314814814814 0.28419354838709676 0.16518518518518518 0.07080231596360628
5 0.6403611111111112 0.43076095947063686 0.15037037037037038 0.11116625310173697
5 0.8225833333333333 0.4181885856079404 0.08222222222222222 0.08072787427626137
5 0.8140648148148149 0.5313399503722084 0.1303703703703704 0.0913151364764268
5 0.42739814814814814 0.5131430934656741 0.14814814814814814 0.09197684036393713
5 0.5777685185185185 0.5541687344913151 0.11851851851851852 0.10521091811414392
5 0.7007314814814815 0.6100827129859389 0.1037037037037037 0.0794044665012407
5 0.6518425925925926 0.7222415219189413 0.15407407407407409 0.10388751033912323
5 0.47480555555555554 0.7288585607940448 0.16740740740740742 0.11050454921422663
5 0.3848055555555555 0.6266253101736973 0.22444444444444445 0.09396195202646815
5 0.23592592592592593 0.481712158808933 0.1637037037037037 0.15616211745244005