4 0.20694444444444443 0.6694444444444444 0.11388888888888889 0.09444444444444444
4 0.3439814814814815 0.6129629629629629 0.1259259259259259 0.1037037037037037
4 0.24212962962962964 0.512962962962963 0.14722222222222223 0.1111111111111111
4 0.20092592592592592 0.4097222222222222 0.11203703703703703 0.08981481481481482
4 0.31527777777777777 0.30972222222222223 0.09351851851851851 0.0712962962962963
4 0.44814814814814813 0.31203703703703706 0.10555555555555556 0.09444444444444444
4 0.5282407407407408 0.4046296296296296 0.13240740740740742 0.11666666666666667
4 0.4203703703703704 0.48564814814814816 0.12037037037037036 0.10555555555555556
4 0.5791666666666667 0.5652777777777778 0.14444444444444443 0.13425925925925927
4 0.6847222222222222 0.4597222222222222 0.14166666666666666 0.11388888888888889
4 0.8314814814814815 0.43703703703703706 0.10462962962962963 0.10833333333333334
4 0.6726851851851852 0.7055555555555556 0.18055555555555555 0.1527777777777778
4 0.825462962962963 0.674074074074074 0.1037037037037037 0.11203703703703703
4 0.9462962962962963 0.5828703703703704 0.10740740740740741 0.1175925925925926
4 0.9662037037037037 0.36527777777777776 0.06111111111111111 0.09722222222222222
4 0.8546296296296296 0.287962962962963 0.09907407407407408 0.09537037037037037
4 0.8481481481481481 0.17962962962962964 0.12037037037037036 0.10833333333333334
4 0.8402777777777778 0.08518518518518518 0.09444444444444444 0.08796296296296297
4 0.725462962962963 0.15 0.12314814814814815 0.14351851851851852
4 0.586574074074074 0.10185185185185185 0.11574074074074074 0.08611111111111111
4 0.4425925925925926 0.15138888888888888 0.12037037037037036 0.10185185185185185
4 0.4986111111111111 0.2013888888888889 0.1111111111111111 0.08796296296296297
4 0.5972222222222222 0.2513888888888889 0.1398148148148148 0.13425925925925927
3 0.10601851851851851 0.18981481481481483 0.19907407407407407 0.1537037037037037
3 0.0412037037037037 0.20046296296296295 0.0824074074074074 0.14351851851851852
14 0.5 0.5 1 1