14 0.5 0.6199074074074075 1 0.7601851851851852
15 0.2074074074074074 0.5791666666666667 0.07222222222222222 0.09166666666666666
15 0.21435185185185185 0.7236111111111111 0.10277777777777777 0.08981481481481482
15 0.3 0.6680555555555555 0.09814814814814815 0.1037037037037037
15 0.4111111111111111 0.700462962962963 0.08333333333333333 0.1361111111111111
15 0.4976851851851852 0.6736111111111112 0.08796296296296297 0.09259259259259259
15 0.412962962962963 0.5745370370370371 0.12685185185185185 0.06481481481481481
15 0.3731481481481482 0.4842592592592593 0.1398148148148148 0.09166666666666666
15 0.6259259259259259 0.48703703703703705 0.06759259259259259 0.11481481481481481
15 0.7361111111111112 0.47314814814814815 0.09444444444444444 0.04351851851851852
15 0.8550925925925926 0.5569444444444445 0.07777777777777778 0.07407407407407407
15 0.8476851851851852 0.7097222222222223 0.07314814814814814 0.0824074074074074
15 0.737037037037037 0.7611111111111111 0.10833333333333334 0.19722222222222222
2 0.5236111111111111 0.5106481481481482 0.16296296296296298 0.18703703703703703
2 0.6527777777777778 0.39814814814814814 0.09444444444444444 0.10555555555555556
15 0.5435185185185185 0.37962962962962965 0.07314814814814814 0.06111111111111111
8 0.7439814814814815 0.537962962962963 0.12314814814814815 0.08333333333333333
8 0.34629629629629627 0.837037037037037 0.1648148148148148 0.1398148148148148