14 0.5 0.5125260960334029 1 0.9749478079331941
13 0.2023148148148148 0.22703549060542796 0.09166666666666666 0.06784968684759916
13 0.16574074074074074 0.37995824634655534 0.10740740740740741 0.10647181628392484
13 0.26481481481481484 0.5772442588726514 0.1648148148148148 0.12317327766179541
13 0.35648148148148145 0.41492693110647183 0.13518518518518519 0.09916492693110647
13 0.4388888888888889 0.22860125260960334 0.11574074074074074 0.1022964509394572
13 0.3175925925925926 0.13778705636743216 0.08981481481481482 0.07515657620041753
13 0.44814814814814813 0.09968684759916492 0.1 0.07306889352818371
13 0.7587962962962963 0.20198329853862212 0.08611111111111111 0.081419624217119
13 0.9106481481481481 0.19624217118997914 0.11018518518518519 0.08037578288100208
13 0.8078703703703703 0.3397703549060543 0.11574074074074074 0.08872651356993737
13 0.7935185185185185 0.4326722338204593 0.15185185185185185 0.09707724425887265
13 0.5263888888888889 0.6002087682672234 0.19907407407407407 0.13987473903966596
13 0.7574074074074074 0.5662839248434238 0.09259259259259259 0.10751565762004175
13 0.7861111111111111 0.8366388308977035 0.1537037037037037 0.17849686847599164
13 0.6097222222222223 0.8251565762004175 0.1527777777777778 0.16805845511482254