14 0.5 0.6136186770428016 1 0.7011673151750972
11 0.3263888888888889 0.42217898832684825 0.08796296296296297 0.053696498054474705
11 0.3921296296296296 0.4859922178988327 0.10092592592592593 0.06459143968871596
11 0.44305555555555554 0.40894941634241244 0.06759259259259259 0.04669260700389105
11 0.6041666666666666 0.4132295719844358 0.07777777777777778 0.05291828793774319
11 0.5666666666666667 0.4883268482490272 0.07777777777777778 0.05758754863813229
11 0.48842592592592593 0.5649805447470817 0.09444444444444444 0.05603112840466926
11 0.36898148148148147 0.546692607003891 0.0962962962962963 0.0622568093385214
11 0.22824074074074074 0.5256809338521401 0.10277777777777777 0.052140077821011675
11 0.4546296296296296 0.6937743190661478 0.12407407407407407 0.09027237354085603
11 0.3296296296296296 0.7058365758754864 0.12129629629629629 0.08560311284046693
11 0.2222222222222222 0.6373540856031128 0.11203703703703703 0.0622568093385214
11 0.6578703703703703 0.5657587548638132 0.10740740740740741 0.07626459143968872
11 0.7777777777777778 0.5704280155642023 0.1175925925925926 0.07937743190661478
11 0.7675925925925926 0.46575875486381324 0.1111111111111111 0.06926070038910506