14 0.5 0.5681481481481482 1 0.8637037037037038
4 0.34444444444444444 0.47074074074074074 0.15185185185185185 0.0837037037037037
4 0.19166666666666668 0.5048148148148148 0.14074074074074075 0.08592592592592592
4 0.08981481481481482 0.6244444444444445 0.16018518518518518 0.12962962962962962
4 0.18888888888888888 0.6725925925925926 0.19722222222222222 0.11555555555555555
4 0.3768518518518518 0.7407407407407407 0.24814814814814815 0.15925925925925927
4 0.6356481481481482 0.8011111111111111 0.22870370370370371 0.15333333333333332
4 0.7291666666666666 0.6503703703703704 0.2490740740740741 0.17333333333333334
4 0.475462962962963 0.577037037037037 0.18796296296296297 0.13185185185185186
4 0.33194444444444443 0.5474074074074075 0.175 0.0874074074074074
4 0.6333333333333333 0.4866666666666667 0.13703703703703704 0.11259259259259259
4 0.8023148148148148 0.5225925925925926 0.2212962962962963 0.10814814814814815
4 0.8458333333333333 0.412962962962963 0.17037037037037037 0.09037037037037036
4 0.7319444444444444 0.3940740740740741 0.13240740740740742 0.09333333333333334
4 0.5574074074074075 0.37 0.22314814814814815 0.10888888888888888