14 0.5 0.5 1 1
6 0.8337962962962963 0.654320987654321 0.06851851851851852 0.07160493827160494
6 0.375 0.5012345679012346 0.05555555555555555 0.10987654320987654
6 0.5416666666666666 0.6475308641975308 0.03981481481481482 0.044444444444444446
6 0.7421296296296296 0.12901234567901235 0.027777777777777776 0.03209876543209877
12 0.5601851851851852 0.8179012345679012 0.10462962962962963 0.12222222222222222
12 0.7166666666666667 0.7524691358024691 0.09259259259259259 0.09135802469135802
12 0.8435185185185186 0.5067901234567901 0.08981481481481482 0.15308641975308643
12 0.9148148148148149 0.5222222222222223 0.06111111111111111 0.07407407407407407
12 0.4925925925925926 0.49382716049382713 0.11203703703703703 0.08765432098765433
12 0.19722222222222222 0.47098765432098766 0.13055555555555556 0.09753086419753086
12 0.10833333333333334 0.29506172839506173 0.053703703703703705 0.04567901234567901
12 0.5574074074074075 0.06234567901234568 0.04259259259259259 0.04567901234567901
12 0.6212962962962963 0.3549382716049383 0.05277777777777778 0.06419753086419754