14 0.5 0.47185185185185186 1 0.9437037037037037
15 0.362962962962963 0.14888888888888888 0.13518518518518519 0.08888888888888889
15 0.16620370370370371 0.3718518518518519 0.10740740740740741 0.1
15 0.32407407407407407 0.3851851851851852 0.14074074074074075 0.1288888888888889
15 0.5805555555555556 0.35814814814814816 0.12777777777777777 0.12074074074074075
15 0.8060185185185185 0.4085185185185185 0.12037037037037036 0.09555555555555556
15 0.8912037037037037 0.46814814814814815 0.16111111111111112 0.07851851851851852
15 0.6342592592592593 0.595925925925926 0.15648148148148147 0.10740740740740741
15 0.8189814814814815 0.6403703703703704 0.17962962962962964 0.1437037037037037
15 0.28935185185185186 0.6574074074074074 0.22777777777777777 0.14888888888888888
9 0.5527777777777778 0.10111111111111111 0.14907407407407408 0.07925925925925927
9 0.1486111111111111 0.23444444444444446 0.08611111111111111 0.06
9 0.7611111111111111 0.15444444444444444 0.0824074074074074 0.08592592592592592
9 0.8180555555555555 0.2866666666666667 0.0712962962962963 0.056296296296296296
9 0.750462962962963 0.7866666666666666 0.3194444444444444 0.1562962962962963
9 0.9087962962962963 0.6614814814814814 0.1824074074074074 0.10814814814814815
9 0.47638888888888886 0.7811111111111111 0.25925925925925924 0.14222222222222222
9 0.2162037037037037 0.7837037037037037 0.19444444444444445 0.1288888888888889
9 0.12129629629629629 0.6474074074074074 0.16111111111111112 0.20074074074074075