14 0.5 0.5774074074074074 1 0.8451851851851852
4 0.34675925925925927 0.4640740740740741 0.14907407407407408 0.07851851851851852
4 0.19166666666666668 0.4918518518518519 0.13703703703703704 0.08074074074074074
4 0.0824074074074074 0.607037037037037 0.1537037037037037 0.12444444444444444
4 0.17824074074074073 0.6592592592592592 0.1925925925925926 0.10888888888888888
4 0.36157407407407405 0.7351851851851852 0.24166666666666667 0.1511111111111111
4 0.6157407407407407 0.8062962962962963 0.2222222222222222 0.14592592592592593
4 0.7189814814814814 0.6596296296296297 0.24166666666666667 0.16518518518518518
4 0.4703703703703704 0.575925925925926 0.1824074074074074 0.1259259259259259
4 0.32916666666666666 0.5403703703703704 0.17222222222222222 0.08148148148148149
4 0.6337962962962963 0.4922222222222222 0.13148148148148148 0.10888888888888888
4 0.8004629629629629 0.5351851851851852 0.21851851851851853 0.1
4 0.850925925925926 0.42777777777777776 0.16666666666666666 0.08444444444444445
4 0.7384259259259259 0.40370370370370373 0.1287037037037037 0.08888888888888889
4 0.5657407407407408 0.3725925925925926 0.21944444444444444 0.10148148148148148