14 0.5 0.6324074074074074 1 0.7351851851851852
15 0.09537037037037037 0.5212962962962963 0.125 0.13240740740740742
15 0.27175925925925926 0.6504629629629629 0.1685185185185185 0.09907407407407408
15 0.46435185185185185 0.4981481481481482 0.10740740740740741 0.11481481481481481
15 0.3638888888888889 0.36064814814814816 0.09351851851851851 0.10185185185185185
15 0.5833333333333334 0.4013888888888889 0.06388888888888888 0.08055555555555556
15 0.6449074074074074 0.49583333333333335 0.1 0.08888888888888889
15 0.7212962962962963 0.5560185185185185 0.14814814814814814 0.075
15 0.6819444444444445 0.5930555555555556 0.1037037037037037 0.08611111111111111
15 0.5120370370370371 0.6476851851851851 0.10925925925925926 0.1
15 0.5314814814814814 0.8217592592592593 0.14722222222222223 0.13518518518518519
15 0.7962962962962963 0.7379629629629629 0.18888888888888888 0.14537037037037037
15 0.9481481481481482 0.5962962962962963 0.10092592592592593 0.13240740740740742
8 0.7944444444444444 0.4356481481481482 0.18703703703703703 0.16574074074074074
8 0.23425925925925925 0.3976851851851852 0.15648148148148147 0.11666666666666667
8 0.337037037037037 0.5342592592592592 0.13703703703703704 0.14166666666666666
8 0.1388888888888889 0.6546296296296297 0.12407407407407407 0.17037037037037037
8 0.38935185185185184 0.8189814814814815 0.15185185185185185 0.19074074074074074
8 0.562037037037037 0.5449074074074074 0.14444444444444443 0.1
8 0.8481481481481481 0.5708333333333333 0.1259259259259259 0.12037037037037036