14 0.5 0.5199074074074074 1 0.9601851851851851
3 0.4449074074074074 0.5995370370370371 0.14537037037037037 0.13703703703703704
3 0.6356481481481482 0.7555555555555555 0.19814814814814816 0.15185185185185185
3 0.4875 0.4111111111111111 0.18703703703703703 0.16111111111111112
3 0.9347222222222222 0.2712962962962963 0.13055555555555556 0.09259259259259259
3 0.4759259259259259 0.15787037037037038 0.125 0.0712962962962963
3 0.39814814814814814 0.19398148148148148 0.08888888888888889 0.06481481481481481
3 0.28425925925925927 0.22314814814814815 0.11481481481481481 0.075
3 0.325 0.29953703703703705 0.0824074074074074 0.08611111111111111
3 0.34444444444444444 0.4583333333333333 0.1111111111111111 0.14351851851851852
3 0.6310185185185185 0.4152777777777778 0.12037037037037036 0.12777777777777777
3 0.862037037037037 0.33611111111111114 0.07314814814814814 0.06574074074074074
3 0.9333333333333333 0.6296296296296297 0.08981481481481482 0.09166666666666666
3 0.8416666666666667 0.750462962962963 0.17777777777777778 0.16296296296296298