14 0.5 0.49962935507783546 1 0.8806523350630097
12 0.4515092592592593 0.35832468495181613 0.06649074074074074 0.06639733135656041
12 0.24023148148148146 0.45019273535952553 0.09008333333333333 0.05552260934025204
12 0.5008425925925926 0.5475018532246109 0.08222222222222222 0.05209043736100815
12 0.630611111111111 0.5309043736100816 0.10581481481481482 0.06696812453669385
12 0.8472407407407407 0.49054855448480356 0.08007407407407408 0.07441067457375834
12 0.745 0.41184581171237955 0.10438888888888888 0.036063750926612306
12 0.6542037037037036 0.2801927353595256 0.06577777777777778 0.07154929577464789
12 0.42612037037037037 0.1576945885841364 0.08007407407407408 0.057813194959229056
12 0.9119537037037037 0.6880281690140845 0.0793611111111111 0.08242401779095626
12 0.8969351851851852 0.5752631578947368 0.08364814814814815 0.03320237212750185
12 0.6663518518518519 0.6210600444773906 0.05719444444444445 0.06754633061527057
12 0.7682407407407408 0.6740029651593773 0.11939814814814814 0.08643439584877687
12 0.5251481481481481 0.6602668643439585 0.07221296296296296 0.057813194959229056
12 0.30564814814814817 0.642238695329874 0.07221296296296296 0.05724240177909563
12 0.2641851851851852 0.5306152705707932 0.06792592592592593 0.050370644922164566
12 0.3796481481481481 0.5366271312083024 0.12440740740740742 0.07613046701260193
12 0.5684074074074074 0.7684507042253522 0.09724074074074074 0.06696812453669385
12 0.5011944444444444 0.8551742031134174 0.12440740740740742 0.06983691623424759
12 0.36285185185185187 0.7152186805040771 0.09509259259259259 0.041786508524833205
12 0.3642777777777778 0.3563232023721275 0.10224074074074074 0.08528539659006672