14 0.5 0.5893518518518519 1 0.8212962962962963
15 0.1361111111111111 0.6777777777777778 0.14351851851851852 0.14907407407407408
15 0.3486111111111111 0.7277777777777777 0.17777777777777778 0.1259259259259259
15 0.46620370370370373 0.5120370370370371 0.12407407407407407 0.12962962962962962
15 0.32037037037037036 0.42453703703703705 0.10740740740740741 0.11388888888888889
15 0.537962962962963 0.3768518518518518 0.07592592592592592 0.08796296296296297
15 0.6314814814814815 0.4393518518518518 0.11203703703703703 0.1037037037037037
15 0.725462962962963 0.4648148148148148 0.1537037037037037 0.09907407407407408
15 0.7041666666666667 0.5143518518518518 0.11481481481481481 0.10185185185185185
15 0.5685185185185185 0.6314814814814815 0.12314814814814815 0.11574074074074074
15 0.6546296296296297 0.7837962962962963 0.1648148148148148 0.15648148148148147
15 0.8657407407407407 0.6032407407407407 0.2064814814814815 0.17407407407407408
15 0.9449074074074074 0.412962962962963 0.11018518518518519 0.14444444444444443
8 0.7462962962962963 0.32546296296296295 0.20833333333333334 0.19166666666666668
8 0.2152777777777778 0.5092592592592593 0.16944444444444445 0.1398148148148148
8 0.36342592592592593 0.5949074074074074 0.15648148148148147 0.16018518518518518
8 0.22824074074074074 0.7833333333333333 0.15 0.18425925925925926
8 0.5226851851851851 0.836574074074074 0.18055555555555555 0.20925925925925926
8 0.5745370370370371 0.5171296296296296 0.15555555555555556 0.12222222222222222
8 0.8481481481481481 0.42916666666666664 0.14166666666666666 0.13796296296296295