14 0.5138888888888888 0.5061759259259259 0.9722222222222222 0.5678981481481482
8 0.6550925925925926 0.44258333333333333 0.13452777777777777 0.10539814814814814
8 0.6855092592592593 0.7176481481481481 0.1384166666666667 0.1466574074074074
8 0.7827314814814815 0.5157777777777778 0.10546296296296297 0.07250925925925926
8 0.9461574074074074 0.5017777777777778 0.10768518518518519 0.06426851851851852
8 0.39054629629629634 0.4951851851851851 0.08074999999999999 0.07910185185185185
8 0.42474074074074075 0.716824074074074 0.16066666666666668 0.1104074074074074
8 0.346462962962963 0.32792592592592595 0.3485277777777778 0.11205555555555555
11 0.6809814814814815 0.2766388888888889 0.1147037037037037 0.07518518518518519
11 0.68725 0.5841111111111111 0.15614814814814815 0.10410185185185186
11 0.9163981481481481 0.5792962962962963 0.16720370370370372 0.11181481481481483
11 0.8125555555555555 0.7648425925925926 0.16193518518518518 0.051083333333333335
11 0.19662962962962965 0.514712962962963 0.12915740740740742 0.09446296296296296
11 0.1807314814814815 0.40531481481481485 0.14554629629629628 0.07614814814814815
11 0.6226666666666667 0.3532592592592592 0.09831481481481483 0.07228703703703702