14 0.5 0.49925871015567086 1 0.8947368421052632
12 0.4546296296296296 0.35767234988880653 0.06759259259259259 0.06671608598962195
12 0.2412037037037037 0.44662713120830244 0.09074074074074075 0.05707931801334322
12 0.5 0.5474425500370645 0.0824074074074074 0.05337286879169755
12 0.6300925925925925 0.5326167531504818 0.10740740740740741 0.0681986656782802
12 0.8472222222222222 0.4955522609340252 0.08148148148148149 0.07561156412157154
12 0.7467592592592592 0.41512231282431433 0.10555555555555556 0.03780578206078577
12 0.6587962962962963 0.2824314306893996 0.06759259259259259 0.07190511489992588
12 0.4337962962962963 0.15678280207561157 0.08055555555555556 0.05856189770200148
12 0.9078703703703703 0.6938472942920682 0.08148148148148149 0.083765752409192
12 0.8953703703703704 0.5808005930318755 0.08425925925925926 0.0340993328391401
12 0.6638888888888889 0.6234247590808006 0.05925925925925926 0.0681986656782802
12 0.7643518518518518 0.6779095626389918 0.12129629629629629 0.08821349147516679
12 0.5217592592592593 0.6604892512972572 0.07314814814814814 0.05856189770200148
12 0.30277777777777776 0.639362490733877 0.07314814814814814 0.05782060785767235
12 0.26342592592592595 0.5274277242401779 0.06851851851851852 0.05114899925871016
12 0.3787037037037037 0.5348406226834692 0.1259259259259259 0.0770941438102298
12 0.5625 0.7694588584136397 0.09907407407407408 0.06893995552260934
12 0.4935185185185185 0.8550778354336546 0.1259259259259259 0.07116382505559674
12 0.35833333333333334 0.7131208302446257 0.09537037037037037 0.042994810971089696
12 0.3675925925925926 0.3543365455893254 0.10462962962962963 0.08673091178650852