14 0.5 0.5 1 1
11 0.7671296296296296 0.6831932773109244 0.24537037037037038 0.2092436974789916
11 0.5708333333333333 0.3899159663865546 0.1962962962962963 0.17647058823529413
11 0.42824074074074076 0.30840336134453783 0.17314814814814813 0.13109243697478992
11 0.7069444444444445 0.23319327731092437 0.16574074074074074 0.13025210084033614
11 0.1763888888888889 0.6915966386554622 0.2518518518518518 0.20336134453781513
11 0.19537037037037036 0.523109243697479 0.20555555555555555 0.12352941176470589
11 0.24953703703703703 0.27058823529411763 0.17592592592592593 0.12436974789915967
11 0.06527777777777778 0.3281512605042017 0.13055555555555556 0.12184873949579832
11 0.5041666666666667 0.15798319327731092 0.14351851851851852 0.10756302521008404
8 0.7791666666666667 0.32857142857142857 0.23148148148148148 0.15966386554621848
8 0.8768518518518519 0.4088235294117647 0.15925925925925927 0.13025210084033614
8 0.399537037037037 0.7046218487394958 0.2638888888888889 0.25882352941176473
8 0.42592592592592593 0.5289915966386555 0.23796296296296296 0.15966386554621848
8 0.3398148148148148 0.19411764705882353 0.175 0.10084033613445378
8 0.10833333333333334 0.42478991596638654 0.21666666666666667 0.18907563025210083