14 0.5 0.5643967431532199 1 0.8712065136935603
12 0.13657407407407407 0.39489267209474466 0.14444444444444443 0.1073279052553664
12 0.5189814814814815 0.31717246484085865 0.09074074074074075 0.07179866765358993
12 0.4444444444444444 0.4607698001480385 0.11944444444444445 0.09548482605477424
12 0.6685185185185185 0.40414507772020725 0.11481481481481481 0.07772020725388601
12 0.5810185185185185 0.6228719467061435 0.12777777777777777 0.11028867505551443
12 0.08009259259259259 0.6728349370836417 0.12314814814814815 0.11102886750555144
12 0.3597222222222222 0.6132494448556625 0.1537037037037037 0.09770540340488527
12 0.3101851851851852 0.8941524796447077 0.17685185185185184 0.14877868245743894
12 0.6416666666666667 0.8527017024426351 0.16296296296296298 0.12953367875647667
12 0.8814814814814815 0.7620281273131014 0.1175925925925926 0.0925240562546262
12 0.8569444444444444 0.6465581051073279 0.13055555555555556 0.10214655810510732
12 0.6884259259259259 0.4863064396743153 0.12777777777777777 0.05847520355292376
12 0.35694444444444445 0.2853441894892672 0.0787037037037037 0.10436713545521836
15 0.6782407407407407 0.32938564026646927 0.20185185185185187 0.11102886750555144
15 0.3611111111111111 0.24537379718726868 0.19074074074074074 0.10066617320503331
15 0.6981481481481482 0.8815692079940785 0.24074074074074073 0.23686158401184307