14 0.5 0.5 1 1
2 0.4671077762619372 0.38185538881309683 0.27300136425648025 0.15781718963165076
2 0.07027285129604366 0.28740791268758525 0.14053206002728513 0.11403819918144611
2 0.07948158253751705 0.6059072305593451 0.1589631650750341 0.20733969986357434
2 0.4313915416098226 0.03916780354706685 0.22923601637107777 0.0783356070941337
4 0.512605729877217 0.11403819918144611 0.19813096862210094 0.0875443383356071
4 0.2079263301500682 0.05298772169167804 0.116343792633015 0.10597544338335609
4 0.07429740791268759 0.12901773533424282 0.14859481582537518 0.1658799454297408
4 0.2637926330150068 0.18603001364256483 0.20503410641200545 0.10252387448840383
4 0.6059072305593451 0.2378717598908595 0.3916507503410641 0.10252387448840383
4 0.6986357435197817 0.3651568894952251 0.17624829467939973 0.12440654843110505
4 0.41181446111869036 0.5281582537517053 0.2706957708049113 0.12326057298772168
4 0.116343792633015 0.861637107776262 0.23268758526603 0.161268758526603
4 0.40547066848567526 0.7648703956343792 0.14053206002728513 0.2396043656207367
4 0.7199454297407913 0.618581173260573 0.13361527967257844 0.1681855388813097