14 0.5 0.5 1 1
2 0.45702592087312416 0.38540245566166437 0.28512960436562074 0.18144611186903137
2 0.06412005457025921 0.3246930422919509 0.12824010914051842 0.12551159618008187
2 0.09004092769440655 0.6418826739427013 0.17598908594815826 0.22100954979536153
2 0.39154160982264663 0.047748976807639835 0.23465211459754434 0.09549795361527967
4 0.47885402455661663 0.1145975443383356 0.20463847203274216 0.10368349249658936
4 0.1684856753069577 0.07980900409276943 0.12414733969986358 0.1145975443383356
4 0.061391541609822645 0.16712141882673942 0.12278308321964529 0.17871759890859482
4 0.2373806275579809 0.20804911323328787 0.21418826739427013 0.12005457025920874
4 0.582537517053206 0.22987721691678034 0.39836289222373805 0.1364256480218281
4 0.6862210095497954 0.3485675306957708 0.1855388813096862 0.13915416098226466
4 0.4147339699863574 0.5354706684856753 0.27967257844474763 0.14597544338335608
4 0.14870395634379263 0.892905866302865 0.24556616643929058 0.1800818553888131
4 0.42905866302864937 0.772169167803547 0.16098226466575716 0.24965893587994542
4 0.7291950886766713 0.5989085948158254 0.14733969986357434 0.17871759890859482