14 0.5007685185185186 0.48148148148148145 0.8780833333333333 0.6481481481481481
2 0.3275925925925926 0.31689814814814815 0.06734259259259259 0.045953703703703705
2 0.5866574074074075 0.5878425925925926 0.057833333333333334 0.06971296296296296
2 0.7336203703703703 0.40879629629629627 0.07288888888888889 0.031685185185185184
2 0.6520185185185184 0.286 0.031685185185185184 0.031685185185185184
2 0.48921296296296296 0.22776851851851854 0.048324074074074075 0.03406481481481481
2 0.2626296296296296 0.44960185185185186 0.041990740740740745 0.03406481481481481
2 0.37473148148148144 0.42345370370370367 0.03010185185185185 0.026148148148148146
2 0.43256481481481485 0.5121851851851852 0.07763888888888888 0.026148148148148146
2 0.3375 0.6278518518518519 0.04119444444444444 0.06892592592592592
2 0.4175092592592593 0.6040833333333333 0.052287037037037035 0.04515740740740741
4 0.4001481481481482 0.556962962962963 0.14968518518518517 0.06085185185185185
4 0.5541851851851851 0.4964537037037037 0.12564814814814815 0.06575
4 0.7051203703703703 0.5007777777777778 0.09789814814814815 0.08922222222222222
4 0.3087777777777778 0.414962962962963 0.12002777777777777 0.12499074074074075
4 0.4217592592592593 0.2871574074074074 0.12375925925925925 0.0915925925925926
4 0.42854629629629626 0.3578425925925926 0.10030555555555555 0.05889814814814815
4 0.6575925925925926 0.3513611111111111 0.12875925925925927 0.07186111111111111