14 0.4981481481481482 0.48148148148148145 0.9592592592592593 0.7638888888888888
2 0.3037037037037037 0.3425925925925926 0.07314814814814814 0.05555555555555555
2 0.5981481481481481 0.575 0.06759259259259259 0.07777777777777778
2 0.7185185185185186 0.3773148148148148 0.07685185185185185 0.041666666666666664
2 0.6208333333333333 0.2671296296296296 0.03518518518518519 0.03518518518518519
2 0.4513888888888889 0.23194444444444445 0.05277777777777778 0.03981481481481482
2 0.25787037037037036 0.48333333333333334 0.046296296296296294 0.03981481481481482
2 0.36527777777777776 0.44166666666666665 0.03333333333333333 0.02962962962962963
2 0.43472222222222223 0.5212962962962963 0.08055555555555556 0.03611111111111111
2 0.35694444444444445 0.649074074074074 0.05092592592592592 0.07407407407407407
2 0.43287037037037035 0.6143518518518518 0.05740740740740741 0.05185185185185185
4 0.40925925925925927 0.5703703703703704 0.15648148148148147 0.08055555555555556
4 0.5532407407407407 0.4888888888888889 0.13333333333333333 0.0824074074074074
4 0.7032407407407407 0.4722222222222222 0.10925925925925926 0.10185185185185185
4 0.2986111111111111 0.4425925925925926 0.1361111111111111 0.14074074074074075
4 0.39305555555555555 0.3 0.13518518518518519 0.10833333333333334
4 0.40925925925925927 0.36898148148148147 0.10740740740740741 0.07222222222222222
4 0.6351851851851852 0.33101851851851855 0.13703703703703704 0.08888888888888889