14 0.5018518518518519 0.48148148148148145 0.9101851851851852 0.6935185185185185
2 0.3375 0.30833333333333335 0.06944444444444445 0.05
2 0.5819444444444445 0.5921296296296297 0.062037037037037036 0.07314814814814814
2 0.7379629629629629 0.4212962962962963 0.075 0.03611111111111111
2 0.662962962962963 0.29444444444444445 0.03333333333333333 0.03333333333333333
2 0.5037037037037037 0.22777777777777777 0.05 0.03611111111111111
2 0.2657407407407407 0.43703703703703706 0.04351851851851852 0.03611111111111111
2 0.3787037037037037 0.41712962962962963 0.03148148148148148 0.027777777777777776
2 0.43194444444444446 0.5087962962962963 0.0787037037037037 0.02962962962962963
2 0.33101851851851855 0.6189814814814815 0.04537037037037037 0.07037037037037037
2 0.41203703703703703 0.5995370370370371 0.05462962962962963 0.04814814814814815
4 0.3972222222222222 0.5518518518518518 0.1527777777777778 0.06851851851851852
4 0.5541666666666667 0.49907407407407406 0.1287037037037037 0.07222222222222222
4 0.7046296296296296 0.5115740740740741 0.10185185185185185 0.09351851851851851
4 0.31342592592592594 0.4050925925925926 0.1259259259259259 0.13148148148148148
4 0.43287037037037035 0.2833333333333333 0.12777777777777777 0.09814814814814815
4 0.4361111111111111 0.3541666666666667 0.10277777777777777 0.06388888888888888
4 0.6652777777777777 0.3597222222222222 0.13240740740740742 0.07777777777777778