14 0.4925925925925926 0.5254629629629629 0.9425925925925925 0.9175925925925926
3 0.39490740740740743 0.2833333333333333 0.13796296296296295 0.1638888888888889
3 0.6875 0.31296296296296294 0.14444444444444443 0.13703703703703704
3 0.5319444444444444 0.4703703703703704 0.16203703703703703 0.1398148148148148
3 0.27685185185185185 0.4537037037037037 0.16574074074074074 0.12777777777777777
3 0.31296296296296294 0.7134259259259259 0.18888888888888888 0.1712962962962963
3 0.6504629629629629 0.7027777777777777 0.15 0.14537037037037037
9 0.5388888888888889 0.3375 0.05740740740740741 0.058333333333333334
9 0.44583333333333336 0.19953703703703704 0.06018518518518518 0.04722222222222222
9 0.34120370370370373 0.37916666666666665 0.04814814814814815 0.04351851851851852
9 0.36435185185185187 0.4759259259259259 0.053703703703703705 0.06018518518518518
9 0.3680555555555556 0.6976851851851852 0.044444444444444446 0.05277777777777778
9 0.5601851851851852 0.5916666666666667 0.037037037037037035 0.03888888888888889
9 0.48564814814814816 0.8078703703703703 0.06481481481481481 0.07777777777777778
9 0.7097222222222223 0.5337962962962963 0.05185185185185185 0.05555555555555555
9 0.6995370370370371 0.43333333333333335 0.09166666666666666 0.09074074074074075