14 0.525 0.5146443514644351 0.8240740740740741 0.7531380753138075
15 0.5180648148148148 0.6267224546722455 0.11099074074074075 0.09803347280334729
15 0.3416944444444444 0.5002510460251046 0.08600925925925926 0.1706834030683403
15 0.39951851851851855 0.2599721059972106 0.08890740740740741 0.05252440725244072
15 0.5198055555555555 0.30504881450488147 0.07031481481481482 0.0691492329149233
15 0.6142407407407408 0.37900976290097627 0.0755462962962963 0.05426778242677824
15 0.6281851851851853 0.30023709902370993 0.04881481481481481 0.06476987447698744
15 0.5811111111111111 0.17987447698744768 0.03835185185185185 0.04814504881450488
15 0.7412129629629629 0.2096373779637378 0.04939814814814815 0.06564853556485356
15 0.7845092592592593 0.31423988842398887 0.04532407407407408 0.06476987447698744
15 0.7647499999999999 0.5356903765690376 0.08019444444444444 0.0997907949790795
15 0.7641666666666667 0.4556066945606695 0.03137962962962963 0.0603905160390516
15 0.6950185185185185 0.3873361227336123 0.039518518518518515 0.049888423988842405
12 0.36259259259259263 0.3268200836820084 0.057805555555555554 0.03417015341701534
12 0.2678333333333333 0.6007252440725245 0.11269444444444444 0.057322175732217574
12 0.505287037037037 0.44751743375174335 0.05487962962962963 0.03306834030683403
12 0.5327314814814815 0.39790794979079497 0.06000925925925926 0.03306834030683403
12 0.6563981481481481 0.5731659693165969 0.09074074074074075 0.046290097629009756
12 0.5835925925925926 0.7148117154811715 0.10463888888888889 0.04739191073919107
12 0.6871388888888889 0.6591492329149233 0.04098148148148148 0.12566248256624826
12 0.7760462962962963 0.657489539748954 0.08122222222222222 0.02755927475592748
12 0.8660555555555556 0.4574337517433752 0.10171296296296296 0.04188284518828452
12 0.6896944444444445 0.34334728033472806 0.07390740740740741 0.06723849372384938
12 0.49071296296296296 0.24174337517433753 0.05031481481481482 0.053138075313807535