14 0.4961388888888889 0.5262314814814815 0.8379629629629629 0.8086388888888889
3 0.36588888888888893 0.3002314814814815 0.11828703703703704 0.1493611111111111
3 0.6596018518518518 0.28870370370370374 0.12831481481481483 0.12029629629629629
3 0.527287037037037 0.4661388888888889 0.14635185185185184 0.12029629629629629
3 0.27266666666666667 0.48518518518518516 0.15237037037037038 0.10825925925925926
3 0.3443425925925926 0.7372962962962962 0.16941666666666666 0.1493611111111111
3 0.6771481481481482 0.6796574074074074 0.1333240740740741 0.12831481481481483
9 0.5159444444444444 0.33352777777777776 0.05057407407407407 0.05177777777777778
9 0.4045740740740741 0.20981481481481482 0.05538888888888889 0.04033333333333333
9 0.3257037037037037 0.40246296296296297 0.04334259259259259 0.037925925925925925
9 0.36212962962962963 0.49487962962962967 0.04636111111111111 0.05418518518518519
9 0.3970462962962963 0.7140185185185185 0.037925925925925925 0.04816666666666667
9 0.5725370370370371 0.5824722222222223 0.03250925925925926 0.03431481481481482
9 0.528888888888889 0.8070370370370371 0.05599074074074074 0.07043518518518518
9 0.7125092592592592 0.5042037037037037 0.04515740740740741 0.04997222222222222
9 0.6881296296296295 0.4063796296296296 0.08187962962962964 0.08067592592592591