14 0.5259259259259259 0.5090655509065551 0.8851851851851852 0.9191073919107392
15 0.5296296296296297 0.6220362622036262 0.11851851851851852 0.12133891213389121
15 0.34305555555555556 0.5334728033472803 0.1 0.18688981868898186
15 0.37824074074074077 0.28312412831241285 0.09259259259259259 0.0697350069735007
15 0.5013888888888889 0.30264993026499304 0.07592592592592592 0.08368200836820083
15 0.6018518518518519 0.3563458856345886 0.07962962962962963 0.0697350069735007
15 0.6083333333333333 0.2754532775453278 0.05462962962962963 0.07391910739191074
15 0.5509259259259259 0.16596931659693165 0.041666666666666664 0.05578800557880056
15 0.712037037037037 0.16178521617852162 0.05462962962962963 0.07531380753138076
15 0.7643518518518518 0.25662482566248257 0.05092592592592592 0.07391910739191074
15 0.7652777777777777 0.4797768479776848 0.08796296296296297 0.11576011157601115
15 0.7574074074074074 0.40097629009762903 0.037037037037037035 0.06555090655509066
15 0.6828703703703703 0.3472803347280335 0.044444444444444446 0.058577405857740586
12 0.34814814814814815 0.35704323570432356 0.06111111111111111 0.04602510460251046
12 0.2796296296296296 0.6485355648535565 0.11666666666666667 0.08089260808926081
12 0.500462962962963 0.44700139470013944 0.05740740740740741 0.044630404463040445
12 0.5231481481481481 0.39191073919107394 0.06296296296296296 0.04602510460251046
12 0.6615740740740741 0.5397489539748954 0.09444444444444444 0.06555090655509066
12 0.6027777777777777 0.6952580195258019 0.10833333333333334 0.06834030683403068
12 0.7 0.6185495118549512 0.05185185185185185 0.13249651324965134
12 0.787962962962963 0.5983263598326359 0.08333333333333333 0.043235704323570434
12 0.8583333333333333 0.38145048814504884 0.10462962962962963 0.06276150627615062
12 0.6731481481481482 0.3054393305439331 0.07962962962962963 0.08228730822873083
12 0.4671296296296296 0.24616457461645747 0.05462962962962963 0.06276150627615062