14 0.5 0.5 1 1
15 0.25046296296296294 0.3541666666666667 0.09444444444444444 0.07592592592592592
15 0.31527777777777777 0.3712962962962963 0.08611111111111111 0.07314814814814814
15 0.3851851851851852 0.20925925925925926 0.10462962962962963 0.075
15 0.4449074074074074 0.33425925925925926 0.08796296296296297 0.08518518518518518
15 0.5060185185185185 0.6027777777777777 0.12129629629629629 0.12685185185185185
15 0.5527777777777778 0.5402777777777777 0.1398148148148148 0.10740740740740741
15 0.8189814814814815 0.43425925925925923 0.15185185185185185 0.13333333333333333
15 0.7930555555555555 0.22962962962962963 0.11018518518518519 0.10833333333333334
11 0.20046296296296295 0.5254629629629629 0.11388888888888889 0.11851851851851852
11 0.33287037037037037 0.48935185185185187 0.18611111111111112 0.11574074074074074
11 0.37175925925925923 0.625 0.14629629629629629 0.1259259259259259
11 0.6236111111111111 0.3902777777777778 0.1361111111111111 0.13425925925925927
11 0.7217592592592592 0.5643518518518519 0.15925925925925927 0.15925925925925927
11 0.762962962962963 0.3509259259259259 0.17685185185185184 0.125
11 0.5481481481481482 0.2199074074074074 0.15925925925925927 0.13703703703703704
2 0.42268518518518516 0.7203703703703703 0.15 0.14722222222222223
2 0.1726851851851852 0.38842592592592595 0.10648148148148148 0.10092592592592593
2 0.5967592592592592 0.24675925925925926 0.18703703703703703 0.1537037037037037
2 0.6990740740740741 0.27361111111111114 0.11388888888888889 0.12314814814814815
2 0.33935185185185185 0.3 0.10555555555555556 0.08888888888888889
2 0.500462962962963 0.4013888888888889 0.14907407407407408 0.12407407407407407