14 0.5 0.5 1 1
2 0.38472222222222224 0.2244668911335578 0.1425925925925926 0.12906846240179573
2 0.31574074074074077 0.5611672278338945 0.11481481481481481 0.16161616161616163
2 0.37407407407407406 0.4943883277216611 0.09259259259259259 0.14702581369248036
2 0.7847222222222222 0.3445566778900112 0.15185185185185185 0.17620650953984288
2 0.6731481481481482 0.14646464646464646 0.08518518518518518 0.10213243546576879
2 0.674537037037037 0.34231200897867564 0.06296296296296296 0.06509539842873176
2 0.5731481481481482 0.8035914702581369 0.08611111111111111 0.08080808080808081
4 0.4097222222222222 0.3254769921436588 0.2675925925925926 0.21548821548821548
4 0.5708333333333333 0.36363636363636365 0.15833333333333333 0.19304152637485972
4 0.6550925925925926 0.5645342312008979 0.26296296296296295 0.27497194163860833
4 0.38333333333333336 0.6947250280583613 0.12129629629629629 0.1324354657687991