14 0.5 0.49295370370370367 1 0.9484166666666667
12 0.22966666666666666 0.4536203703703704 0.07173148148148148 0.34878703703703706
12 0.35055555555555556 0.4653240740740741 0.09458333333333334 0.33850925925925923
12 0.6088611111111112 0.12614814814814815 0.2190277777777778 0.1966574074074074
12 0.43460185185185185 0.1502037037037037 0.12794444444444444 0.14854629629629632
12 0.7009907407407407 0.4076203703703704 0.22286111111111112 0.06431481481481481
12 0.8302499999999999 0.28335185185185185 0.08159259259259259 0.18387962962962964
12 0.6352685185185185 0.5768333333333333 0.31275 0.08324074074074074
12 0.569 0.7506296296296295 0.08878703703703704 0.26252777777777775
8 0.4822962962962963 0.3016111111111111 0.1616388888888889 0.12086111111111111
8 0.2895185185185185 0.7923703703703704 0.13483333333333333 0.14270370370370372
8 0.16828703703703704 0.4550277777777778 0.13676851851851854 0.07790740740740741
8 0.15192592592592594 0.5598611111111111 0.08387962962962964 0.13510185185185186
8 0.6906666666666667 0.731074074074074 0.15012037037037038 0.16585185185185186
8 0.8157777777777777 0.45687962962962964 0.19386111111111112 0.08431481481481481
8 0.6148888888888889 0.48777777777777775 0.12637037037037036 0.09631481481481481
8 0.3238611111111111 0.16077777777777777 0.09365740740740741 0.09928703703703703
4 0.47114814814814815 0.44675925925925924 0.13364814814814815 0.14044444444444446
4 0.2843981481481481 0.2315925925925926 0.14903703703703705 0.1063888888888889
4 0.6347499999999999 0.33994444444444444 0.14974074074074073 0.10458333333333333
4 0.3306944444444444 0.7181203703703705 0.10830555555555556 0.11648148148148148