14 0.5041666666666667 0.5 0.9916666666666667 1
2 0.500462962962963 0.19135802469135801 0.13518518518518519 0.10325476992143659
2 0.31296296296296294 0.45286195286195285 0.09722222222222222 0.14927048260381592
2 0.38981481481481484 0.42592592592592593 0.07592592592592592 0.13916947250280584
2 0.812037037037037 0.5185185185185185 0.13703703703703704 0.15488215488215487
2 0.7870370370370371 0.28002244668911336 0.07592592592592592 0.08978675645342311
2 0.7143518518518519 0.4556677890011223 0.05740740740740741 0.05499438832772166
2 0.4513888888888889 0.8108866442199776 0.08148148148148149 0.06621773288439955
4 0.48518518518518516 0.2946127946127946 0.25925925925925924 0.16498316498316498
4 0.6143518518518518 0.4175084175084175 0.14074074074074075 0.1717171717171717
4 0.6138888888888889 0.6425364758698092 0.24259259259259258 0.2334455667789001
4 0.32314814814814813 0.6094276094276094 0.1111111111111111 0.11335578002244669