14 0.4287037037037037 0.5560185185185185 0.8574074074074074 0.887962962962963
8 0.24444444444444444 0.6981481481481482 0.287962962962963 0.1814814814814815
8 0.05185185185185185 0.41898148148148145 0.1037037037037037 0.07685185185185185
7 0.5773148148148148 0.6638888888888889 0.23703703703703705 0.1787037037037037
7 0.5166666666666667 0.5171296296296296 0.0962962962962963 0.10277777777777777
7 0.3560185185185185 0.3175925925925926 0.3712962962962963 0.1787037037037037
7 0.0712962962962963 0.5402777777777777 0.08981481481481482 0.12037037037037036
7 0.25972222222222224 0.8217592592592593 0.10092592592592593 0.09444444444444444
7 0.08888888888888889 0.8111111111111111 0.06759259259259259 0.1037037037037037
8 0.47824074074074074 0.4425925925925926 0.11574074074074074 0.10648148148148148
8 0.5828703703703704 0.44166666666666665 0.06111111111111111 0.06481481481481481
8 0.18425925925925926 0.5560185185185185 0.07222222222222222 0.06851851851851852
8 0.22407407407407406 0.49074074074074076 0.06296296296296296 0.04722222222222222
8 0.07407407407407407 0.45092592592592595 0.07685185185185185 0.058333333333333334
8 0.30972222222222223 0.39351851851851855 0.10740740740740741 0.06388888888888888
8 0.26666666666666666 0.5370370370370371 0.10648148148148148 0.08888888888888889
8 0.4078703703703704 0.6222222222222222 0.09074074074074075 0.06296296296296296