14 0.45046296296296295 0.5 0.7657407407407407 1
11 0.3685185185185185 0.11430921052631579 0.09259259259259259 0.13651315789473684
11 0.4615740740740741 0.10032894736842106 0.09259259259259259 0.12828947368421054
11 0.5444444444444444 0.16036184210526316 0.09444444444444444 0.13486842105263158
11 0.6407407407407407 0.24342105263157895 0.09722222222222222 0.14802631578947367
11 0.7037037037037037 0.3832236842105263 0.10092592592592593 0.18585526315789475
11 0.6060185185185185 0.4004934210526316 0.10462962962962963 0.15789473684210525
11 0.7129629629629629 0.5254934210526315 0.10833333333333334 0.15296052631578946
11 0.5699074074074074 0.5230263157894737 0.10925925925925926 0.17598684210526316
11 0.4300925925925926 0.2878289473684211 0.1037037037037037 0.16611842105263158
11 0.5013888888888889 0.3774671052631579 0.09444444444444444 0.1611842105263158
11 0.325 0.2574013157894737 0.11388888888888889 0.16611842105263158
11 0.37546296296296294 0.3972039473684211 0.11296296296296296 0.17927631578947367
11 0.45 0.53125 0.1111111111111111 0.18914473684210525
11 0.3212962962962963 0.5625 0.12314814814814815 0.20394736842105263
11 0.26666666666666666 0.3824013157894737 0.11851851851851852 0.17598684210526316
11 0.4 0.7327302631578947 0.1259259259259259 0.22039473684210525
11 0.5407407407407407 0.7072368421052632 0.12129629629629629 0.20065789473684212
11 0.5273148148148148 0.265625 0.09814814814814815 0.14967105263157895