14 0.5 0.5241203703703703 1 0.7885092592592593
11 0.6226111111111111 0.7394166666666667 0.1554074074074074 0.11367592592592592
11 0.7434259259259259 0.668138888888889 0.1472037037037037 0.12381481481481481
11 0.8380648148148149 0.5851481481481482 0.1514074074074074 0.1174537037037037
11 0.8624074074074074 0.4691018518518518 0.14687962962962964 0.11205555555555555
11 0.785962962962963 0.36498148148148146 0.14204629629629628 0.0912037037037037
11 0.7725 0.26790740740740737 0.12900925925925927 0.09830555555555556
11 0.6511111111111112 0.24314814814814817 0.11523148148148149 0.09737037037037037
11 0.5184074074074074 0.20804629629629628 0.11355555555555556 0.09192592592592592
11 0.39269444444444446 0.22642592592592592 0.10966666666666666 0.094
11 0.2848703703703704 0.26090740740740737 0.10450925925925926 0.10281481481481482
11 0.22325 0.3083148148148148 0.1247037037037037 0.10047222222222223
11 0.17462037037037037 0.39209259259259255 0.13153703703703704 0.09684259259259259
11 0.17635185185185187 0.4868611111111111 0.1512037037037037 0.09437037037037037
11 0.2375462962962963 0.5927962962962964 0.1486759259259259 0.12171296296296295
11 0.28575925925925927 0.7155462962962963 0.15950925925925927 0.1098888888888889
11 0.44789814814814816 0.7494814814814815 0.15066666666666667 0.13453703703703704
11 0.33087037037037037 0.43672222222222223 0.1386851851851852 0.09587037037037037
11 0.4601018518518519 0.32030555555555557 0.12417592592592594 0.08280555555555556
11 0.3558425925925926 0.3511296296296297 0.12366666666666667 0.07762962962962963
11 0.40077777777777773 0.5252037037037037 0.15212962962962964 0.10156481481481482
11 0.5118981481481482 0.5808055555555556 0.1499074074074074 0.11252777777777778
11 0.6275740740740741 0.5071018518518519 0.14346296296296296 0.10446296296296295
11 0.6281296296296296 0.4133981481481482 0.14235185185185187 0.0808611111111111
11 0.6157962962962963 0.3314722222222222 0.1312222222222222 0.07591666666666666