14 0.5086574074074074 0.5249494949494949 0.8911481481481482 0.9501010101010101
2 0.46505555555555556 0.19418630751964086 0.12687962962962962 0.08336700336700337
2 0.3093518518518519 0.48490460157126825 0.08239814814814814 0.13636363636363635
2 0.38239814814814815 0.4452749719416386 0.06166666666666666 0.1298989898989899
2 0.8109907407407407 0.46567901234567904 0.12252777777777779 0.13563411896745228
2 0.7588148148148148 0.23402918069584738 0.06712037037037037 0.0795959595959596
2 0.70725 0.419685746352413 0.052972222222222226 0.046352413019079684
2 0.4874444444444445 0.8160830527497194 0.07602777777777778 0.05455667789001122
4 0.46152777777777776 0.2991470258136925 0.24695370370370368 0.1252749719416386
4 0.6037685185185185 0.3990796857463524 0.12399074074074073 0.15255892255892256
4 0.6293796296296297 0.6220314253647587 0.22185185185185186 0.19749719416386083
4 0.3374537037037037 0.638260381593715 0.10131481481481482 0.09729517396184062