14 0.5081296296296296 0.5251481481481481 0.98375 0.8772314814814814
15 0.30414814814814817 0.28775 0.08160185185185184 0.05494444444444445
15 0.36112037037037037 0.3231388888888889 0.07421296296296297 0.05319444444444445
15 0.475212962962963 0.18850925925925927 0.09468518518518519 0.049777777777777775
15 0.4958240740740741 0.32564814814814813 0.07215740740740742 0.06698148148148149
15 0.47567592592592595 0.5998703703703704 0.09562037037037037 0.1033425925925926
15 0.5386851851851852 0.554037037037037 0.12291666666666666 0.07543518518518519
15 0.8240277777777778 0.5304351851851852 0.12805555555555556 0.10021296296296296
15 0.8592222222222222 0.32713888888888887 0.08944444444444444 0.08641666666666667
11 0.20622222222222222 0.4368425925925926 0.08893518518518519 0.0971111111111111
11 0.3434537037037037 0.44110185185185186 0.1741111111111111 0.06734259259259259
11 0.3406018518518519 0.5821296296296297 0.12374074074074073 0.09298148148148148
11 0.6503425925925926 0.431037037037037 0.10942592592592593 0.10677777777777778
11 0.6934629629629631 0.6264537037037038 0.12760185185185186 0.12753703703703703
11 0.7949722222222223 0.4341851851851852 0.16046296296296297 0.08116666666666666
11 0.6279629629629631 0.24639814814814817 0.13485185185185183 0.10119444444444445
2 0.3614351851851852 0.6880092592592593 0.12074074074074075 0.11730555555555555
2 0.21941666666666668 0.29757407407407405 0.08768518518518519 0.07806481481481482
2 0.666787037037037 0.28599074074074077 0.16144444444444445 0.11100925925925927
2 0.7566388888888889 0.3416296296296296 0.08806481481481482 0.10235185185185186
2 0.4046944444444444 0.2615 0.09028703703703704 0.06546296296296296
2 0.5293518518518519 0.40609259259259256 0.1285740740740741 0.09036111111111111