14 0.5 0.5231481481481481 1 0.9351851851851852
11 0.5837962962962963 0.7555555555555555 0.1712962962962963 0.13703703703703704
11 0.7143518518518519 0.7041666666666667 0.1648148148148148 0.14444444444444443
11 0.8203703703703704 0.6370370370370371 0.1685185185185185 0.1388888888888889
11 0.8629629629629629 0.5263888888888889 0.16296296296296298 0.13333333333333333
11 0.8037037037037037 0.4115740740740741 0.15462962962962962 0.11203703703703703
11 0.8055555555555556 0.31342592592592594 0.1425925925925926 0.11666666666666667
11 0.6893518518518519 0.26990740740740743 0.1287037037037037 0.11388888888888889
11 0.5638888888888889 0.21435185185185185 0.1259259259259259 0.10833333333333334
11 0.43703703703703706 0.21296296296296297 0.12222222222222222 0.10925925925925926
11 0.325 0.2300925925925926 0.11944444444444445 0.1175925925925926
11 0.2564814814814815 0.2675925925925926 0.13796296296296295 0.11851851851851852
11 0.19537037037037036 0.3425925925925926 0.14537037037037037 0.11666666666666667
11 0.1824074074074074 0.43657407407407406 0.1638888888888889 0.11666666666666667
11 0.2263888888888889 0.5504629629629629 0.16666666666666666 0.14351851851851852
11 0.25462962962962965 0.6791666666666667 0.175 0.13333333333333333
11 0.4097222222222222 0.7384259259259259 0.17037037037037037 0.15648148148148147
11 0.34305555555555556 0.4111111111111111 0.15185185185185185 0.11574074074074074
11 0.4888888888888889 0.3162037037037037 0.13518518518518519 0.10185185185185185
11 0.38101851851851853 0.33055555555555555 0.13425925925925927 0.0962962962962963
11 0.39814814814814814 0.5092592592592593 0.16574074074074074 0.12407407407407407
11 0.49907407407407406 0.5814814814814815 0.16574074074074074 0.13425925925925927
11 0.625 0.5268518518518519 0.15833333333333333 0.1259259259259259
11 0.6402777777777777 0.43472222222222223 0.1527777777777778 0.10185185185185185
11 0.6407407407407407 0.35185185185185186 0.14166666666666666 0.09537037037037037