14 0.5 0.5236111111111111 1 0.8398148148148148
11 0.6351851851851852 0.7328703703703704 0.16111111111111112 0.12222222222222222
11 0.7518518518518519 0.6550925925925926 0.1537037037037037 0.13055555555555556
11 0.8421296296296297 0.5671296296296297 0.1574074074074074 0.125
11 0.8601851851851852 0.45 0.1527777777777778 0.11944444444444445
11 0.7787037037037037 0.35 0.14722222222222223 0.09814814814814815
11 0.7601851851851852 0.25416666666666665 0.13333333333333333 0.10462962962962963
11 0.6375 0.23564814814814813 0.11944444444444445 0.10277777777777777
11 0.5032407407407408 0.2074074074074074 0.1175925925925926 0.09722222222222222
11 0.3787037037037037 0.2324074074074074 0.11388888888888889 0.09907407407407408
11 0.2726851851851852 0.2726851851851852 0.11018518518518519 0.10833333333333334
11 0.21342592592592594 0.32314814814814813 0.12962962962962962 0.10648148148148148
11 0.16944444444444445 0.40925925925925927 0.1361111111111111 0.1037037037037037
11 0.17592592592592593 0.5037037037037037 0.15555555555555556 0.10185185185185185
11 0.24259259259259258 0.6064814814814815 0.15555555555555556 0.12962962962962962
11 0.2972222222222222 0.7263888888888889 0.16574074074074074 0.11851851851851852
11 0.46111111111111114 0.7518518518518519 0.1574074074074074 0.14166666666666666
11 0.3277777777777778 0.44583333333333336 0.14351851851851852 0.10277777777777777
11 0.45092592592592595 0.3226851851851852 0.1287037037037037 0.08981481481481482
11 0.34814814814814815 0.3587962962962963 0.12685185185185185 0.08425925925925926
11 0.4023148148148148 0.5305555555555556 0.1574074074074074 0.10925925925925926
11 0.5162037037037037 0.5800925925925926 0.15555555555555556 0.11944444444444445
11 0.6277777777777778 0.500462962962963 0.14907407407407408 0.11203703703703703
11 0.6236111111111111 0.40694444444444444 0.14629629629629629 0.08796296296296297
11 0.6069444444444444 0.32546296296296295 0.13518518518518519 0.0824074074074074