14 0.5 0.5 1 1
12 0.22592592592592592 0.49166666666666664 0.11944444444444445 0.35462962962962963
12 0.3472222222222222 0.48657407407407405 0.14074074074074075 0.34814814814814815
12 0.5555555555555556 0.11481481481481481 0.24444444444444444 0.225
12 0.38657407407407407 0.1625 0.14722222222222223 0.1648148148148148
12 0.6861111111111111 0.38055555555555554 0.22870370370370371 0.09444444444444444
12 0.7967592592592593 0.23935185185185184 0.10648148148148148 0.1925925925925926
12 0.6444444444444445 0.5574074074074075 0.3212962962962963 0.1259259259259259
12 0.6032407407407407 0.7384259259259259 0.12407407407407407 0.2722222222222222
8 0.4546296296296296 0.3060185185185185 0.17685185185185184 0.1425925925925926
8 0.33240740740740743 0.8189814814814815 0.1527777777777778 0.16018518518518518
8 0.16527777777777777 0.5018518518518519 0.14629629629629629 0.09722222222222222
8 0.16342592592592592 0.6078703703703704 0.10185185185185185 0.14537037037037037
8 0.7208333333333333 0.7023148148148148 0.1712962962962963 0.18518518518518517
8 0.8064814814814815 0.4134259259259259 0.2037037037037037 0.11018518518518519
8 0.612037037037037 0.47175925925925927 0.13796296296296295 0.11296296296296296
8 0.27824074074074073 0.1884259259259259 0.10648148148148148 0.1111111111111111
4 0.4638888888888889 0.4513888888888889 0.15185185185185185 0.1574074074074074
4 0.2490740740740741 0.26435185185185184 0.16203703703703703 0.1259259259259259
4 0.6111111111111112 0.3226851851851852 0.16203703703703703 0.12407407407407407
4 0.3625 0.7393518518518518 0.12314814814814815 0.12962962962962962