14 0.45555555555555555 0.5 0.7333333333333333 1
11 0.28425925925925927 0.2623355263157895 0.08888888888888889 0.12664473684210525
11 0.36342592592592593 0.17516447368421054 0.08981481481481482 0.11842105263157894
11 0.4527777777777778 0.1611842105263158 0.09166666666666666 0.125
11 0.5597222222222222 0.15789473684210525 0.09351851851851851 0.13815789473684212
11 0.6518518518518519 0.23190789473684212 0.09537037037037037 0.17763157894736842
11 0.5689814814814815 0.3256578947368421 0.10092592592592593 0.14638157894736842
11 0.6962962962962963 0.3511513157894737 0.10555555555555556 0.13980263157894737
11 0.5685185185185185 0.46381578947368424 0.10462962962962963 0.16447368421052633
11 0.38333333333333336 0.3675986842105263 0.09907407407407408 0.15460526315789475
11 0.4699074074074074 0.38898026315789475 0.08981481481481482 0.15296052631578946
11 0.28194444444444444 0.4251644736842105 0.11018518518518519 0.15296052631578946
11 0.3625 0.509046052631579 0.10833333333333334 0.16776315789473684
11 0.4634259259259259 0.5674342105263158 0.10555555555555556 0.17927631578947367
11 0.35648148148148145 0.6998355263157895 0.1175925925925926 0.1924342105263158
11 0.262037037037037 0.5838815789473685 0.11388888888888889 0.16282894736842105
11 0.4703703703703704 0.7886513157894737 0.11944444444444445 0.20888157894736842
11 0.5893518518518519 0.6513157894736842 0.11574074074074074 0.18914473684210525
11 0.46435185185185185 0.2689144736842105 0.09444444444444444 0.13815789473684212