14 0.48148148148148145 0.5291666666666667 0.9425925925925925 0.8870370370370371
9 0.4898148148148148 0.2847222222222222 0.05185185185185185 0.046296296296296294
9 0.5592592592592592 0.28425925925925927 0.06388888888888888 0.05092592592592592
9 0.6453703703703704 0.2708333333333333 0.05925925925925926 0.07685185185185185
9 0.6375 0.36898148148148147 0.06388888888888888 0.06388888888888888
9 0.7842592592592592 0.375 0.053703703703703705 0.05555555555555555
9 0.7236111111111111 0.4689814814814815 0.06111111111111111 0.05648148148148148
9 0.7 0.587037037037037 0.06296296296296296 0.07222222222222222
9 0.41944444444444445 0.5935185185185186 0.08148148148148149 0.053703703703703705
9 0.4162037037037037 0.5287037037037037 0.06018518518518518 0.05
9 0.31296296296296294 0.3726851851851852 0.08796296296296297 0.08333333333333333
9 0.2152777777777778 0.3990740740740741 0.0787037037037037 0.06296296296296296
9 0.27314814814814814 0.5782407407407407 0.07407407407407407 0.05740740740740741
9 0.2537037037037037 0.7208333333333333 0.07037037037037037 0.06018518518518518
9 0.5740740740740741 0.7361111111111112 0.07222222222222222 0.09074074074074075
9 0.47824074074074074 0.6638888888888889 0.04537037037037037 0.07407407407407407
9 0.3106481481481482 0.6703703703703704 0.08518518518518518 0.08703703703703704
9 0.3226851851851852 0.5222222222222223 0.08425925925925926 0.05462962962962963
9 0.5097222222222222 0.5101851851851852 0.06759259259259259 0.0712962962962963
9 0.49675925925925923 0.35694444444444445 0.0712962962962963 0.07407407407407407
9 0.36666666666666664 0.3453703703703704 0.06481481481481481 0.07407407407407407
9 0.43657407407407406 0.22037037037037038 0.06388888888888888 0.06944444444444445
9 0.6532407407407408 0.20462962962962963 0.07314814814814814 0.05277777777777778
9 0.7925925925925926 0.46944444444444444 0.07685185185185185 0.06111111111111111
9 0.7509259259259259 0.7527777777777778 0.07222222222222222 0.09074074074074075
9 0.6430555555555556 0.5902777777777778 0.05277777777777778 0.0712962962962963
8 0.7842592592592592 0.6513888888888889 0.09074074074074075 0.11388888888888889
8 0.7231481481481481 0.3472222222222222 0.10462962962962963 0.07592592592592592
8 0.6111111111111112 0.4324074074074074 0.09259259259259259 0.06111111111111111
8 0.600925925925926 0.33101851851851855 0.075 0.041666666666666664
8 0.32592592592592595 0.2175925925925926 0.06111111111111111 0.09074074074074075
8 0.26990740740740743 0.29583333333333334 0.10462962962962963 0.06388888888888888
8 0.2513888888888889 0.46574074074074073 0.14537037037037037 0.05555555555555555
8 0.21898148148148147 0.5856481481481481 0.06574074074074074 0.07592592592592592
8 0.35462962962962963 0.6912037037037037 0.09814814814814815 0.08425925925925926
8 0.4476851851851852 0.8078703703703703 0.08055555555555556 0.1398148148148148
8 0.5800925925925926 0.5796296296296296 0.11944444444444445 0.12222222222222222
9 0.3685185185185185 0.42314814814814816 0.06666666666666667 0.07222222222222222
9 0.524537037037037 0.4351851851851852 0.0712962962962963 0.07314814814814814
9 0.38842592592592595 0.20185185185185187 0.05555555555555555 0.08796296296296297
9 0.5453703703703704 0.812962962962963 0.08611111111111111 0.07962962962962963