2 0.3625 0.2579143389199255 0.16574074074074074 0.13966480446927373
2 0.2912037037037037 0.5940409683426443 0.125 0.061452513966480445
2 0.8097222222222222 0.563780260707635 0.22592592592592592 0.1005586592178771
2 0.6537037037037037 0.2807262569832402 0.05555555555555555 0.08659217877094973
15 0.4537037037037037 0.7905027932960894 0.09444444444444444 0.2309124767225326
15 0.6175925925925926 0.7686219739292365 0.24537037037037038 0.09590316573556797
15 0.21805555555555556 0.7276536312849162 0.325 0.1610800744878957
15 0.03888888888888889 0.5200186219739292 0.07777777777777778 0.2541899441340782
15 0.16111111111111112 0.19878957169459963 0.18703703703703703 0.06517690875232775
15 0.1935185185185185 0.4073556797020484 0.19166666666666668 0.10242085661080075
15 0.15787037037037038 0.29283054003724396 0.12222222222222222 0.1387337057728119
15 0.4587962962962963 0.12430167597765363 0.18425925925925926 0.0782122905027933
15 0.7467592592592592 0.2378957169459963 0.11944444444444445 0.22811918063314712
15 0.9120370370370371 0.2574487895716946 0.1259259259259259 0.2383612662942272
15 0.5027777777777778 0.430633147113594 0.1925925925925926 0.1750465549348231
14 0.5 0.49813780260707635 1 0.9348230912476723