14 0.5 0.5 1 1
4 0.5092592592592593 0.11666666666666667 0.2851851851851852 0.19444444444444445
4 0.26435185185185184 0.20277777777777778 0.21944444444444444 0.20092592592592592
4 0.11990740740740741 0.3541666666666667 0.22685185185185186 0.18888888888888888
4 0.20925925925925926 0.5324074074074074 0.2796296296296296 0.19907407407407407
4 0.21666666666666667 0.7337962962962963 0.16944444444444445 0.25
4 0.5509259259259259 0.7074074074074074 0.27870370370370373 0.21203703703703702
4 0.7893518518518519 0.6513888888888889 0.21481481481481482 0.19444444444444445
4 0.8402777777777778 0.3939814814814815 0.26851851851851855 0.16296296296296298
4 0.725462962962963 0.22083333333333333 0.21574074074074073 0.20462962962962963
4 0.35694444444444445 0.7013888888888888 0.1388888888888889 0.11296296296296296
15 0.6796296296296296 0.8861111111111111 0.1814814814814815 0.12685185185185185
15 0.8458333333333333 0.8046296296296296 0.12962962962962962 0.1574074074074074
15 0.9314814814814815 0.6240740740740741 0.1259259259259259 0.1287037037037037
15 0.038425925925925926 0.3972222222222222 0.07314814814814814 0.1259259259259259
15 0.11435185185185186 0.17175925925925925 0.10648148148148148 0.1388888888888889
15 0.09953703703703703 0.6564814814814814 0.14537037037037037 0.17314814814814813
3 0.4824074074074074 0.7754629629629629 0.07407407407407407 0.09444444444444444
3 0.8921296296296296 0.48518518518518516 0.12222222222222222 0.07222222222222222
3 0.8296296296296296 0.2601851851851852 0.07407407407407407 0.07314814814814814
3 0.41759259259259257 0.15648148148148147 0.07314814814814814 0.06481481481481481
3 0.18935185185185185 0.2675925925925926 0.11666666666666667 0.11296296296296296
3 0.03009259259259259 0.49074074074074076 0.05740740740740741 0.058333333333333334
3 0.044444444444444446 0.6365740740740741 0.08888888888888889 0.12685185185185185
3 0.2689814814814815 0.7930555555555555 0.075 0.07407407407407407
11 0.32731481481481484 0.7625 0.13703703703703704 0.13055555555555556
11 0.024074074074074074 0.5513888888888889 0.04814814814814815 0.06388888888888888
11 0.4412037037037037 0.9291666666666667 0.058333333333333334 0.0712962962962963
3 0.5921296296296297 0.9078703703703703 0.0787037037037037 0.08333333333333333