14 0.5 0.5649407407407407 1 0.7034962962962963
5 0.3577685185185185 0.8118888888888889 0.22852777777777777 0.15546666666666667
5 0.5618888888888889 0.7006518518518519 0.293962962962963 0.14872592592592593
5 0.6295648148148147 0.4637703703703704 0.17107407407407407 0.06437777777777777
5 0.8039166666666667 0.4076444444444445 0.161 0.10022222222222223
5 0.18678703703703703 0.48358518518518523 0.14251851851851852 0.07292592592592592
5 0.39266666666666666 0.3987185185185185 0.08808333333333333 0.0915037037037037
5 0.5553425925925926 0.2945037037037037 0.1346111111111111 0.08234814814814814
5 0.34514814814814815 0.6671333333333334 0.14158333333333334 0.13104444444444444
5 0.7987037037037037 0.7487037037037036 0.17780555555555555 0.16272592592592594
2 0.4246851851851852 0.4910740740740741 0.14928703703703702 0.04574074074074074
2 0.26785185185185184 0.41840000000000005 0.12868518518518518 0.05668148148148148
2 0.5450925925925927 0.3452 0.13817592592592592 0.04396296296296296
2 0.27920370370370373 0.32582962962962964 0.10769444444444444 0.04841481481481481
2 0.7014907407407408 0.5999259259259259 0.09108333333333334 0.05573333333333333
2 0.6050740740740741 0.5455851851851852 0.08849074074074073 0.06016296296296296
2 0.2781388888888889 0.5803851851851852 0.10297222222222221 0.057777777777777775
2 0.31369444444444444 0.5368444444444445 0.045564814814814815 0.03239259259259259
2 0.07887962962962963 0.5599851851851853 0.07978703703703705 0.0396
2 0.09216666666666667 0.6347259259259259 0.060083333333333336 0.07802962962962963
2 0.35033333333333333 0.6235851851851852 0.049435185185185186 0.06191111111111111