14 0.5 0.5 1 1
9 0.11342592592592593 0.46360153256704983 0.05092592592592592 0.07279693486590039
9 0.3143518518518518 0.3735632183908046 0.075 0.09291187739463602
9 0.412962962962963 0.41044061302681994 0.07037037037037037 0.06226053639846743
9 0.3925925925925926 0.4803639846743295 0.0712962962962963 0.05651340996168582
9 0.3375 0.5943486590038314 0.06574074074074074 0.06321839080459771
9 0.43287037037037035 0.6269157088122606 0.06574074074074074 0.05842911877394636
9 0.40694444444444444 0.7538314176245211 0.062037037037037036 0.06609195402298851
9 0.3337962962962963 0.8328544061302682 0.07314814814814814 0.06226053639846743
9 0.6328703703703704 0.8069923371647509 0.06388888888888888 0.06896551724137931
9 0.6995370370370371 0.6273946360153256 0.06851851851851852 0.07375478927203065
9 0.6842592592592592 0.42911877394636017 0.06111111111111111 0.06321839080459771
9 0.1449074074074074 0.646551724137931 0.07777777777777778 0.0842911877394636
9 0.5259259259259259 0.3620689655172414 0.07222222222222222 0.06226053639846743
9 0.5810185185185185 0.2801724137931034 0.06388888888888888 0.06226053639846743
9 0.6930555555555555 0.14655172413793102 0.075 0.06609195402298851
9 0.8763888888888889 0.5814176245210728 0.06759259259259259 0.06800766283524905
9 0.7412037037037037 0.42193486590038315 0.06111111111111111 0.05747126436781609
0 0.2388888888888889 0.22365900383141762 0.17314814814814813 0.16091954022988506
0 0.47129629629629627 0.17193486590038315 0.3148148148148148 0.13793103448275862
0 0.20092592592592592 0.546455938697318 0.2175925925925926 0.12835249042145594
0 0.5509259259259259 0.460727969348659 0.19444444444444445 0.1206896551724138
0 0.4861111111111111 0.5565134099616859 0.12222222222222222 0.09003831417624521
0 0.27870370370370373 0.7552681992337165 0.1 0.1111111111111111
0 0.22777777777777777 0.6384099616858238 0.09907407407407408 0.08524904214559387
0 0.7050925925925926 0.5459770114942529 0.20092592592592592 0.10919540229885058
0 0.5648148148148148 0.6949233716475096 0.11296296296296296 0.05938697318007663