14 0.6236111111111111 0.45046296296296295 0.7527777777777778 0.700925925925926
15 0.7810185185185186 0.23472222222222222 0.07222222222222222 0.07685185185185185
15 0.5773148148148148 0.22916666666666666 0.07685185185185185 0.058333333333333334
15 0.5226851851851851 0.2986111111111111 0.06944444444444445 0.05185185185185185
15 0.48009259259259257 0.34675925925925927 0.09166666666666666 0.05925925925925926
15 0.37824074074074077 0.3472222222222222 0.0962962962962963 0.07407407407407407
15 0.5949074074074074 0.5893518518518519 0.12129629629629629 0.08055555555555556
15 0.7574074074074074 0.5166666666666667 0.08703703703703704 0.07685185185185185
15 0.6569444444444444 0.3625 0.09444444444444444 0.06574074074074074
2 0.6069444444444444 0.300462962962963 0.13240740740740742 0.06944444444444445
2 0.512962962962963 0.4078703703703704 0.1111111111111111 0.07962962962962963
2 0.6398148148148148 0.4013888888888889 0.12962962962962962 0.10185185185185185
2 0.7407407407407407 0.44537037037037036 0.10462962962962963 0.0712962962962963
2 0.8810185185185185 0.3236111111111111 0.07407407407407407 0.08055555555555556
0 0.4587962962962963 0.2800925925925926 0.08055555555555556 0.08611111111111111
0 0.37453703703703706 0.40185185185185185 0.09907407407407408 0.06296296296296296
0 0.5824074074074074 0.4935185185185185 0.11388888888888889 0.07962962962962963
0 0.4666666666666667 0.5143518518518518 0.0712962962962963 0.06388888888888888
0 0.6884259259259259 0.6037037037037037 0.09074074074074075 0.09259259259259259
0 0.8537037037037037 0.611574074074074 0.18518518518518517 0.10092592592592593
0 0.8773148148148148 0.41435185185185186 0.08518518518518518 0.0787037037037037
0 0.7097222222222223 0.2777777777777778 0.09444444444444444 0.07314814814814814
7 0.9277777777777778 0.5060185185185185 0.14444444444444443 0.12685185185185185
7 0.8444444444444444 0.5310185185185186 0.10277777777777777 0.0824074074074074
7 0.7828703703703703 0.3037037037037037 0.0712962962962963 0.07222222222222222