14 0.586574074074074 0.3958333333333333 0.8268518518518518 0.7916666666666666
15 0.6361111111111111 0.13842592592592592 0.08148148148148149 0.08518518518518518
15 0.45092592592592595 0.22268518518518518 0.0824074074074074 0.06851851851851852
15 0.4324074074074074 0.30925925925925923 0.07407407407407407 0.06111111111111111
15 0.4148148148148148 0.3712962962962963 0.0962962962962963 0.07222222222222222
15 0.3236111111111111 0.4162037037037037 0.10277777777777777 0.08703703703703704
15 0.624537037037037 0.5388888888888889 0.12777777777777777 0.09722222222222222
15 0.7384259259259259 0.40185185185185185 0.09537037037037037 0.08796296296296297
15 0.5810185185185185 0.3074074074074074 0.1 0.0787037037037037
2 0.5087962962962963 0.27361111111111114 0.1361111111111111 0.08888888888888889
2 0.47129629629629627 0.4115740740740741 0.11851851851851852 0.09444444444444444
2 0.5824074074074074 0.35 0.1388888888888889 0.11851851851851852
2 0.6925925925925925 0.3453703703703704 0.11018518518518519 0.08518518518518518
2 0.7652777777777777 0.17453703703703705 0.08425925925925926 0.08888888888888889
0 0.3662037037037037 0.32037037037037036 0.09074074074074075 0.09444444444444444
0 0.34444444444444444 0.4666666666666667 0.1037037037037037 0.07685185185185185
0 0.5708333333333333 0.45787037037037037 0.12037037037037036 0.09537037037037037
0 0.47638888888888886 0.5273148148148148 0.07777777777777778 0.07222222222222222
0 0.7148148148148148 0.5106481481481482 0.10092592592592593 0.10277777777777777
0 0.8666666666666667 0.44537037037037036 0.19166666666666668 0.12777777777777777
0 0.8013888888888889 0.25787037037037036 0.09444444444444444 0.08888888888888889
0 0.5907407407407408 0.20833333333333334 0.10092592592592593 0.08611111111111111
7 0.8912037037037037 0.3162037037037037 0.16574074074074074 0.14629629629629629
7 0.8231481481481482 0.3768518518518518 0.1111111111111111 0.09537037037037037
7 0.6680555555555555 0.19953703703703704 0.07962962962962963 0.08055555555555556