14 0.4949074074074074 0.5069444444444444 0.9898148148148148 0.9861111111111112
12 0.525 0.23333333333333334 0.06574074074074074 0.11296296296296296
12 0.48009259259259257 0.40925925925925927 0.062037037037037036 0.10648148148148148
12 0.6467592592592593 0.4101851851851852 0.06388888888888888 0.1111111111111111
12 0.6231481481481481 0.46574074074074073 0.10740740740740741 0.07314814814814814
12 0.5027777777777778 0.6203703703703703 0.11851851851851852 0.06851851851851852
12 0.6212962962962963 0.5541666666666667 0.08888888888888889 0.10555555555555556
12 0.5314814814814814 0.6912037037037037 0.13240740740740742 0.09351851851851851
12 0.5722222222222222 0.7717592592592593 0.11666666666666667 0.08148148148148149
11 0.19583333333333333 0.3277777777777778 0.1425925925925926 0.1398148148148148
11 0.2212962962962963 0.4787037037037037 0.1648148148148148 0.14351851851851852
11 0.4476851851851852 0.5055555555555555 0.16944444444444445 0.14074074074074075
11 0.4361111111111111 0.21203703703703702 0.14166666666666666 0.1398148148148148
11 0.6208333333333333 0.25972222222222224 0.1574074074074074 0.14537037037037037
11 0.37592592592592594 0.7060185185185185 0.1648148148148148 0.14814814814814814
11 0.6365740740740741 0.6814814814814815 0.16666666666666666 0.16296296296296298
11 0.7486111111111111 0.46111111111111114 0.14907407407407408 0.1425925925925926