14 0.4708333333333333 0.512962962962963 0.9416666666666667 0.8814814814814815
12 0.49212962962962964 0.2324074074074074 0.05277777777777778 0.10740740740740741
12 0.4689814814814815 0.4125 0.05 0.10092592592592593
12 0.6347222222222222 0.39305555555555555 0.05092592592592592 0.10555555555555556
12 0.6180555555555556 0.45092592592592595 0.10092592592592593 0.06111111111111111
12 0.5175925925925926 0.6189814814814815 0.11296296296296296 0.05462962962962963
12 0.6273148148148148 0.5393518518518519 0.07777777777777778 0.09722222222222222
12 0.5546296296296296 0.6861111111111111 0.12407407407407407 0.0787037037037037
12 0.6046296296296296 0.7611111111111111 0.10925925925925926 0.06851851851851852
11 0.17731481481481481 0.3662037037037037 0.1287037037037037 0.125
11 0.22083333333333333 0.512962962962963 0.15092592592592594 0.1259259259259259
11 0.4486111111111111 0.5120370370370371 0.15555555555555556 0.12222222222222222
11 0.4013888888888889 0.22175925925925927 0.12685185185185185 0.125
11 0.5907407407407408 0.24675925925925926 0.1425925925925926 0.1287037037037037
11 0.40185185185185185 0.7194444444444444 0.15 0.13055555555555556
11 0.6574074074074074 0.663425925925926 0.15 0.14537037037037037
11 0.7421296296296296 0.4310185185185185 0.13425925925925927 0.12685185185185185