14 0.4812962962962963 0.5293796296296297 0.9425833333333333 0.8867314814814814
9 0.4896111111111111 0.28450925925925924 0.05210185185185186 0.045907407407407404
9 0.5594166666666667 0.28437962962962965 0.06373148148148149 0.051138888888888887
9 0.6452592592592593 0.270712962962963 0.05990740740740741 0.07682407407407407
9 0.637324074074074 0.36895370370370373 0.06414814814814815 0.06305555555555555
9 0.7842407407407408 0.3752314814814815 0.0545 0.05549074074074074
9 0.7235833333333334 0.4691851851851852 0.06114814814814815 0.05692592592592592
9 0.7000185185185185 0.5871944444444444 0.06339814814814815 0.07172222222222221
9 0.4192592592592593 0.5937222222222223 0.0814351851851852 0.05369444444444445
9 0.41626851851851854 0.5287685185185186 0.06082407407407407 0.05061111111111111
9 0.3128888888888889 0.3728148148148148 0.08808333333333333 0.08357407407407408
9 0.21516666666666667 0.39898148148148144 0.0791111111111111 0.06278703703703704
9 0.27316666666666667 0.5780462962962962 0.0744537037037037 0.057074074074074076
9 0.2536851851851852 0.72075 0.07022222222222223 0.06094444444444444
9 0.574 0.7361574074074073 0.07278703703703704 0.08992592592592594
9 0.4780185185185185 0.6638796296296297 0.04537037037037037 0.07336111111111111
9 0.31048148148148147 0.6703518518518519 0.08493518518518518 0.08739814814814816
9 0.32257407407407407 0.522037037037037 0.08367592592592593 0.05475
9 0.5097222222222222 0.5103148148148148 0.06672222222222222 0.07154629629629629
9 0.49654629629629626 0.3570833333333333 0.07146296296296296 0.07404629629629629
9 0.36657407407407405 0.34525925925925927 0.06415740740740741 0.07416666666666666
9 0.4366759259259259 0.2204074074074074 0.06323148148148149 0.06946296296296296
9 0.6531944444444445 0.20471296296296296 0.0739537037037037 0.05268518518518518
9 0.7927222222222222 0.46921296296296294 0.07694444444444444 0.06080555555555556
9 0.7510462962962963 0.7527777777777778 0.07221296296296296 0.09025
9 0.6431388888888889 0.5904907407407407 0.05201851851851852 0.07100000000000001
8 0.7841203703703704 0.65125 0.09082407407407407 0.1139074074074074
8 0.723287037037037 0.3470462962962963 0.1044537037037037 0.07591666666666666
8 0.6112685185185185 0.43224074074074076 0.09249074074074073 0.06165740740740741
8 0.6007962962962963 0.3308888888888889 0.0752037037037037 0.041777777777777775
8 0.32610185185185186 0.21766666666666667 0.061490740740740735 0.0913888888888889
8 0.2698055555555555 0.2958703703703704 0.10428703703703704 0.06314814814814815
8 0.25139814814814815 0.46575925925925926 0.1460925925925926 0.05556481481481481
8 0.21889814814814815 0.5855277777777778 0.06648148148148147 0.0757037037037037
8 0.3546944444444444 0.6912222222222222 0.09855555555555555 0.0840462962962963
8 0.44785185185185183 0.8078703703703703 0.08010185185185185 0.1396111111111111
8 0.5801018518518518 0.5797962962962963 0.11974074074074073 0.12224074074074075
9 0.3683148148148148 0.4231851851851852 0.06647222222222222 0.07141666666666666
9 0.5244629629629629 0.43495370370370373 0.07078703703703704 0.07355555555555555
9 0.38862962962962966 0.20162037037037037 0.05577777777777778 0.08812037037037038
9 0.5451481481481482 0.8130925925925926 0.08648148148148149 0.07912037037037037