14 0.47096296296296297 0.5130833333333333 0.9419166666666666 0.88125
12 0.4921203703703704 0.2324351851851852 0.05266666666666667 0.1067037037037037
12 0.4691111111111111 0.4123703703703704 0.05014814814814814 0.10075
12 0.6348148148148148 0.39296296296296296 0.05131481481481481 0.10543518518518519
12 0.6180925925925925 0.45108333333333334 0.10092592592592593 0.061101851851851845
12 0.5175092592592593 0.6190462962962964 0.11333333333333334 0.05539814814814815
12 0.6271296296296296 0.5391388888888888 0.07746296296296296 0.09722222222222222
12 0.5544537037037036 0.6859722222222222 0.12393518518518518 0.07844444444444444
12 0.6047407407407407 0.7610185185185185 0.10966666666666666 0.06806481481481481
11 0.17722222222222223 0.3660740740740741 0.12845370370370368 0.12513888888888888
11 0.22083333333333333 0.5128611111111111 0.15117592592592594 0.1264259259259259
11 0.448712962962963 0.5119907407407408 0.15538888888888888 0.12266666666666666
11 0.40137962962962964 0.2219814814814815 0.12725925925925927 0.1252037037037037
11 0.5905925925925927 0.24684259259259256 0.1428333333333333 0.12858333333333333
11 0.4017962962962963 0.7195555555555556 0.15025925925925926 0.13060185185185186
11 0.6576203703703704 0.663537037037037 0.14988888888888888 0.1455648148148148
11 0.7421666666666666 0.4310185185185185 0.13495370370370371 0.12746296296296297