2 0.35000925925925924 0.26558659217877095 0.15861111111111112 0.13155493482309125
2 0.2965740740740741 0.6049255121042831 0.12237962962962962 0.054823091247672255
2 0.8127222222222222 0.5473743016759777 0.2213611111111111 0.08870577281191806
2 0.6421944444444445 0.2727094972067039 0.05065740740740741 0.0831191806331471
15 0.4688425925925926 0.7923743016759777 0.08220370370370371 0.22641527001862197
15 0.6312685185185185 0.7622346368715084 0.24139814814814814 0.08284916201117319
15 0.23008333333333333 0.7419739292364991 0.318 0.14431098696461825
15 0.03676851851851852 0.544366852886406 0.07353703703703704 0.2502607076350093
15 0.1456851851851852 0.21691806331471136 0.18453703703703705 0.05573556797020484
15 0.18898148148148147 0.42378957169459963 0.18744444444444444 0.09324953445065177
15 0.14770370370370373 0.3108938547486033 0.11636111111111111 0.13313780260707636
15 0.43912962962962965 0.12690875232774676 0.18065740740740743 0.06878957169459962
15 0.732712962962963 0.22511173184357544 0.10814814814814815 0.2222998137802607
15 0.8986388888888889 0.23624767225325882 0.11344444444444444 0.2330167597765363
15 0.49932407407407403 0.4303817504655494 0.18453703703703705 0.16583798882681566
14 0.5 0.49859404096834264 1 0.8843854748603353