14 0.5 0.5596296296296296 1 0.8807407407407407
5 0.4634259259259259 0.8307407407407408 0.2712962962962963 0.19777777777777777
5 0.624537037037037 0.6811111111111111 0.33240740740740743 0.20444444444444446
5 0.6134259259259259 0.4381481481481482 0.18518518518518517 0.09777777777777778
5 0.7638888888888888 0.3477777777777778 0.18796296296296297 0.12962962962962962
5 0.19212962962962962 0.5488888888888889 0.16111111111111112 0.1
5 0.36342592592592593 0.42444444444444446 0.11481481481481481 0.10666666666666667
5 0.48703703703703705 0.29 0.15648148148148147 0.10740740740740741
5 0.4046296296296296 0.6933333333333334 0.17962962962962964 0.1562962962962963
5 0.8689814814814815 0.6785185185185185 0.22407407407407406 0.19407407407407407
2 0.42453703703703705 0.5070370370370371 0.15925925925925927 0.07555555555555556
2 0.24953703703703703 0.46925925925925926 0.1425925925925926 0.08148148148148149
2 0.4935185185185185 0.3411111111111111 0.14722222222222223 0.07111111111111111
2 0.23055555555555557 0.3774074074074074 0.12037037037037036 0.06962962962962962
2 0.7268518518518519 0.5548148148148148 0.10648148148148148 0.07333333333333333
2 0.6162037037037037 0.5222222222222223 0.10462962962962963 0.07629629629629629
2 0.31157407407407406 0.6237037037037036 0.1175925925925926 0.07703703703703704
2 0.33194444444444443 0.5740740740740741 0.05462962962962963 0.040740740740740744
2 0.1125 0.6451851851851852 0.08981481481481482 0.054814814814814816
2 0.14953703703703702 0.7144444444444444 0.08333333333333333 0.08814814814814814
2 0.39537037037037037 0.6503703703703704 0.06759259259259259 0.07037037037037037