14 0.5 0.5558534322820038 1 0.8329499072356215
15 0.8935185185185185 0.6986549165120594 0.09153935185185186 0.07846938775510204
15 0.7443171296296297 0.44152133580705005 0.07149305555555556 0.05299628942486086
15 0.5297222222222222 0.6745732838589982 0.10832175925925926 0.06287569573283859
15 0.3644560185185185 0.3439053803339518 0.07491898148148149 0.04325602968460111
15 0.5590046296296296 0.2642764378478664 0.06680555555555555 0.05447124304267161
15 0.798263888888889 0.30744897959183676 0.05741898148148148 0.04555658627087199
15 0.9157638888888889 0.4733580705009276 0.06409722222222222 0.043979591836734694
15 0.7372800925925925 0.5720593692022263 0.08556712962962963 0.03332096474953618
8 0.7842245370370371 0.8607977736549166 0.18658564814814815 0.1078200371057514
8 0.1837615740740741 0.494925788497217 0.15398148148148147 0.1603896103896104
8 0.20267361111111112 0.6414378478664193 0.14913194444444444 0.07553803339517626
8 0.1897337962962963 0.35191094619666047 0.09550925925925925 0.09828385899814472
15 0.2823148148148148 0.4379777365491651 0.07480324074074074 0.06393320964749537
8 0.4400115740740741 0.4463729128014842 0.05655092592592593 0.04958256029684601
8 0.3623032407407407 0.5083673469387755 0.0748263888888889 0.07831168831168832
8 0.47563657407407406 0.5268367346938775 0.11179398148148148 0.0596938775510204