14 0.39444444444444443 0.46925925925925926 0.7888888888888889 0.9207407407407407
15 0.49953703703703706 0.34296296296296297 0.10555555555555556 0.07703703703703704
15 0.3726851851851852 0.09259259259259259 0.08425925925925926 0.07407407407407407
15 0.30648148148148147 0.2548148148148148 0.15 0.10296296296296296
15 0.1050925925925926 0.5 0.13240740740740742 0.09481481481481481
0 0.18101851851851852 0.25555555555555554 0.12407407407407407 0.20148148148148148
15 0.06944444444444445 0.37148148148148147 0.125 0.08
15 0.018518518518518517 0.4722222222222222 0.037037037037037035 0.0837037037037037
0 0.3699074074074074 0.6207407407407407 0.125 0.15555555555555556
0 0.24861111111111112 0.6503703703703704 0.13425925925925927 0.1111111111111111
0 0.4699074074074074 0.4748148148148148 0.21481481481481482 0.10962962962962963
0 0.3277777777777778 0.387037037037037 0.06944444444444445 0.07925925925925927
15 0.24166666666666667 0.5270370370370371 0.08333333333333333 0.04148148148148148
15 0.32037037037037036 0.5233333333333333 0.06388888888888888 0.042222222222222223
15 0.05277777777777778 0.8051851851851852 0.07222222222222222 0.06518518518518518
15 0.1587962962962963 0.8196296296296296 0.06666666666666667 0.04814814814814815