14 0.44537037037037036 0.5 0.8907407407407407 1
15 0.42916666666666664 0.35333333333333333 0.12222222222222222 0.09185185185185185
15 0.1986111111111111 0.1562962962962963 0.10092592592592593 0.08518518518518518
15 0.20925925925925926 0.32666666666666666 0.17037037037037037 0.12444444444444444
15 0.13148148148148148 0.6133333333333333 0.15185185185185185 0.11333333333333333
0 0.09259259259259259 0.362962962962963 0.17407407407407408 0.21259259259259258
15 0.055092592592592596 0.5037037037037037 0.11018518518518519 0.09777777777777778
15 0.037037037037037035 0.6129629629629629 0.06111111111111111 0.08592592592592592
0 0.4324074074074074 0.65 0.16203703703703703 0.16962962962962963
0 0.33240740740740743 0.7125925925925926 0.1574074074074074 0.1288888888888889
0 0.46064814814814814 0.48518518518518516 0.23333333333333334 0.14296296296296296
0 0.28888888888888886 0.44407407407407407 0.08796296296296297 0.0874074074074074
15 0.2712962962962963 0.5992592592592593 0.09074074074074075 0.05407407407407407
15 0.3425925925925926 0.5733333333333334 0.07222222222222222 0.05185185185185185
15 0.21898148148148147 0.9133333333333333 0.08611111111111111 0.07407407407407407
15 0.324537037037037 0.8962962962962963 0.07685185185185185 0.05703703703703704