15 0.16527777777777777 0.4337962962962963 0.08425925925925926 0.07037037037037037
15 0.31805555555555554 0.49444444444444446 0.10277777777777777 0.09259259259259259
15 0.4152777777777778 0.600462962962963 0.10092592592592593 0.08888888888888889
15 0.5476851851851852 0.6430555555555556 0.07685185185185185 0.06481481481481481
4 0.36666666666666664 0.2569444444444444 0.06388888888888888 0.07592592592592592
4 0.725 0.25972222222222224 0.09351851851851851 0.1175925925925926
4 0.5523148148148148 0.36666666666666664 0.1175925925925926 0.09537037037037037
4 0.6504629629629629 0.7037037037037037 0.08611111111111111 0.07592592592592592
4 0.787962962962963 0.575462962962963 0.08981481481481482 0.11666666666666667
14 0.5 0.4847222222222222 1 0.9694444444444444
4 0.4726851851851852 0.7550925925925925 0.1037037037037037 0.10092592592592593
15 0.7421296296296296 0.8550925925925926 0.06018518518518518 0.05462962962962963
15 0.8726851851851852 0.4703703703703704 0.03518518518518519 0.075