9 0.7305555555555555 0.10185185185185185 0.13796296296296295 0.11333333333333333
9 0.9217592592592593 0.2414814814814815 0.09814814814814815 0.08518518518518518
9 0.9814814814814815 0.3662962962962963 0.037037037037037035 0.07925925925925927
9 0.8518518518518519 0.43703703703703706 0.1398148148148148 0.10666666666666667
9 0.4847222222222222 0.30777777777777776 0.14351851851851852 0.11333333333333333
9 0.1884259259259259 0.4766666666666667 0.1259259259259259 0.10444444444444445
9 0.4546296296296296 0.5618518518518518 0.09537037037037037 0.08444444444444445
9 0.5810185185185185 0.6025925925925926 0.13148148148148148 0.11185185185185186
9 0.5745370370370371 0.9774074074074074 0.14722222222222223 0.04518518518518518
9 0.24722222222222223 0.02925925925925926 0.10185185185185185 0.05851851851851852
9 0.18935185185185185 0.11 0.12314814814814815 0.1037037037037037
12 0.35833333333333334 0.41703703703703704 0.20277777777777778 0.11037037037037037
12 0.48703703703703705 0.4166666666666667 0.09259259259259259 0.10666666666666667
12 0.7101851851851851 0.5455555555555556 0.2490740740740741 0.11851851851851852
12 0.537962962962963 0.49925925925925924 0.1175925925925926 0.10962962962962963
12 0.1824074074074074 0.6496296296296297 0.18055555555555555 0.17407407407407408
12 0.2300925925925926 0.30518518518518517 0.11944444444444445 0.13185185185185186
12 0.8472222222222222 0.8218518518518518 0.15092592592592594 0.19185185185185186
12 0.41805555555555557 0.8444444444444444 0.14907407407407408 0.11555555555555555
14 0.5 0.5 1 1
12 0.475462962962963 0.20296296296296296 0.20462962962962963 0.1037037037037037
12 0.888425925925926 0.7025925925925925 0.13333333333333333 0.11481481481481481
8 0.29212962962962963 0.12555555555555556 0.15833333333333333 0.1348148148148148
8 0.7393518518518518 0.3474074074074074 0.13333333333333333 0.11703703703703704