15 0.16064814814814815 0.4634259259259259 0.08148148148148149 0.06666666666666667
15 0.31805555555555554 0.5101851851851852 0.09907407407407408 0.08796296296296297
15 0.42453703703703705 0.6074074074074074 0.09722222222222222 0.08425925925925926
15 0.5601851851851852 0.638425925925926 0.07314814814814814 0.06111111111111111
4 0.3458333333333333 0.26944444444444443 0.06018518518518518 0.07314814814814814
4 0.7032407407407407 0.2412037037037037 0.08796296296296297 0.11388888888888889
4 0.5402777777777777 0.3625 0.11296296296296296 0.08981481481481482
4 0.6675925925925926 0.6898148148148148 0.0824074074074074 0.07222222222222222
4 0.7930555555555555 0.55 0.08425925925925926 0.11296296296296296
14 0.5 0.47685185185185186 1 0.9351851851851852
4 0.4949074074074074 0.7569444444444444 0.09907407407407408 0.0962962962962963
15 0.7722222222222223 0.8324074074074074 0.05740740740740741 0.05185185185185185
15 0.8685185185185185 0.43796296296296294 0.03148148148148148 0.07407407407407407