14 0.5034074074074074 0.5 0.8799444444444445 1
9 0.3471111111111111 0.20038888888888887 0.04510185185185185 0.11493518518518518
9 0.4728796296296296 0.2393796296296296 0.06663888888888889 0.07425925925925926
9 0.5927592592592592 0.21433333333333332 0.05735185185185185 0.056388888888888884
9 0.36959259259259264 0.29116666666666663 0.053425925925925925 0.06795370370370371
9 0.41783333333333333 0.3680277777777778 0.04884259259259259 0.06346296296296297
9 0.46962037037037035 0.37999074074074074 0.057185185185185186 0.07419444444444444
9 0.24381481481481482 0.3780833333333333 0.046537037037037036 0.05135185185185185
9 0.17678703703703705 0.47614814814814815 0.048712962962962965 0.05262962962962963
9 0.2856111111111111 0.5339629629629629 0.06419444444444444 0.07157407407407407
9 0.3768518518518518 0.6018981481481481 0.07087962962962963 0.09025925925925926
9 0.43365740740740744 0.7084166666666667 0.058509259259259254 0.07183333333333333
9 0.273287037037037 0.7562037037037037 0.06885185185185184 0.07218518518518519
9 0.4934259259259259 0.8505370370370371 0.06817592592592592 0.06893518518518518
9 0.5728148148148148 0.5519074074074074 0.0745925925925926 0.0664537037037037
9 0.5090462962962963 0.4854351851851852 0.05692592592592592 0.0887962962962963
9 0.7128611111111111 0.5100092592592592 0.06757407407407408 0.06762962962962964
9 0.7872870370370371 0.6388333333333334 0.10654629629629629 0.09380555555555556
9 0.3773148148148148 0.13121296296296298 0.0512962962962963 0.045425925925925925