14 0.5 0.6002785515320335 1 0.7994428969359332
4 0.34958217270194986 0.4331476323119777 0.11977715877437325 0.08913649025069638
4 0.2137883008356546 0.5341225626740947 0.13370473537604458 0.07938718662952646
4 0.41852367688022285 0.47980501392757663 0.16434540389972144 0.09749303621169916
4 0.22701949860724233 0.5940111420612814 0.20055710306406685 0.10027855153203342
4 0.40459610027855153 0.5424791086350975 0.18523676880222842 0.09610027855153204
4 0.47214484679665736 0.6754874651810585 0.21030640668523676 0.15877437325905291
4 0.2012534818941504 0.7889972144846796 0.2994428969359331 0.20473537604456823
4 0.34401114206128136 0.8711699164345403 0.0807799442896936 0.06267409470752089
11 0.5020891364902507 0.38857938718662954 0.0988857938718663 0.07381615598885793
11 0.6357938718662952 0.33774373259052926 0.11002785515320335 0.07520891364902507
11 0.5814763231197771 0.403899721448468 0.10724233983286909 0.06685236768802229
11 0.7792479108635098 0.36420612813370473 0.12116991643454039 0.07381615598885793
11 0.9129526462395543 0.33774373259052926 0.13370473537604458 0.10167130919220056
11 0.8481894150417827 0.4213091922005571 0.13509749303621169 0.07799442896935933
11 0.7116991643454039 0.43175487465181056 0.14066852367688024 0.08217270194986072
11 0.5696378830083565 0.4777158774373259 0.13370473537604458 0.0766016713091922
11 0.612116991643454 0.5285515320334262 0.15459610027855153 0.10445682451253482
11 0.7632311977715878 0.48676880222841223 0.1573816155988858 0.10027855153203342
11 0.9331476323119777 0.4533426183844011 0.13370473537604458 0.10445682451253482
11 0.8001392757660167 0.5689415041782729 0.19080779944289694 0.11977715877437325
11 0.6789693593314763 0.6685236768802229 0.20055710306406685 0.13788300835654596
11 0.9268802228412256 0.6643454038997214 0.14623955431754876 0.14763231197771587
11 0.9596100278551533 0.5703342618384402 0.0807799442896936 0.0905292479108635