15 0.16153703703703703 0.45740740740740743 0.07982407407407408 0.06560185185185184
15 0.3179351851851852 0.5070833333333333 0.09698148148148147 0.08591666666666667
15 0.4225185185185185 0.6061111111111112 0.09538888888888888 0.082
15 0.5575555555555555 0.6393703703703704 0.07276851851851852 0.060703703703703704
4 0.35007407407407404 0.26672222222222225 0.05890740740740741 0.07229629629629629
4 0.707574074074074 0.2446111111111111 0.08612037037037037 0.11227777777777778
4 0.5426481481481481 0.36324074074074075 0.11185185185185186 0.08754629629629629
4 0.6642407407407407 0.6927314814814814 0.08133333333333334 0.07043518518518518
4 0.7923240740740741 0.5553333333333333 0.08249999999999999 0.11144444444444444
14 0.5 0.47749074074074077 1 0.9171851851851851
4 0.49036111111111114 0.7566203703703703 0.09737037037037037 0.09425
15 0.7662407407407407 0.8372685185185185 0.05716666666666667 0.051083333333333335
15 0.8696481481481482 0.4445925925925926 0.03064814814814815 0.07313888888888888