14 0.37469444444444444 0.47605185185185184 0.7493796296296297 0.8812740740740741
15 0.4858055555555555 0.3433407407407407 0.09981481481481481 0.07211851851851851
15 0.3373055555555556 0.10084444444444443 0.07913888888888888 0.06982962962962963
15 0.2855 0.26611851851851853 0.14212037037037037 0.09533333333333333
15 0.10598148148148148 0.522074074074074 0.1243888888888889 0.08825925925925926
0 0.16055555555555556 0.27382962962962965 0.10758333333333334 0.1963851851851852
15 0.05962037037037037 0.3962222222222222 0.11924074074074074 0.07305925925925925
15 0.01662962962962963 0.5002740740740741 0.03325925925925926 0.08204444444444445
0 0.38077777777777777 0.6276 0.11185185185185186 0.14951851851851852
0 0.26216666666666666 0.6642148148148148 0.12521296296296294 0.10441481481481482
0 0.4678981481481481 0.4766814814814815 0.2066851851851852 0.09911851851851852
0 0.31846296296296295 0.39709629629629634 0.06323148148148149 0.07619259259259259
15 0.24476851851851855 0.5415259259259259 0.08058333333333334 0.03737037037037037
15 0.32270370370370366 0.5331925925925926 0.060537037037037035 0.03922222222222223
15 0.08038888888888888 0.8295555555555556 0.06664814814814815 0.06157777777777777
15 0.18726851851851853 0.8378888888888889 0.06281481481481482 0.04491111111111111