14 0.5 0.4974444444444444 1 0.9842
15 0.25051224944320716 0.4062888888888889 0.09416481069042316 0.19304444444444446
15 0.3636971046770602 0.34297777777777777 0.11293986636971047 0.1625111111111111
15 0.5120935412026726 0.27184444444444444 0.15077951002227172 0.13984444444444444
15 0.27997772828507794 0.5388888888888889 0.14026726057906458 0.18662222222222224
15 0.3473051224944321 0.6490222222222223 0.13792873051224944 0.20124444444444445
15 0.5280846325167038 0.6402666666666667 0.22171492204899776 0.11197777777777777
15 0.6791091314031181 0.6956444444444445 0.1916258351893096 0.18915555555555558
15 0.7522271714922049 0.43826666666666664 0.1388195991091314 0.16944444444444445
2 0.5955233853006682 0.4931111111111111 0.17855233853006683 0.1852
2 0.6397104677060134 0.31951111111111113 0.2144988864142539 0.162
4 0.4529175946547884 0.49435555555555555 0.14870824053452114 0.1786
2 0.5479955456570156 0.7639333333333332 0.07084632516703786 0.11231111111111111
2 0.37561247216035637 0.22651111111111114 0.088641425389755 0.06893333333333333
2 0.7182850779510022 0.5534444444444445 0.10258351893095768 0.063