14 0.5 0.5 1 1
15 0.23942093541202672 0.44222222222222224 0.12249443207126949 0.20444444444444446
15 0.3429844097995546 0.36333333333333334 0.1358574610244989 0.17555555555555555
15 0.4799554565701559 0.2722222222222222 0.16926503340757237 0.16
15 0.2873051224944321 0.5688888888888889 0.16481069042316257 0.20222222222222222
15 0.36971046770601335 0.6688888888888889 0.16481069042316257 0.21777777777777776
15 0.5478841870824054 0.6355555555555555 0.23608017817371937 0.14222222222222222
15 0.7048997772828508 0.6688888888888889 0.21603563474387527 0.21555555555555556
15 0.7416481069042317 0.4033333333333333 0.1603563474387528 0.18666666666666668
2 0.5935412026726058 0.48 0.2026726057906459 0.2088888888888889
2 0.6135857461024499 0.3022222222222222 0.23385300668151449 0.19111111111111112
4 0.4521158129175947 0.5011111111111111 0.17371937639198218 0.19777777777777777
2 0.5846325167037862 0.7544444444444445 0.08685968819599109 0.12222222222222222
2 0.33853006681514475 0.24666666666666667 0.09799554565701558 0.08
2 0.7238307349665924 0.5222222222222223 0.111358574610245 0.07555555555555556