9 0.5558888888888889 0.06346666666666667 0.10701851851851851 0.09054074074074074
9 0.7936759259259258 0.14584444444444444 0.0743425925925926 0.07004444444444445
9 0.9384351851851852 0.23778518518518518 0.09922222222222223 0.056651851851851856
9 0.8070648148148148 0.34885185185185186 0.11316666666666667 0.0815037037037037
9 0.4075092592592593 0.32234074074074076 0.11399074074074074 0.08862962962962963
9 0.19597222222222221 0.5589703703703703 0.0969074074074074 0.08312592592592592
9 0.4822777777777778 0.5701777777777778 0.07107407407407408 0.06945185185185186
9 0.6183611111111111 0.5759703703703704 0.09963888888888889 0.09065925925925926
9 0.7782222222222223 0.9608 0.1216388888888889 0.0784074074074074
9 0.049296296296296296 0.8981407407407408 0.09226851851851853 0.08782222222222222
9 0.06788888888888889 0.1166 0.08707407407407408 0.04765185185185185
9 0.047342592592592596 0.21217037037037037 0.09469444444444444 0.08384444444444444
12 0.3324722222222222 0.45845185185185183 0.1864722222222222 0.06493333333333333
12 0.45373148148148146 0.42443703703703706 0.056074074074074075 0.09794814814814815
12 0.7172592592592593 0.48837037037037034 0.23729629629629628 0.059807407407407406
12 0.5354166666666667 0.4893037037037037 0.08412962962962962 0.09294814814814815
12 0.2608333333333333 0.7243111111111111 0.1273888888888889 0.14917037037037037
12 0.1654074074074074 0.3860444444444444 0.07487037037037036 0.11838518518518518
12 0.9594444444444444 0.7147555555555555 0.08110185185185186 0.18057037037037038
12 0.5624907407407408 0.8469925925925926 0.12022222222222223 0.08897777777777778
14 0.5 0.5 1 1
12 0.35589814814814813 0.22540740740740742 0.19173148148148147 0.05699259259259259
12 0.03062037037037037 0.8304814814814816 0.06124074074074074 0.09924444444444444
12 0.9494629629629631 0.5903111111111111 0.10108333333333333 0.09295555555555556
8 0.15100925925925926 0.2001037037037037 0.11991666666666666 0.11008148148148149
8 0.6641851851851852 0.29333333333333333 0.09997222222222223 0.09653333333333333