14 0.5 0.5 1 1
15 0.2884187082405345 0.3377777777777778 0.14699331848552338 0.21333333333333335
15 0.4153674832962138 0.31 0.155902004454343 0.18888888888888888
15 0.5779510022271714 0.28555555555555556 0.18485523385300667 0.17777777777777778
15 0.27839643652561247 0.47333333333333333 0.18930957683741648 0.21777777777777776
15 0.3106904231625835 0.5977777777777777 0.1915367483296214 0.2311111111111111
15 0.48552338530066813 0.6422222222222222 0.24498886414253898 0.1711111111111111
15 0.6135857461024499 0.7388888888888889 0.2383073496659243 0.23777777777777778
15 0.7594654788418709 0.5144444444444445 0.18262806236080179 0.20222222222222222
2 0.5935412026726058 0.5211111111111111 0.22494432071269488 0.2311111111111111
2 0.6859688195991092 0.36777777777777776 0.2516703786191537 0.21777777777777776
4 0.45657015590200445 0.4811111111111111 0.19599109131403117 0.21555555555555556
2 0.4688195991091314 0.7666666666666667 0.10022271714922049 0.1288888888888889
2 0.4610244988864143 0.20222222222222222 0.10467706013363029 0.09111111111111111
2 0.6926503340757239 0.6144444444444445 0.11804008908685969 0.09111111111111111