14 0.5 0.5926183844011143 1 0.8147632311977716
4 0.3474930362116992 0.43802228412256267 0.12116991643454039 0.09192200557103064
4 0.21518105849582173 0.5445682451253482 0.13370473537604458 0.08356545961002786
4 0.4178272980501393 0.48259052924791085 0.16573816155988857 0.10306406685236769
4 0.23050139275766016 0.6037604456824512 0.20055710306406685 0.10584958217270195
4 0.40598885793871864 0.5452646239554317 0.18523676880222842 0.10167130919220056
4 0.47841225626740946 0.6768802228412256 0.2116991643454039 0.16434540389972144
4 0.2116991643454039 0.7994428969359332 0.3022284122562674 0.21309192200557103
4 0.3565459610027855 0.8767409470752089 0.08217270194986072 0.06545961002785515
11 0.4979108635097493 0.38857938718662954 0.10027855153203342 0.0766016713091922
11 0.6295264623955432 0.33356545961002787 0.11142061281337047 0.07799442896935933
11 0.5779944289693594 0.4011142061281337 0.10724233983286909 0.07103064066852367
11 0.7743732590529248 0.3544568245125348 0.12116991643454039 0.0766016713091922
11 0.9066852367688022 0.32381615598885793 0.13509749303621169 0.10445682451253482
11 0.8454038997214485 0.4087743732590529 0.13509749303621169 0.08217270194986072
11 0.7089136490250696 0.42409470752089135 0.14206128133704735 0.08635097493036212
11 0.5682451253481894 0.4756267409470752 0.13509749303621169 0.0807799442896936
11 0.6135097493036211 0.5243732590529248 0.15459610027855153 0.10863509749303621
11 0.7625348189415042 0.4777158774373259 0.1573816155988858 0.10445682451253482
11 0.9317548746518106 0.4387186629526462 0.13649025069637882 0.10863509749303621
11 0.8022284122562674 0.5584958217270195 0.19080779944289694 0.12534818941504178
11 0.6845403899721448 0.6622562674094707 0.201949860724234 0.14206128133704735
11 0.9289693593314763 0.649025069637883 0.14206128133704735 0.1532033426183844
11 0.9603064066852368 0.5536211699164345 0.07938718662952646 0.09331476323119778