14 0.5 0.49537037037037035 1 0.9907407407407407
15 0.41898148148148145 0.175 0.10555555555555556 0.09444444444444444
12 0.5226851851851851 0.1726851851851852 0.1527777777777778 0.18888888888888888
12 0.1648148148148148 0.5083333333333333 0.18796296296296297 0.1648148148148148
12 0.6041666666666666 0.7523148148148148 0.13425925925925927 0.16666666666666666
12 0.4564814814814815 0.6782407407407407 0.07777777777777778 0.0962962962962963
12 0.7583333333333333 0.45925925925925926 0.09907407407407408 0.15555555555555556
12 0.6486111111111111 0.3050925925925926 0.08148148148148149 0.12222222222222222
12 0.3425925925925926 0.3907407407407407 0.21481481481481482 0.2175925925925926
8 0.5189814814814815 0.5263888888888889 0.08888888888888889 0.07314814814814814
8 0.7509259259259259 0.3648148148148148 0.12407407407407407 0.11018518518518519
8 0.8263888888888888 0.5592592592592592 0.09351851851851851 0.14351851851851852
8 0.4861111111111111 0.7305555555555555 0.11666666666666667 0.15555555555555556
8 0.40370370370370373 0.24351851851851852 0.1574074074074074 0.1037037037037037
10 0.3143518518518518 0.30694444444444446 0.17407407407407408 0.10833333333333334
10 0.23564814814814813 0.3486111111111111 0.1712962962962963 0.13148148148148148
10 0.5222222222222223 0.5967592592592592 0.1037037037037037 0.06481481481481481
10 0.6074074074074074 0.6393518518518518 0.14907407407407408 0.10925925925925926
10 0.7236111111111111 0.612037037037037 0.09722222222222222 0.08425925925925926
10 0.7379629629629629 0.2023148148148148 0.12037037037037036 0.08055555555555556
10 0.26990740740740743 0.5953703703703703 0.21388888888888888 0.16111111111111112
10 0.6064814814814815 0.2884259259259259 0.11388888888888889 0.06944444444444445
10 0.412962962962963 0.33935185185185185 0.09537037037037037 0.13703703703703704
0 0.6425925925925926 0.5236111111111111 0.1111111111111111 0.10185185185185185
0 0.7685185185185185 0.6726851851851852 0.10925925925925926 0.11851851851851852
0 0.6046296296296296 0.6476851851851851 0.062037037037037036 0.053703703703703705
0 0.4699074074074074 0.6912037037037037 0.040740740740740744 0.06574074074074074
0 0.36435185185185187 0.6675925925925926 0.10740740740740741 0.09907407407407408
0 0.3458333333333333 0.17592592592592593 0.10277777777777777 0.08055555555555556
0 0.8291666666666667 0.3337962962962963 0.0824074074074074 0.06851851851851852
0 0.8768518518518519 0.4050925925925926 0.075 0.062037037037037036
5 0.7736111111111111 0.25092592592592594 0.09907407407407408 0.09537037037037037
5 0.5236111111111111 0.3074074074074074 0.09074074074074075 0.0787037037037037
5 0.5421296296296296 0.17175925925925925 0.07777777777777778 0.0824074074074074
5 0.3111111111111111 0.2263888888888889 0.08148148148148149 0.08518518518518518
5 0.375 0.2824074074074074 0.08055555555555556 0.0824074074074074
5 0.2708333333333333 0.5949074074074074 0.09537037037037037 0.10277777777777777
5 0.23472222222222222 0.6722222222222223 0.13148148148148148 0.11296296296296296
5 0.45231481481481484 0.5787037037037037 0.07685185185185185 0.08796296296296297
5 0.4337962962962963 0.5189814814814815 0.08148148148148149 0.07777777777777778
5 0.5564814814814815 0.7388888888888889 0.10092592592592593 0.11388888888888889
5 0.6962962962962963 0.7467592592592592 0.1111111111111111 0.10462962962962963
5 0.6125 0.600925925925926 0.07222222222222222 0.0824074074074074
5 0.7152777777777778 0.5726851851851852 0.08148148148148149 0.07407407407407407
5 0.6847222222222222 0.5 0.08796296296296297 0.075
5 0.7129629629629629 0.4115740740740741 0.0962962962962963 0.09074074074074075