14 0.5024259259259259 0.47730555555555554 0.859462962962963 0.7968148148148148
15 0.32270370370370366 0.21577777777777776 0.08732407407407408 0.07036111111111111
12 0.4204814814814815 0.18187037037037035 0.10779629629629629 0.16319444444444445
12 0.1839537037037037 0.6116203703703703 0.1585277777777778 0.12206481481481482
12 0.6769814814814815 0.7075648148148148 0.09403703703703704 0.14477777777777778
12 0.5136018518518519 0.6832314814814815 0.05513888888888888 0.08276851851851852
12 0.7333425925925926 0.3815 0.05687962962962963 0.14528703703703702
12 0.5812222222222222 0.26863888888888887 0.04942592592592593 0.11271296296296297
12 0.3165648148148148 0.44493518518518516 0.1692685185185185 0.17404629629629628
8 0.5263981481481481 0.5192962962962964 0.07748148148148148 0.05218518518518518
8 0.6971018518518518 0.29394444444444445 0.10407407407407408 0.08295370370370371
8 0.8285925925925925 0.455712962962963 0.05595370370370371 0.13241666666666665
8 0.5581944444444444 0.7233703703703703 0.07811111111111112 0.13809259259259257
8 0.3291574074074074 0.2856111111111111 0.14596296296296296 0.06257407407407407
10 0.263712962962963 0.37389814814814815 0.16323148148148148 0.06137962962962964
10 0.20198148148148146 0.43780555555555556 0.15087037037037038 0.08919444444444444
10 0.5510925925925926 0.5853611111111111 0.09725 0.0361574074074074
10 0.6452407407407408 0.5995648148148148 0.13369444444444442 0.07197222222222223
10 0.7474074074074074 0.5375185185185185 0.08248148148148148 0.06268518518518519
10 0.6341296296296296 0.14329629629629628 0.11146296296296296 0.04831481481481482
10 0.3106388888888889 0.6619259259259259 0.1904074074074074 0.10781481481481481
10 0.5359722222222223 0.26585185185185184 0.10774074074074073 0.03787037037037037
10 0.36742592592592593 0.37421296296296297 0.0595462962962963 0.12497222222222222
0 0.6427685185185186 0.47824074074074074 0.09171296296296295 0.07748148148148148
0 0.8088425925925925 0.5813518518518519 0.08311111111111112 0.09851851851851852
0 0.6452407407407408 0.6078981481481481 0.052203703703703704 0.04049074074074074
0 0.5304074074074074 0.6909444444444445 0.022537037037037036 0.06213888888888889
0 0.4229907407407407 0.7014444444444444 0.08919444444444444 0.07572222222222222
0 0.253212962962963 0.23961111111111108 0.09037962962962963 0.05575925925925926
0 0.7619166666666667 0.24022222222222223 0.07075 0.0495925925925926
0 0.8292129629629629 0.29332407407407407 0.0645925925925926 0.044675925925925924
5 0.6832037037037038 0.17849074074074076 0.07999074074074074 0.07425925925925926
5 0.4628055555555555 0.3096851851851852 0.07623148148148148 0.058879629629629636
5 0.43842592592592594 0.17477777777777778 0.06079629629629629 0.06685185185185186
5 0.23592592592592593 0.2982685185185185 0.06321296296296296 0.06937037037037037
5 0.31371296296296297 0.3319166666666667 0.06323148148148149 0.0662962962962963
5 0.31124999999999997 0.6613055555555556 0.0731111111111111 0.08435185185185184
5 0.30075 0.7458981481481481 0.11138888888888888 0.08314814814814815
5 0.47886111111111107 0.5896851851851852 0.05648148148148148 0.07443518518518519
5 0.44305555555555554 0.5384444444444444 0.06635185185185184 0.060833333333333336
5 0.6273333333333333 0.7097777777777777 0.0756574074074074 0.09610185185185185
5 0.7628425925925926 0.6742777777777778 0.09112037037037037 0.08064814814814815
5 0.6384444444444445 0.5612870370370371 0.05343518518518518 0.06949074074074074
5 0.7273425925925926 0.5026296296296296 0.06827777777777777 0.05587962962962963
5 0.6754907407407407 0.44274074074074077 0.07566666666666666 0.054620370370370375
5 0.675175925925926 0.3501296296296296 0.07875925925925926 0.06939814814814815