14 0.5 0.6074074074074074 1 0.5111111111111111
4 0.31342592592592594 0.4064814814814815 0.08055555555555556 0.03611111111111111
4 0.22777777777777777 0.43287037037037035 0.09259259259259259 0.05092592592592592
4 0.18472222222222223 0.475462962962963 0.14722222222222223 0.03796296296296296
4 0.1310185185185185 0.5175925925925926 0.08055555555555556 0.04537037037037037
4 0.18564814814814815 0.5685185185185185 0.09814814814814815 0.03611111111111111
4 0.399537037037037 0.6435185185185185 0.09537037037037037 0.07222222222222222
4 0.674074074074074 0.649537037037037 0.08703703703703704 0.1
4 0.575925925925926 0.5962962962962963 0.10740740740740741 0.07037037037037037
4 0.49583333333333335 0.5263888888888889 0.07685185185185185 0.03796296296296296
4 0.42314814814814816 0.4027777777777778 0.06574074074074074 0.03888888888888889
4 0.549074074074074 0.4050925925925926 0.06296296296296296 0.032407407407407406
4 0.6648148148148149 0.42685185185185187 0.07777777777777778 0.037037037037037035
4 0.7074074074074074 0.4634259259259259 0.11944444444444445 0.03518518518518519
4 0.6268518518518519 0.5337962962962963 0.06666666666666667 0.03425925925925926
4 0.8763888888888889 0.49074074074074076 0.10648148148148148 0.028703703703703703
4 0.9296296296296296 0.5541666666666667 0.14074074074074075 0.07962962962962963
4 0.787962962962963 0.5361111111111111 0.06388888888888888 0.05185185185185185
4 0.7888888888888889 0.5925925925925926 0.07592592592592592 0.062037037037037036
4 0.7935185185185185 0.6898148148148148 0.07962962962962963 0.046296296296296294
4 0.3365740740740741 0.5388888888888889 0.08055555555555556 0.05185185185185185
4 0.5101851851851852 0.4439814814814815 0.05740740740740741 0.03796296296296296
4 0.5879629629629629 0.4736111111111111 0.040740740740740744 0.026851851851851852
4 0.6611111111111111 0.5092592592592593 0.05 0.027777777777777776
4 0.875 0.6148148148148148 0.08888888888888889 0.03611111111111111