14 0.5 0.5 1 1
12 0.4185185185185185 0.5860692102928128 0.18703703703703703 0.17036379769299023
12 0.05138888888888889 0.4165927240461402 0.10277777777777777 0.11801242236024845
12 0.3398148148148148 0.16592724046140195 0.0824074074074074 0.08074534161490683
12 0.4861111111111111 0.16637089618456077 0.10555555555555556 0.062111801242236024
12 0.5680555555555555 0.11313220940550132 0.10462962962962963 0.07364685004436557
12 0.6449074074074074 0.1823425022182786 0.10555555555555556 0.09139307897071872
12 0.7541666666666667 0.2422360248447205 0.08796296296296297 0.09494232475598935
12 0.7712962962962963 0.3513753327417924 0.12314814814814815 0.13043478260869565
12 0.6504629629629629 0.422360248447205 0.11574074074074074 0.06388642413487133
12 0.6689814814814815 0.5417036379769299 0.175 0.1836734693877551
12 0.19398148148148148 0.5368234250221828 0.21666666666666667 0.13220940550133098
12 0.21574074074074073 0.6206743566992015 0.18703703703703703 0.11712511091393078
12 0.5 0.34960070984915703 0.1037037037037037 0.0940550133096717
12 0.6810185185185185 0.3203194321206744 0.07685185185185185 0.09582963620230701
6 0.08518518518518518 0.30434782608695654 0.15925925925925927 0.09582963620230701
6 0.11574074074074074 0.23957409050576753 0.125 0.07275953859804792
6 0.25277777777777777 0.2724046140195209 0.10648148148148148 0.0834072759538598
6 0.5194444444444445 0.44321206743566993 0.15648148148148147 0.12866015971606035
6 0.6064814814814815 0.3269742679680568 0.12407407407407407 0.15527950310559005
6 0.46620370370370373 0.23469387755102042 0.1712962962962963 0.09316770186335403
6 0.26342592592592595 0.37267080745341613 0.14907407407407408 0.08429458740017746
6 0.3972222222222222 0.44365572315882873 0.03981481481481482 0.03194321206743567
6 0.09768518518518518 0.35536823425022185 0.03796296296296296 0.03460514640638864
6 0.16620370370370371 0.42857142857142855 0.04259259259259259 0.03194321206743567
6 0.1736111111111111 0.48935226264418813 0.0787037037037037 0.044365572315882874
6 0.008796296296296297 0.48269742679680566 0.017592592592592594 0.06921029281277728
6 0.33240740740740743 0.6521739130434783 0.06388888888888888 0.049689440993788817
6 0.6675925925925926 0.5266193433895298 0.044444444444444446 0.04525288376220053
6 0.7087962962962963 0.5341614906832298 0.03148148148148148 0.04081632653061224
6 0.7472222222222222 0.5425909494232476 0.041666666666666664 0.03904170363797693
6 0.8037037037037037 0.559449866903283 0.06388888888888888 0.04259094942324756
6 0.8407407407407408 0.518189884649512 0.03611111111111111 0.037267080745341616
6 0.8115740740740741 0.24312333629103816 0.04259259259259259 0.04791481810115351
6 0.8652777777777778 0.2524401064773736 0.05462962962962963 0.044365572315882874
6 0.7287037037037037 0.3052351375332742 0.05 0.037267080745341616
6 0.7967592592592593 0.2759538598047915 0.04351851851851852 0.031055900621118012
6 0.6833333333333333 0.27506654835847383 0.053703703703703705 0.04614019520851819
6 0.649074074074074 0.24889086069210292 0.03425925925925926 0.026619343389529725
6 0.5611111111111111 0.1850044365572316 0.037037037037037035 0.044365572315882874
6 0.6050925925925926 0.1512866015971606 0.03981481481481482 0.03371783496007098
6 0.42916666666666664 0.18411712511091394 0.03518518518518519 0.025732031943212066
6 0.33240740740740743 0.29414374445430347 0.023148148148148147 0.02839396628216504
11 0.7152777777777778 0.45430346051464066 0.16018518518518518 0.129547471162378
11 0.41064814814814815 0.5110913930789707 0.18703703703703703 0.15705412599822538
11 0.26481481481481484 0.4649511978704525 0.12777777777777777 0.09937888198757763
11 0.12407407407407407 0.40638864241348716 0.13333333333333333 0.1064773735581189
11 0.23148148148148148 0.20141969831410825 0.11296296296296296 0.07542147293700088
11 0.3907407407407407 0.16326530612244897 0.08981481481481482 0.08251996450754215
11 0.3037037037037037 0.30789707187222715 0.08611111111111111 0.07453416149068323
11 0.512962962962963 0.25554569653948533 0.08333333333333333 0.06299911268855368
11 0.6555555555555556 0.17701863354037267 0.11203703703703703 0.08163265306122448