14 0.5 0.5 1 1
4 0.20046296296296295 0.5087962962962963 0.21574074074074073 0.27314814814814814
15 0.32916666666666666 0.6694444444444444 0.17962962962962964 0.15648148148148147
15 0.24444444444444444 0.8578703703703704 0.09537037037037037 0.16018518518518518
15 0.49907407407407406 0.7342592592592593 0.11481481481481481 0.1398148148148148
15 0.3175925925925926 0.9462962962962963 0.08333333333333333 0.05185185185185185
15 0.5175925925925926 0.9407407407407408 0.40925925925925927 0.11851851851851852
15 0.5824074074074074 0.8671296296296296 0.07777777777777778 0.09351851851851851
15 0.8495370370370371 0.6884259259259259 0.13240740740740742 0.12685185185185185
15 0.47314814814814815 0.5916666666666667 0.13148148148148148 0.0962962962962963
9 0.8064814814814815 0.48703703703703705 0.10185185185185185 0.10277777777777777
9 0.6296296296296297 0.45787037037037037 0.08981481481481482 0.07037037037037037
9 0.6805555555555556 0.5162037037037037 0.10925925925925926 0.09814814814814815
9 0.5939814814814814 0.5578703703703703 0.07314814814814814 0.08518518518518518
12 0.3523148148148148 0.25925925925925924 0.13333333333333333 0.125
12 0.3421296296296296 0.36157407407407405 0.08796296296296297 0.125
12 0.43425925925925923 0.29907407407407405 0.07777777777777778 0.08611111111111111
12 0.49074074074074076 0.20972222222222223 0.09074074074074075 0.0787037037037037
12 0.5101851851851852 0.18888888888888888 0.03888888888888889 0.08518518518518518
12 0.5412037037037037 0.2351851851851852 0.10740740740740741 0.1
12 0.5958333333333333 0.17546296296296296 0.11388888888888889 0.09907407407407408
12 0.5481481481481482 0.3425925925925926 0.1259259259259259 0.09166666666666666
12 0.6175925925925926 0.27870370370370373 0.09351851851851851 0.08888888888888889
12 0.6143518518518518 0.3638888888888889 0.07407407407407407 0.06666666666666667
15 0.6925925925925925 0.6277777777777778 0.18333333333333332 0.09722222222222222
15 0.8939814814814815 0.5837962962962963 0.21203703703703702 0.10833333333333334
15 0.8972222222222223 0.5412037037037037 0.18518518518518517 0.09444444444444444
15 0.725 0.5856481481481481 0.16018518518518518 0.07314814814814814