14 0.5 0.5669444444444444 1 0.8661018518518518
2 0.4996944444444444 0.4421481481481481 0.16473148148148148 0.0834074074074074
2 0.5915555555555555 0.5083888888888889 0.0958611111111111 0.10435185185185185
4 0.46285185185185185 0.28671296296296295 0.09843518518518518 0.06460185185185185
4 0.7157222222222223 0.3553425925925926 0.11139814814814815 0.09284259259259259
4 0.8069537037037037 0.4816574074074075 0.2098888888888889 0.08689814814814814
4 0.7857407407407407 0.5644722222222223 0.24510185185185182 0.07980555555555556
4 0.6355185185185185 0.6487592592592593 0.2314537037037037 0.08993518518518519
4 0.37498148148148147 0.6116944444444444 0.20789814814814814 0.12514814814814815
4 0.3386018518518519 0.7001944444444445 0.1351388888888889 0.05049074074074074
4 0.2434722222222222 0.5557222222222222 0.053537037037037036 0.1087962962962963
4 0.3725648148148148 0.4146111111111111 0.08880555555555555 0.06819444444444445
4 0.47025 0.36660185185185185 0.10656481481481482 0.06735185185185184
2 0.3322407407407407 0.5051018518518519 0.10768518518518519 0.0830462962962963
2 0.6078888888888889 0.33685185185185185 0.0700925925925926 0.03913888888888889
7 0.5930740740740741 0.36803703703703705 0.14417592592592593 0.09039814814814814
7 0.43194444444444446 0.49429629629629634 0.13302777777777777 0.07254629629629629
7 0.695861111111111 0.48442592592592587 0.10900925925925926 0.10464814814814814
7 0.42886111111111114 0.7424999999999999 0.14166666666666666 0.10228703703703704
7 0.4946018518518518 0.6285925925925926 0.03981481481481482 0.1374351851851852
7 0.6325833333333334 0.6109907407407408 0.07503703703703704 0.05407407407407407
7 0.7631574074074075 0.5551111111111111 0.11025925925925925 0.05713888888888889