14 0.5 0.6075648148148147 1 0.511037037037037
4 0.3133425925925926 0.40628703703703706 0.08113888888888889 0.03642592592592593
4 0.2276203703703704 0.43267592592592596 0.09214814814814815 0.05112037037037037
4 0.18478703703703703 0.47547222222222224 0.14682407407407408 0.03847222222222222
4 0.13096296296296295 0.5178148148148148 0.08127777777777778 0.04496296296296297
4 0.18547222222222223 0.5684351851851852 0.09806481481481481 0.03623148148148148
4 0.3994259259259259 0.6437037037037038 0.09492592592592593 0.07219444444444445
4 0.6741296296296296 0.6496944444444444 0.08698148148148148 0.10026851851851852
4 0.5760925925925926 0.5964629629629629 0.10709259259259259 0.07039814814814815
4 0.49580555555555555 0.5265648148148149 0.07718518518518519 0.038407407407407404
4 0.4230277777777778 0.4028703703703704 0.06595370370370371 0.03962037037037037
4 0.5491296296296296 0.40496296296296297 0.06352777777777778 0.03177777777777778
4 0.664787037037037 0.4267962962962963 0.07831481481481481 0.03735185185185186
4 0.7072592592592593 0.46362037037037035 0.11916666666666666 0.03481481481481482
4 0.6268703703703703 0.5338055555555555 0.06663888888888889 0.03485185185185185
4 0.8765555555555555 0.49050925925925926 0.1069074074074074 0.028453703703703703
4 0.9296018518518518 0.5542314814814815 0.14080555555555554 0.07971296296296297
4 0.7878333333333334 0.5362685185185185 0.06376851851851852 0.051814814814814814
4 0.7889722222222223 0.5923796296296296 0.07607407407407407 0.06177777777777778
4 0.7936666666666666 0.6896851851851852 0.07944444444444444 0.045879629629629624
4 0.3366851851851852 0.5390648148148148 0.08114814814814815 0.05190740740740741
4 0.5103425925925925 0.4439722222222222 0.05772222222222222 0.03732407407407408
4 0.5878240740740741 0.4736111111111111 0.041074074074074075 0.027462962962962963
4 0.6609814814814815 0.5091111111111112 0.050351851851851856 0.028092592592592593
4 0.8748981481481481 0.615 0.08929629629629629 0.036166666666666666