14 0.5 0.4847222222222222 1 0.9694444444444444
15 0.39675925925925926 0.1814814814814815 0.10185185185185185 0.08981481481481482
12 0.5 0.17222222222222222 0.14351851851851852 0.18518518518518517
12 0.16620370370370371 0.5319444444444444 0.18333333333333332 0.15648148148148147
12 0.6212962962962963 0.7444444444444445 0.12685185185185185 0.16296296296296298
12 0.4689814814814815 0.6810185185185185 0.07314814814814814 0.09351851851851851
12 0.7550925925925925 0.44166666666666665 0.09074074074074075 0.15462962962962962
12 0.6347222222222222 0.2953703703703704 0.075 0.12129629629629629
12 0.3351851851851852 0.4023148148148148 0.2064814814814815 0.2101851851851852
8 0.5208333333333334 0.525 0.08703703703703704 0.06944444444444445
8 0.7412037037037037 0.3476851851851852 0.12037037037037036 0.10555555555555556
8 0.8296296296296296 0.5365740740740741 0.08611111111111111 0.14166666666666666
8 0.5023148148148148 0.7310185185185185 0.10925925925925926 0.1527777777777778
8 0.3861111111111111 0.25046296296296294 0.15648148148148147 0.09537037037037037
10 0.3013888888888889 0.32037037037037036 0.17314814814814813 0.09907407407407408
10 0.22592592592592592 0.3675925925925926 0.1675925925925926 0.12314814814814815
10 0.5287037037037037 0.5953703703703703 0.10277777777777777 0.058333333333333334
10 0.6166666666666667 0.6319444444444444 0.14629629629629629 0.10185185185185185
10 0.7310185185185185 0.5962962962962963 0.09537037037037037 0.08055555555555556
10 0.7166666666666667 0.18611111111111112 0.11944444444444445 0.07407407407407407
10 0.2773148148148148 0.6111111111111112 0.2101851851851852 0.15
10 0.5916666666666667 0.2814814814814815 0.11388888888888889 0.06296296296296296
10 0.40185185185185185 0.3458333333333333 0.08796296296296297 0.13518518518518519
0 0.6439814814814815 0.513425925925926 0.10740740740740741 0.09722222222222222
0 0.7800925925925926 0.6537037037037037 0.1037037037037037 0.11574074074074074
0 0.6148148148148148 0.6398148148148148 0.06018518518518518 0.05092592592592592
0 0.48333333333333334 0.6925925925925925 0.037037037037037035 0.06574074074074074
0 0.3763888888888889 0.6768518518518518 0.10462962962962963 0.09444444444444444
0 0.3236111111111111 0.1875 0.10092592592592593 0.07592592592592592
0 0.8171296296296297 0.3111111111111111 0.08055555555555556 0.06481481481481481
0 0.8694444444444445 0.37916666666666665 0.07314814814814814 0.058333333333333334
5 0.7555555555555555 0.2324074074074074 0.09537037037037037 0.09166666666666666
5 0.5097222222222222 0.30648148148148147 0.08796296296296297 0.075
5 0.5189814814814815 0.16944444444444445 0.075 0.07962962962962963
5 0.29259259259259257 0.24027777777777778 0.07777777777777778 0.0824074074074074
5 0.3597222222222222 0.2916666666666667 0.07685185185185185 0.07962962962962963
5 0.2777777777777778 0.6106481481481482 0.09166666666666666 0.09907407407407408
5 0.24722222222222223 0.6902777777777778 0.12777777777777777 0.10740740740740741
5 0.45787037037037037 0.5819444444444445 0.07314814814814814 0.08518518518518518
5 0.4356481481481482 0.5236111111111111 0.0787037037037037 0.07407407407407407
5 0.5726851851851852 0.7342592592592593 0.0962962962962963 0.1111111111111111
5 0.7129629629629629 0.7328703703703704 0.10740740740740741 0.1
5 0.6194444444444445 0.5930555555555556 0.06851851851851852 0.08055555555555556
5 0.7199074074074074 0.5574074074074075 0.07962962962962963 0.07037037037037037
5 0.6842592592592592 0.48703703703703705 0.08611111111111111 0.0712962962962963
5 0.7060185185185185 0.39675925925925926 0.09351851851851851 0.08611111111111111