14 0.5 0.544074074074074 1 0.9118425925925926
4 0.20491666666666666 0.4464722222222222 0.16857407407407407 0.24320370370370373
15 0.29768518518518516 0.6299907407407407 0.15563888888888888 0.1262222222222222
15 0.17542592592592593 0.7970740740740742 0.06533333333333334 0.15000925925925926
15 0.45025925925925925 0.7288333333333333 0.09064814814814816 0.12341666666666666
15 0.2288425925925926 0.8984722222222222 0.0777037037037037 0.036648148148148145
15 0.42306481481481484 0.9483425925925927 0.40447222222222223 0.06313888888888888
15 0.5041944444444444 0.8762592592592593 0.06165740740740741 0.08282407407407408
15 0.8027407407407408 0.7572037037037037 0.11317592592592593 0.10515740740740741
15 0.45463888888888887 0.5839907407407408 0.11869444444444444 0.07276851851851852
9 0.802537037037037 0.5509166666666667 0.08561111111111111 0.08769444444444444
9 0.6356111111111111 0.48574074074074075 0.08117592592592593 0.05402777777777778
9 0.6731481481481482 0.553425925925926 0.09519444444444444 0.08007407407407408
9 0.5796759259259259 0.5762222222222223 0.05876851851851852 0.07453703703703704
12 0.40570370370370373 0.23405555555555554 0.11387962962962962 0.10391666666666667
12 0.37421296296296297 0.3316111111111111 0.06572222222222222 0.11384259259259259
12 0.4773148148148148 0.2896203703703704 0.06450925925925927 0.07430555555555556
12 0.5513981481481481 0.2142962962962963 0.07934259259259259 0.06439814814814815
12 0.5748518518518518 0.19762962962962963 0.022555555555555554 0.08290740740740742
12 0.5952314814814815 0.24949074074074074 0.09293518518518519 0.08293518518518518
12 0.6612870370370371 0.20225925925925925 0.09912962962962964 0.08106481481481481
12 0.5797962962962963 0.3559907407407408 0.11392592592592593 0.07001851851851852
12 0.6609814814814815 0.30814814814814817 0.07999074074074074 0.07431481481481482
12 0.6402962962962963 0.39087962962962963 0.0645462962962963 0.054592592592592595
15 0.6619166666666667 0.6650185185185186 0.17444444444444446 0.062120370370370374
15 0.8764444444444444 0.66625 0.22202777777777777 0.0645925925925926
15 0.8801481481481481 0.6230277777777777 0.17758333333333332 0.05963888888888889
15 0.7023518518518518 0.6307407407407408 0.15531481481481482 0.04173148148148148