14 0.5 0.5 1 1
4 0.25092592592592594 0.5277777777777778 0.2833333333333333 0.2564814814814815
4 0.5032407407407408 0.6944444444444444 0.33796296296296297 0.3138888888888889
4 0.7518518518518519 0.6777777777777778 0.2175925925925926 0.25
4 0.4287037037037037 0.22777777777777777 0.18518518518518517 0.1814814814814815
4 0.638425925925926 0.24583333333333332 0.2675925925925926 0.13240740740740742
15 0.7527777777777778 0.48148148148148145 0.18055555555555555 0.15462962962962962
15 0.26805555555555555 0.29259259259259257 0.15 0.1361111111111111
15 0.562962962962963 0.34074074074074073 0.13240740740740742 0.13518518518518519
15 0.13657407407407407 0.2564814814814815 0.1037037037037037 0.16111111111111112
15 0.23333333333333334 0.1300925925925926 0.15 0.14444444444444443
15 0.6162037037037037 0.08055555555555556 0.2175925925925926 0.12037037037037036
15 0.4115740740740741 0.06388888888888888 0.21388888888888888 0.12777777777777777
15 0.7791666666666667 0.14814814814814814 0.14444444444444443 0.1037037037037037
15 0.8828703703703704 0.23703703703703705 0.10925925925925926 0.09259259259259259
15 0.924074074074074 0.5412037037037037 0.1111111111111111 0.21481481481481482
15 0.9212962962962963 0.36018518518518516 0.11296296296296296 0.16111111111111112