14 0.5 0.6055555555555555 1 0.6611111111111111
4 0.30092592592592593 0.43657407407407406 0.08518518518518518 0.04814814814814815
4 0.22037037037037038 0.4759259259259259 0.09907407407407408 0.06481481481481481
4 0.18472222222222223 0.525 0.15092592592592594 0.06018518518518518
4 0.13842592592592592 0.575462962962963 0.08703703703703704 0.05740740740740741
4 0.2 0.6166666666666667 0.10277777777777777 0.05092592592592592
4 0.42314814814814816 0.6578703703703703 0.10555555555555556 0.08611111111111111
4 0.6953703703703704 0.6208333333333333 0.10185185185185185 0.11203703703703703
4 0.5902777777777778 0.5833333333333334 0.11666666666666667 0.08611111111111111
4 0.5 0.5268518518518519 0.08148148148148149 0.05
4 0.40879629629629627 0.4162037037037037 0.0712962962962963 0.049074074074074076
4 0.5337962962962963 0.39861111111111114 0.06759259259259259 0.041666666666666664
4 0.6513888888888889 0.40185185185185185 0.0824074074074074 0.049074074074074076
4 0.6990740740740741 0.43148148148148147 0.12314814814814815 0.053703703703703705
4 0.6305555555555555 0.513425925925926 0.0712962962962963 0.044444444444444446
4 0.8703703703703703 0.43194444444444446 0.11018518518518519 0.04537037037037037
4 0.9282407407407407 0.48657407407407405 0.14351851851851852 0.10092592592592593
4 0.7898148148148149 0.49074074074074076 0.0712962962962963 0.06111111111111111
4 0.8 0.5458333333333333 0.08518518518518518 0.07314814814814814
4 0.8199074074074074 0.6412037037037037 0.08611111111111111 0.058333333333333334
4 0.3449074074074074 0.5643518518518519 0.08796296296296297 0.06388888888888888
4 0.5013888888888889 0.44305555555555554 0.06296296296296296 0.046296296296296294
4 0.5824074074074074 0.4601851851851852 0.044444444444444446 0.03333333333333333
4 0.6606481481481481 0.4837962962962963 0.053703703703703705 0.03518518518518519
4 0.888425925925926 0.5550925925925926 0.09351851851851851 0.05