14 0.5 0.5005590062111801 1 0.9811889973380656
12 0.39928703703703705 0.5644454303460514 0.15663888888888888 0.13843833185448093
12 0.08524074074074074 0.315075421472937 0.08178703703703703 0.10209405501330968
12 0.42908333333333337 0.1389086069210293 0.06718518518518518 0.0668944099378882
12 0.5709166666666667 0.17297249334516415 0.09823148148148149 0.040603371783496
12 0.6636574074074074 0.14039041703637978 0.09423148148148147 0.05291038154392192
12 0.7208981481481482 0.22525288376220054 0.09 0.07254658385093168
12 0.8116296296296296 0.30863354037267077 0.06935185185185186 0.08195208518189885
12 0.8007222222222222 0.4186512866015972 0.09805555555555556 0.11073646850044365
12 0.6657222222222222 0.4595385980479148 0.10847222222222223 0.03998225377107365
12 0.6535462962962963 0.5795829636202308 0.13971296296296296 0.15661047027506655
12 0.19371296296296298 0.4647116237799468 0.20022222222222222 0.08907719609582963
12 0.19376851851851853 0.551153504880213 0.17254629629629628 0.07939662821650399
12 0.5379814814814815 0.3538952972493345 0.0871574074074074 0.07654835847382431
12 0.7208611111111111 0.36746228926353147 0.05711111111111111 0.08497781721384205
6 0.14682407407407408 0.21377107364685002 0.14785185185185185 0.06417036379769299
6 0.19290740740740742 0.1583762200532387 0.11680555555555557 0.046415261756876665
6 0.3174814814814815 0.22192546583850933 0.09341666666666666 0.06440993788819876
6 0.5334166666666667 0.44935226264418815 0.1351388888888889 0.1006477373558119
6 0.6469166666666666 0.35660159716060336 0.09147222222222223 0.13851818988464953
6 0.5341388888888889 0.23479148181011536 0.16085185185185186 0.057923691215616684
6 0.3025925925925926 0.3218189884649512 0.14017592592592593 0.05308784383318545
6 0.4143425925925926 0.4213132209405501 0.03486111111111111 0.025110913930789708
6 0.1464074074074074 0.2662910381543922 0.03232407407407407 0.02740905057675244
6 0.19394444444444445 0.353265306122449 0.038509259259259264 0.023895297249334518
6 0.18592592592592594 0.4139130434782609 0.07431481481481482 0.028065661047027506
6 0.015842592592592592 0.36688553682342506 0.02674074074074074 0.06532386867790595
6 0.29889814814814814 0.6088731144631766 0.055824074074074075 0.038207630878438335
6 0.6557314814814815 0.5647914818101153 0.0361574074074074 0.03878438331854481
6 0.6940092592592593 0.5813575865128661 0.023814814814814813 0.03642413487133984
6 0.7291944444444444 0.5988110026619343 0.03493518518518518 0.03228926353149956
6 0.7795092592592593 0.6281011535048803 0.05778703703703703 0.030523513753327416
6 0.8261203703703704 0.5967435669920141 0.028787037037037038 0.03169476486246672
6 0.8671759259259259 0.32309671694764863 0.033120370370370376 0.04163265306122449
6 0.9168703703703704 0.3443921916592724 0.04733333333333333 0.034543034605146405
6 0.7711759259259259 0.36421472937000887 0.04482407407407407 0.028047914818101153
6 0.8443333333333334 0.35119787045252887 0.03928703703703704 0.02330967169476486
6 0.73475 0.3242768411712511 0.046046296296296294 0.036903283052351375
6 0.7082037037037037 0.2911446317657498 0.02999074074074074 0.020319432120674354
6 0.63875 0.20831410825199645 0.028120370370370372 0.039219165927240465
6 0.6899907407407407 0.18612244897959182 0.034305555555555554 0.02678793256433008
6 0.510962962962963 0.17694764862466725 0.0317962962962963 0.019086069210292815
6 0.3893425925925926 0.26156166814551907 0.018185185185185186 0.025039929015084294
11 0.7202500000000001 0.5053327417923691 0.1392685185185185 0.10087843833185448
11 0.41064814814814815 0.49024844720496896 0.1607962962962963 0.12394853593611357
11 0.2806944444444444 0.4112599822537711 0.11199999999999999 0.0759893522626442
11 0.15875925925925927 0.32191659272404616 0.11628703703703704 0.08187222715173026
11 0.3149537037037037 0.14795918367346939 0.10275 0.05338952972493345
11 0.4791666666666667 0.14796805678793257 0.07562037037037037 0.06759538598047915
11 0.35786111111111113 0.2680745341614907 0.07374074074074075 0.05936113575865129
11 0.5742407407407407 0.26570541259982255 0.07317592592592592 0.047524401064773736
11 0.732287037037037 0.22251109139307898 0.10037962962962962 0.060523513753327415