14 0.5 0.5 1 1
2 0.5175925925925926 0.4449074074074074 0.1824074074074074 0.13055555555555556
2 0.5842592592592593 0.5361111111111111 0.12314814814814815 0.1287037037037037
4 0.5305555555555556 0.28564814814814815 0.11296296296296296 0.09166666666666666
4 0.75 0.42916666666666664 0.13425925925925927 0.12222222222222222
4 0.7976851851851852 0.5773148148148148 0.22685185185185186 0.14722222222222223
4 0.7518518518518519 0.649537037037037 0.25833333333333336 0.15185185185185185
4 0.5828703703703704 0.6833333333333333 0.24814814814814815 0.1574074074074074
4 0.34675925925925927 0.5675925925925925 0.2361111111111111 0.18333333333333332
4 0.2847222222222222 0.6407407407407407 0.14444444444444443 0.08981481481481482
4 0.2388888888888889 0.4736111111111111 0.08518518518518518 0.12037037037037036
4 0.4050925925925926 0.37962962962962965 0.10555555555555556 0.09259259259259259
4 0.512962962962963 0.3638888888888889 0.12222222222222222 0.0962962962962963
2 0.3388888888888889 0.4532407407407407 0.12777777777777777 0.11203703703703703
2 0.6532407407407408 0.37824074074074077 0.07777777777777778 0.058333333333333334
7 0.6291666666666667 0.40324074074074073 0.1648148148148148 0.12962962962962962
7 0.43703703703703706 0.4736111111111111 0.14814814814814814 0.11018518518518519
7 0.6912037037037037 0.5458333333333333 0.13518518518518519 0.13333333333333333
7 0.3574074074074074 0.7087962962962963 0.16666666666666666 0.14074074074074075
7 0.4550925925925926 0.6208333333333333 0.08055555555555556 0.1425925925925926
7 0.5916666666666667 0.6467592592592593 0.08796296296296297 0.07407407407407407
7 0.7333333333333333 0.6337962962962963 0.12222222222222222 0.08796296296296297