14 0.4803518518518518 0.4898148148148148 0.8305833333333333 0.645837037037037
12 0.25333333333333335 0.5592888888888888 0.27167592592592593 0.06073333333333333
12 0.6563333333333333 0.6945703703703704 0.05475925925925926 0.057385185185185185
12 0.6834537037037037 0.5216592592592593 0.2703981481481481 0.06509629629629629
12 0.5177037037037037 0.42067407407407403 0.05990740740740741 0.07345185185185185
12 0.5894259259259259 0.3566518518518519 0.08234259259259259 0.08734814814814815
12 0.7083611111111111 0.3624 0.09083333333333332 0.06862222222222222
12 0.38599074074074075 0.46243703703703704 0.08069444444444444 0.0636148148148148
12 0.2591481481481481 0.36817777777777777 0.04489814814814815 0.03685185185185185
12 0.3003611111111111 0.6927481481481482 0.06592592592592593 0.1065925925925926
9 0.4154814814814815 0.2580888888888889 0.05807407407407407 0.04638518518518518
9 0.3550740740740741 0.31980000000000003 0.07724074074074075 0.044614814814814815
9 0.6665185185185185 0.28875555555555554 0.033305555555555554 0.03384444444444444
9 0.7136481481481481 0.31057037037037033 0.04688888888888889 0.03548888888888889
9 0.31105555555555553 0.36951111111111107 0.059194444444444445 0.02660740740740741
9 0.39705555555555555 0.4072 0.054268518518518515 0.03822222222222222
9 0.28123148148148147 0.47099259259259263 0.05786111111111111 0.04371851851851852
9 0.3291296296296296 0.6066222222222223 0.05840740740740741 0.03501481481481482
9 0.5936944444444445 0.687637037037037 0.04901851851851852 0.047748148148148144
9 0.7822685185185185 0.3433703703703704 0.05748148148148148 0.03857037037037037
8 0.8042870370370371 0.4177037037037037 0.1272962962962963 0.06314814814814815
8 0.7931296296296296 0.5785333333333333 0.07117592592592593 0.04947407407407408
8 0.7606666666666666 0.6563333333333333 0.07671296296296296 0.04145185185185185
12 0.48948148148148146 0.30608148148148145 0.08273148148148148 0.06645925925925926
12 0.6064999999999999 0.28457777777777776 0.06931481481481482 0.04568888888888889
12 0.32680555555555557 0.41157777777777776 0.08547222222222223 0.04388888888888889
15 0.4292222222222222 0.5854814814814815 0.03451851851851852 0.02245925925925926