14 0.5 0.5155277777777778 1 0.9689444444444445
9 0.774074074074074 0.2576203703703704 0.08236111111111111 0.05386111111111111
9 0.5648518518518518 0.15910185185185186 0.04685185185185185 0.05732407407407407
9 0.3421388888888889 0.1807962962962963 0.056546296296296296 0.04858333333333333
9 0.11150925925925927 0.28252777777777777 0.0784537037037037 0.047546296296296295
9 0.5057037037037037 0.3718148148148148 0.08493518518518518 0.06774074074074074
9 0.8381018518518518 0.46002777777777776 0.08010185185185185 0.05369444444444445
9 0.7120925925925925 0.6601851851851852 0.0787037037037037 0.07107407407407408
9 0.37819444444444444 0.6928148148148148 0.06649074074074074 0.08422222222222221
9 0.1438611111111111 0.5089537037037036 0.08301851851851852 0.06534259259259259
15 0.4002777777777778 0.6074351851851851 0.10723148148148148 0.06118518518518518
15 0.4893888888888889 0.6356944444444445 0.12204629629629629 0.03776851851851852
15 0.4236759259259259 0.6981111111111111 0.08721296296296296 0.08547222222222223
15 0.47903703703703704 0.7899166666666667 0.08612037037037037 0.06144444444444445
15 0.6577314814814815 0.5912592592592593 0.07662962962962963 0.08691666666666667
15 0.6918425925925926 0.5381111111111111 0.059250000000000004 0.047009259259259265
15 0.8329351851851853 0.5292962962962963 0.07413888888888888 0.05034259259259259
15 0.9078240740740741 0.4542777777777778 0.07368518518518519 0.05578703703703704
15 0.9778611111111111 0.4900648148148148 0.044287037037037034 0.09067592592592594
15 0.8984537037037037 0.2975833333333333 0.08288888888888889 0.06385185185185184
15 0.8368981481481482 0.18514814814814815 0.04713888888888888 0.05037037037037037
15 0.6519351851851852 0.11536111111111111 0.07551851851851853 0.04532407407407408
15 0.5896296296296296 0.26020370370370366 0.0714537037037037 0.04325925925925926
15 0.6233425925925926 0.2070648148148148 0.05327777777777778 0.03830555555555555
15 0.4757777777777778 0.26231481481481483 0.06562962962962962 0.07717592592592593
15 0.17854629629629631 0.2291111111111111 0.09136111111111112 0.03871296296296296
15 0.3337407407407407 0.11199074074074074 0.12571296296296297 0.06478703703703703
15 0.41076851851851853 0.21587037037037035 0.08761111111111111 0.06987962962962962
15 0.11306481481481481 0.3300092592592593 0.0984074074074074 0.04833333333333334
15 0.23139814814814816 0.4036388888888889 0.05555555555555555 0.06632407407407406
15 0.4305833333333333 0.5225277777777778 0.05910185185185185 0.07175
15 0.20181481481481484 0.6954537037037037 0.1099537037037037 0.08041666666666666
15 0.5189907407407407 0.19886111111111113 0.04044444444444444 0.04833333333333334
15 0.4964537037037037 0.13495370370370371 0.03611111111111111 0.027935185185185188
15 0.27389814814814817 0.30906481481481485 0.07618518518518519 0.04282407407407408
15 0.3266759259259259 0.3408703703703704 0.029898148148148146 0.05087037037037037
15 0.42700000000000005 0.36987962962962967 0.05647222222222222 0.04224074074074074
15 0.5754722222222222 0.36186111111111113 0.06082407407407407 0.07063888888888889
15 0.7341388888888889 0.4001388888888889 0.05222222222222222 0.028666666666666667
15 0.7501851851851852 0.5955462962962963 0.04728703703703704 0.045425925925925925
15 0.86625 0.5007777777777778 0.06460185185185185 0.03735185185185186
15 0.5785648148148148 0.6060462962962962 0.03737037037037037 0.036787037037037035
15 0.21802777777777776 0.5563425925925927 0.04962962962962963 0.05960185185185186
15 0.19024074074074074 0.4584814814814815 0.04591666666666667 0.037953703703703705
15 0.48163888888888884 0.7264444444444444 0.03611111111111111 0.033129629629629634