14 0.5260311284046693 0.5071878940731399 0.9479507133592737 0.9856116015132409
9 0.2140466926070039 0.2424716267339218 0.04106355382619974 0.04165195460277427
9 0.2837483787289235 0.37524590163934424 0.050843060959792484 0.059092055485498104
9 0.17948119325551232 0.44905422446406057 0.054954604409857326 0.05116015132408575
9 0.27459143968871597 0.5517023959646911 0.05073929961089494 0.05363177805800757
9 0.4048249027237354 0.5780201765447667 0.04994811932555123 0.05113493064312736
9 0.3020752269779507 0.6817906683480454 0.05102464332036317 0.04600252206809583
9 0.23817120622568091 0.7805296343001261 0.04070038910505836 0.03476670870113493
9 0.5654863813229573 0.33392181588902903 0.047224383916990915 0.0414249684741488
9 0.4994682230869001 0.2901891551071879 0.04482490272373541 0.04650693568726356
9 0.3672503242542153 0.20818411097099623 0.047730220492866404 0.04395964691046658
9 0.5813229571984435 0.13118537200504413 0.05054474708171206 0.0475031525851198
9 0.7206225680933852 0.30133669609079444 0.05370946822308689 0.05108448928121059
9 0.6970557717250324 0.44659520807061787 0.051128404669260705 0.05607818411097099
9 0.8551361867704279 0.3802522068095839 0.05540856031128404 0.04548549810844893
9 0.8409987029831387 0.42675914249684743 0.04132295719844358 0.04201765447667087
9 0.9856160830090791 0.3734552332912988 0.028767833981841764 0.05551071878940732
9 0.7546433203631647 0.5294073139974779 0.06302204928664074 0.06418663303909206
9 0.848508430609598 0.5607944514501891 0.09076523994811933 0.0659016393442623
9 0.5839429312581064 0.6621059268600251 0.061867704280155644 0.14446406052963431
9 0.5349156939040208 0.6961538461538461 0.054954604409857326 0.053076923076923084
9 0.8586381322957198 0.7940479192938209 0.05025940337224384 0.04210592686002522
9 0.6608300907911803 0.8922572509457755 0.05360570687418936 0.053442622950819675
9 0.4546303501945525 0.8300000000000001 0.036770428015564204 0.04901639344262295
7 0.5435278858625162 0.8425346784363178 0.09850843060959792 0.11349306431273644
7 0.7376523994811933 0.7815636822194199 0.08778210116731519 0.09393442622950819
7 0.6538780804150454 0.6131651954602775 0.0785603112840467 0.09403530895334174
7 0.9128664072632945 0.43894073139974776 0.10201037613488977 0.06440100882723833
7 0.6332036316472114 0.3694703656998739 0.05913099870298314 0.12631778058007567
7 0.36509727626459143 0.45572509457755356 0.11835278858625162 0.08813366960907945
7 0.26234760051880673 0.30040353089533417 0.09916990920881971 0.08862547288776797
7 0.46738002594033723 0.1508701134930643 0.07583657587548638 0.08686002522068095
7 0.7231647211413748 0.19656998738965953 0.10941634241245136 0.09754098360655737
7 0.22229571984435795 0.6822320302648172 0.05957198443579766 0.09021437578814628
15 0.2859273670557717 0.6088650693568726 0.18277561608300907 0.0576796973518285
15 0.39680933852140077 0.15486759142496848 0.06228274967574579 0.05745271122320303
15 0.4339688715953307 0.2626733921815889 0.08190661478599222 0.11945775535939471
15 0.8672503242542152 0.7045397225725095 0.13431906614785993 0.1367843631778058
15 0.6603631647211413 0.870655737704918 0.1337094682230869 0.15200504413619167
15 0.9276523994811933 0.34157629255989913 0.0890272373540856 0.12244640605296342
9 0.7298962386511024 0.6747540983606558 0.029468223086900128 0.029457755359394704
9 0.2201686121919585 0.5027238335435057 0.04896238651102464 0.055359394703657
9 0.3806225680933852 0.38504413619167716 0.05692607003891051 0.03907944514501891
8 0.7958236057068743 0.1367717528373266 0.06119325551232166 0.03906683480453972
8 0.8108560311284047 0.2053467843631778 0.05619974059662775 0.05451450189155107
8 0.8571725032425421 0.25667087011349304 0.043683527885862515 0.03790668348045397
8 0.9387548638132296 0.5569356872635561 0.084189364461738 0.05426229508196721
8 0.8229571984435797 0.5121059268600252 0.06538261997405966 0.049785624211853716
8 0.7716212710765239 0.4153341740226986 0.057859922178988325 0.0533921815889029
8 0.7457587548638133 0.3599495586380832 0.06118028534370947 0.05702395964691046
8 0.37518806744487676 0.3124716267339218 0.0711154345006485 0.04969735182849937
8 0.34431906614785995 0.1663934426229508 0.04439688715953307 0.03503152585119798
8 0.18345006485084306 0.579873896595208 0.09067444876783398 0.11230769230769232
8 0.46741893644617377 0.8832912988650694 0.07029831387808042 0.048978562421185375
8 0.7724643320363166 0.6787894073139974 0.03448767833981842 0.04239596469104665
8 0.5149935149156939 0.18118537200504414 0.055291828793774325 0.06703656998738966
9 0.797496757457847 0.270655737704918 0.05452658884565499 0.04881462799495587