14 0.5 0.5 1 1
2 0.6296875 0.78828125 0.096875 0.1453125
2 0.73671875 0.69296875 0.0890625 0.134375
2 0.95859375 0.48828125 0.0828125 0.1078125
2 0.91796875 0.234375 0.140625 0.1203125
2 0.67109375 0.15 0.0921875 0.14375
2 0.36640625 0.1140625 0.0859375 0.1140625
2 0.56796875 0.38125 0.1171875 0.0671875
2 0.5671875 0.465625 0.084375 0.0984375
2 0.3515625 0.5453125 0.19375 0.1015625
4 0.44921875 0.1609375 0.128125 0.1265625
4 0.578125 0.30625 0.146875 0.1203125
4 0.64375 0.0671875 0.1203125 0.1140625
4 0.84375 0.11875 0.10625 0.1421875
4 0.95859375 0.19921875 0.0828125 0.1046875
4 0.7515625 0.225 0.1140625 0.1265625
4 0.73125 0.44453125 0.159375 0.11875
4 0.85078125 0.390625 0.090625 0.1265625
4 0.96953125 0.3609375 0.0609375 0.125
4 0.371875 0.4015625 0.18125 0.0890625
4 0.434375 0.4859375 0.1546875 0.096875
4 0.29140625 0.60703125 0.0984375 0.1109375
4 0.6203125 0.59921875 0.109375 0.10625
4 0.58125 0.7375 0.084375 0.0765625
4 0.49921875 0.828125 0.125 0.1296875
4 0.75078125 0.821875 0.1234375 0.1046875
4 0.82421875 0.59765625 0.11875 0.103125
4 0.8921875 0.68828125 0.1015625 0.1046875
2 0.8046875 0.415625 0.0703125 0.075