14 0.5 0.48518518518518516 1 0.8340740740740741
12 0.24305555555555555 0.48814814814814816 0.28055555555555556 0.13111111111111112
12 0.5638888888888889 0.7255555555555555 0.07592592592592592 0.06888888888888889
12 0.662962962962963 0.5703703703703704 0.2814814814814815 0.13555555555555557
12 0.5504629629629629 0.43037037037037035 0.08703703703703704 0.08518518518518518
12 0.6453703703703704 0.3896296296296296 0.11481481481481481 0.10444444444444445
12 0.7546296296296297 0.42777777777777776 0.11481481481481481 0.08962962962962963
12 0.40879629629629627 0.43333333333333335 0.10277777777777777 0.08222222222222222
12 0.3300925925925926 0.31037037037037035 0.05740740740740741 0.04666666666666667
12 0.2300925925925926 0.6266666666666667 0.10740740740740741 0.11851851851851852
9 0.524074074074074 0.24962962962962962 0.075 0.06
9 0.44074074074074077 0.2911111111111111 0.09166666666666666 0.06296296296296296
9 0.7467592592592592 0.34703703703703703 0.046296296296296294 0.040740740740740744
9 0.7819444444444444 0.38037037037037036 0.05925925925925926 0.045925925925925926
9 0.37824074074074077 0.32555555555555554 0.06666666666666667 0.04148148148148148
9 0.44305555555555554 0.3844444444444444 0.06666666666666667 0.051111111111111114
9 0.30694444444444446 0.412962962962963 0.07314814814814814 0.05703703703703704
9 0.29398148148148145 0.5533333333333333 0.07037037037037037 0.04888888888888889
9 0.5078703703703704 0.7018518518518518 0.06666666666666667 0.05851851851851852
9 0.8324074074074074 0.43 0.07037037037037037 0.05185185185185185
8 0.8212962962962963 0.5059259259259259 0.14629629629629629 0.09481481481481481
8 0.7416666666666667 0.654074074074074 0.08796296296296297 0.06592592592592593
8 0.6782407407407407 0.7181481481481482 0.08981481481481482 0.06
12 0.5731481481481482 0.3148148148148148 0.10555555555555556 0.08518518518518518
12 0.6921296296296297 0.32666666666666666 0.08425925925925926 0.06222222222222222
12 0.375 0.36962962962962964 0.09907407407407408 0.06444444444444444
15 0.39675925925925926 0.5611111111111111 0.041666666666666664 0.03111111111111111