14 0.5 0.5 1 1
9 0.7226851851851852 0.20972222222222223 0.09074074074074075 0.06851851851851852
9 0.4986111111111111 0.1527777777777778 0.05648148148148148 0.06481481481481481
9 0.28425925925925927 0.21666666666666667 0.06481481481481481 0.058333333333333334
9 0.07731481481481481 0.36064814814814816 0.08611111111111111 0.062037037037037036
9 0.4810185185185185 0.3731481481481482 0.0962962962962963 0.0824074074074074
9 0.8240740740740741 0.3962962962962963 0.08888888888888889 0.06759259259259259
9 0.7388888888888889 0.6166666666666667 0.09074074074074075 0.08425925925925926
9 0.41712962962962963 0.7125 0.08055555555555556 0.09537037037037037
9 0.15231481481481482 0.5768518518518518 0.09351851851851851 0.08055555555555556
15 0.42268518518518516 0.624537037037037 0.11666666666666667 0.08055555555555556
15 0.5152777777777777 0.6351851851851852 0.12685185185185185 0.06018518518518518
15 0.46296296296296297 0.7092592592592593 0.10277777777777777 0.1
15 0.5347222222222222 0.788425925925926 0.0962962962962963 0.07685185185185185
15 0.6722222222222223 0.5592592592592592 0.09166666666666666 0.09907407407407408
15 0.6953703703703704 0.5009259259259259 0.06759259259259259 0.05740740740740741
15 0.8324074074074074 0.4652777777777778 0.0824074074074074 0.06388888888888888
15 0.8916666666666667 0.3773148148148148 0.0824074074074074 0.06944444444444445
15 0.9671296296296297 0.39861111111111114 0.06111111111111111 0.09722222222222222
15 0.8523148148148149 0.22546296296296298 0.09351851851851851 0.0787037037037037
15 0.7708333333333334 0.12685185185185185 0.05555555555555555 0.058333333333333334
15 0.575925925925926 0.09351851851851851 0.08333333333333333 0.05925925925925926
15 0.5421296296296296 0.24768518518518517 0.07777777777777778 0.05555555555555555
15 0.5652777777777778 0.18888888888888888 0.06018518518518518 0.04722222222222222
15 0.4310185185185185 0.2712962962962963 0.07962962962962963 0.08796296296296297
15 0.13287037037037036 0.2953703703703704 0.09722222222222222 0.05462962962962963
15 0.26296296296296295 0.15092592592592594 0.13518518518518519 0.08796296296296297
15 0.35833333333333334 0.23796296296296296 0.1 0.08611111111111111
15 0.08796296296296297 0.40694444444444444 0.10555555555555556 0.06666666666666667
15 0.21805555555555556 0.4564814814814815 0.06759259259259259 0.07592592592592592
15 0.4361111111111111 0.5351851851851852 0.0712962962962963 0.08148148148148149
15 0.24444444444444444 0.7486111111111111 0.12314814814814815 0.1
15 0.46111111111111114 0.20092592592592592 0.04814814814814815 0.05462962962962963
15 0.42685185185185187 0.14212962962962963 0.040740740740740744 0.03425925925925926
15 0.24166666666666667 0.35555555555555557 0.0824074074074074 0.05648148148148148
15 0.29953703703703705 0.3768518518518518 0.03888888888888889 0.05555555555555555
15 0.40370370370370373 0.3861111111111111 0.06296296296296296 0.05185185185185185
15 0.5476851851851852 0.35 0.07222222222222222 0.08055555555555556
15 0.7106481481481481 0.3574074074074074 0.05648148148148148 0.03796296296296296
15 0.7638888888888888 0.5458333333333333 0.05462962962962963 0.053703703703703705
15 0.8597222222222223 0.4310185185185185 0.07037037037037037 0.049074074074074076
15 0.5972222222222222 0.5888888888888889 0.04351851851851852 0.04259259259259259
15 0.2337962962962963 0.6092592592592593 0.05925925925925926 0.06759259259259259
15 0.18796296296296297 0.5185185185185185 0.05185185185185185 0.046296296296296294
15 0.525 0.725925925925926 0.041666666666666664 0.03888888888888889