14 0.5 0.5 1 1
0 0.6907407407407408 0.5458333333333333 0.31666666666666665 0.2972222222222222
0 0.1912037037037037 0.5060185185185185 0.3824074074074074 0.27685185185185185
0 0.375 0.17962962962962964 0.3101851851851852 0.16666666666666666
0 0.2569444444444444 0.04675925925925926 0.25277777777777777 0.09351851851851851
0 0.6703703703703704 0.3125 0.275 0.17037037037037037
0 0.7013888888888888 0.1537037037037037 0.2 0.25092592592592594
0 0.9125 0.4625 0.175 0.12129629629629629
0 0.29074074074074074 0.38287037037037036 0.3888888888888889 0.23333333333333334
0 0.4444444444444444 0.5898148148148148 0.22685185185185186 0.2222222222222222
0 0.5407407407407407 0.7842592592592592 0.18518518518518517 0.27870370370370373
0 0.13935185185185187 0.7657407407407407 0.27870370370370373 0.3277777777777778