14 0.5 0.5 1 1
15 0.284462962962963 0.13042592592592595 0.10662962962962963 0.08700925925925926
15 0.5456944444444445 0.13480555555555557 0.11309259259259259 0.0910648148148148
15 0.7216759259259259 0.19633333333333333 0.11089814814814815 0.06400925925925925
15 0.7706111111111111 0.14087962962962963 0.09620370370370371 0.04691666666666667
15 0.875212962962963 0.2666574074074074 0.11307407407407408 0.06628703703703705
15 0.962111111111111 0.33773148148148147 0.07577777777777778 0.06066666666666666
15 0.8897685185185186 0.4789259259259259 0.13514814814814816 0.11321296296296296
15 0.6038055555555556 0.3149166666666667 0.1355 0.10416666666666667
15 0.4816111111111111 0.3842314814814815 0.10688888888888888 0.07861111111111112
15 0.16472222222222221 0.6518148148148148 0.11576851851851852 0.12593518518518518
15 0.3055185185185185 0.8288888888888889 0.1370185185185185 0.14937962962962964
15 0.4417314814814815 0.6975092592592592 0.09280555555555556 0.10708333333333334
15 0.603 0.7676296296296296 0.12217592592592591 0.16524074074074074
15 0.6055555555555555 0.6068611111111111 0.08506481481481482 0.1134351851851852
15 0.3810648148148148 0.5170740740740741 0.13096296296296295 0.08395370370370371
15 0.1854537037037037 0.5352777777777779 0.15816666666666665 0.10605555555555556
15 0.2872222222222222 0.25725 0.1241111111111111 0.06682407407407408
2 0.9097592592592593 0.6966203703703704 0.1600185185185185 0.1274074074074074
15 0.4591018518518518 0.21614814814814814 0.10587037037037038 0.06069444444444444
15 0.6341296296296296 0.475462962962963 0.14110185185185184 0.06080555555555556
15 0.4983055555555555 0.5767222222222222 0.08426851851851852 0.0410925925925926
15 0.8860092592592592 0.3865555555555556 0.1263425925925926 0.06076851851851851
15 0.28162037037037035 0.4180462962962963 0.11755555555555555 0.08671296296296296
2 0.1976574074074074 0.4668240740740741 0.1422314814814815 0.12500925925925926
7 0.27852777777777776 0.476712962962963 0.14100925925925925 0.17935185185185185
7 0.6662314814814815 0.33316666666666667 0.18308333333333332 0.1799074074074074
7 0.5217685185185185 0.7742962962962963 0.06451851851851853 0.08810185185185186
7 0.7069907407407408 0.9002962962962964 0.38312037037037033 0.1401203703703704
7 0.945675925925926 0.5856759259259259 0.10863888888888888 0.0923425925925926
7 0.7075925925925927 0.5961666666666667 0.16211111111111112 0.08617592592592592
7 0.4211388888888889 0.40878703703703706 0.09289814814814815 0.07559259259259259
4 0.11153703703703703 0.348287037037037 0.19591666666666668 0.15460185185185185
4 0.43596296296296294 0.30444444444444446 0.1892037037037037 0.08172222222222222
4 0.4229907407407407 0.13897222222222222 0.11882407407407408 0.08412037037037036
4 0.6347407407407407 0.15441666666666667 0.06824999999999999 0.1890925925925926
4 0.8461944444444445 0.32296296296296295 0.1689351851851852 0.059500000000000004
4 0.7693333333333333 0.48133333333333334 0.10779629629629629 0.10587962962962963
4 0.7307407407407408 0.7295462962962963 0.19237962962962965 0.1776111111111111
4 0.8966018518518519 0.8838981481481482 0.20678703703703705 0.18508333333333332
4 0.1686388888888889 0.7971481481481482 0.15826851851851853 0.17825925925925926
4 0.32175925925925924 0.9246388888888889 0.3237592592592593 0.09619444444444444
4 0.4461481481481481 0.7993055555555556 0.13920370370370372 0.10478703703703704
4 0.3205092592592592 0.6656388888888889 0.15830555555555556 0.16708333333333333