14 0.51875 0.5 0.9625 1
2 0.7 0.7453125 0.0859375 0.140625
2 0.778125 0.625 0.0796875 0.1296875
2 0.94765625 0.3671875 0.0921875 0.1015625
2 0.83515625 0.13515625 0.1328125 0.1109375
2 0.57421875 0.11796875 0.08125 0.1390625
2 0.27109375 0.16171875 0.0765625 0.109375
2 0.53515625 0.36796875 0.115625 0.0578125
2 0.55625 0.44921875 0.078125 0.09375
2 0.36875 0.58203125 0.1890625 0.0859375
4 0.36328125 0.1859375 0.1203125 0.11875
4 0.52578125 0.29296875 0.1390625 0.109375
4 0.5265625 0.0484375 0.1125 0.096875
4 0.73203125 0.05546875 0.0953125 0.1109375
4 0.896875 0.08359375 0.1421875 0.09375
4 0.671875 0.16953125 0.1046875 0.1203125
4 0.709375 0.38671875 0.153125 0.1078125
4 0.8109375 0.303125 0.08125 0.121875
4 0.9375 0.2390625 0.0921875 0.11875
4 0.35078125 0.43828125 0.178125 0.075
4 0.43359375 0.503125 0.15 0.0859375
4 0.3265625 0.65703125 0.090625 0.1046875
4 0.64140625 0.56484375 0.103125 0.0984375
4 0.63984375 0.7078125 0.0796875 0.0703125
4 0.58359375 0.8171875 0.1171875 0.121875
4 0.82578125 0.74609375 0.1171875 0.096875
4 0.83828125 0.51015625 0.1125 0.0953125
4 0.92734375 0.58046875 0.0953125 0.0984375
2 0.77265625 0.33984375 0.065625 0.0703125