14 0.5 0.5 1 1
15 0.27824074074074073 0.13425925925925927 0.10833333333333334 0.08888888888888889
15 0.5393518518518519 0.13425925925925927 0.11481481481481481 0.09351851851851851
15 0.7162037037037037 0.1925925925925926 0.1111111111111111 0.06666666666666667
15 0.7643518518518518 0.1361111111111111 0.09722222222222222 0.04814814814814815
15 0.8712962962962963 0.2601851851851852 0.11388888888888889 0.06851851851851852
15 0.9592592592592593 0.32916666666666666 0.07685185185185185 0.062037037037037036
15 0.8893518518518518 0.4722222222222222 0.13703703703703704 0.11574074074074074
15 0.600462962962963 0.31296296296296294 0.13703703703703704 0.10648148148148148
15 0.47962962962962963 0.38472222222222224 0.10833333333333334 0.07962962962962963
15 0.1675925925925926 0.6578703703703703 0.1175925925925926 0.12777777777777777
15 0.3111111111111111 0.8324074074074074 0.1398148148148148 0.15185185185185185
15 0.44537037037037036 0.6986111111111111 0.09444444444444444 0.10925925925925926
15 0.6078703703703704 0.7657407407407407 0.125 0.16666666666666666
15 0.6074074074074074 0.6050925925925926 0.08703703703703704 0.11481481481481481
15 0.3814814814814815 0.5189814814814815 0.13240740740740742 0.08611111111111111
15 0.18611111111111112 0.5407407407407407 0.16018518518518518 0.10833333333333334
15 0.2828703703703704 0.2611111111111111 0.125 0.06851851851851852
2 0.912962962962963 0.6893518518518519 0.16203703703703703 0.12962962962962962
15 0.45416666666666666 0.21712962962962962 0.10648148148148148 0.062037037037037036
15 0.6337962962962963 0.47314814814814815 0.14166666666666666 0.06296296296296296
15 0.49953703703703706 0.5768518518518518 0.08518518518518518 0.04259259259259259
15 0.8837962962962963 0.37962962962962965 0.12685185185185185 0.06296296296296296
15 0.2800925925925926 0.4217592592592593 0.11944444444444445 0.08796296296296297
2 0.19722222222222222 0.4722222222222222 0.14351851851851852 0.12777777777777777
7 0.27824074074074073 0.48055555555555557 0.14351851851851852 0.1824074074074074
7 0.663425925925926 0.3300925925925926 0.18611111111111112 0.1824074074074074
7 0.5263888888888889 0.774074074074074 0.06574074074074074 0.08888888888888889
7 0.7138888888888889 0.8967592592592593 0.3851851851851852 0.14629629629629629
7 0.9458333333333333 0.5773148148148148 0.10833333333333334 0.09351851851851851
7 0.7092592592592593 0.5925925925925926 0.1638888888888889 0.08888888888888889
7 0.41944444444444445 0.4101851851851852 0.09351851851851851 0.07685185185185185
4 0.1087962962962963 0.35509259259259257 0.19814814814814816 0.15833333333333333
4 0.4324074074074074 0.3055555555555556 0.19074074074074074 0.08518518518518518
4 0.4166666666666667 0.14027777777777778 0.12037037037037036 0.08611111111111111
4 0.6287037037037037 0.15231481481481482 0.0712962962962963 0.18981481481481483
4 0.8430555555555556 0.31712962962962965 0.16944444444444445 0.062037037037037036
4 0.7689814814814815 0.47685185185185186 0.10925925925925926 0.10740740740740741
4 0.7347222222222223 0.725462962962963 0.19537037037037036 0.1814814814814815
4 0.899074074074074 0.8768518518518519 0.20185185185185187 0.18888888888888888
4 0.17407407407407408 0.8027777777777778 0.16111111111111112 0.18055555555555555
4 0.32916666666666666 0.9277777777777778 0.325 0.10185185185185185
4 0.4513888888888889 0.8 0.14074074074074075 0.10740740740740741
4 0.3236111111111111 0.6685185185185185 0.16111111111111112 0.16944444444444445