14 0.5 0.5 1 1
15 0.2652777777777778 0.14212962962962963 0.1111111111111111 0.09259259259259259
15 0.5263888888888889 0.13287037037037036 0.1175925925925926 0.09722222222222222
15 0.7055555555555556 0.18518518518518517 0.11388888888888889 0.07037037037037037
15 0.7513888888888889 0.12731481481481483 0.09814814814814815 0.05185185185185185
15 0.8625 0.24722222222222223 0.11666666666666667 0.07222222222222222
15 0.9527777777777777 0.31296296296296294 0.0787037037037037 0.06481481481481481
15 0.887962962962963 0.4583333333333333 0.14074074074074075 0.12037037037037036
15 0.5939814814814814 0.30972222222222223 0.14074074074074075 0.1111111111111111
15 0.475462962962963 0.3851851851851852 0.1111111111111111 0.08333333333333333
15 0.17314814814814813 0.6689814814814815 0.12222222222222222 0.13148148148148148
15 0.32314814814814813 0.8384259259259259 0.14444444444444443 0.15648148148148147
15 0.45231481481481484 0.700462962962963 0.09814814814814815 0.11203703703703703
15 0.6166666666666667 0.7620370370370371 0.13055555555555556 0.1712962962962963
15 0.6111111111111112 0.6013888888888889 0.09074074074074075 0.11851851851851852
15 0.3819444444444444 0.5231481481481481 0.13518518518518519 0.09074074074074075
15 0.1875 0.5518518518518518 0.1638888888888889 0.11388888888888889
15 0.275 0.26851851851851855 0.12777777777777777 0.07314814814814814
2 0.9180555555555555 0.675 0.1638888888888889 0.13518518518518519
15 0.4444444444444444 0.21851851851851853 0.10833333333333334 0.06574074074074074
15 0.6328703703703704 0.4685185185185185 0.14351851851851852 0.06759259259259259
15 0.5023148148148148 0.5768518518518518 0.08611111111111111 0.04537037037037037
15 0.8796296296296297 0.36666666666666664 0.1287037037037037 0.06666666666666667
15 0.2777777777777778 0.42962962962962964 0.12222222222222222 0.09259259259259259
2 0.1962962962962963 0.4828703703703704 0.14814814814814814 0.13240740740740742
7 0.2777777777777778 0.48842592592592593 0.15 0.18703703703703703
7 0.6574074074074074 0.324537037037037 0.19166666666666668 0.18888888888888888
7 0.5361111111111111 0.7726851851851851 0.06851851851851852 0.09166666666666666
7 0.7277777777777777 0.8888888888888888 0.38981481481481484 0.16018518518518518
7 0.9462962962962963 0.5615740740740741 0.10740740740740741 0.09722222222222222
7 0.7125 0.5851851851851851 0.16666666666666666 0.09444444444444444
7 0.4166666666666667 0.412962962962963 0.0962962962962963 0.07962962962962963
4 0.10416666666666667 0.36898148148148147 0.2037037037037037 0.1648148148148148
4 0.42592592592592593 0.30787037037037035 0.1925925925925926 0.09166666666666666
4 0.4041666666666667 0.14351851851851852 0.12314814814814815 0.09074074074074075
4 0.6166666666666667 0.1476851851851852 0.07777777777777778 0.1925925925925926
4 0.836574074074074 0.3050925925925926 0.1712962962962963 0.06851851851851852
4 0.7680555555555556 0.4671296296296296 0.11296296296296296 0.1111111111111111
4 0.7425925925925926 0.7171296296296297 0.20185185185185187 0.18796296296296297
4 0.9041666666666667 0.8625 0.19166666666666668 0.19537037037037036
4 0.18472222222222223 0.8138888888888889 0.1675925925925926 0.18611111111111112
4 0.34444444444444444 0.9333333333333333 0.3277777777777778 0.11296296296296296
4 0.462037037037037 0.8018518518518518 0.14444444444444443 0.11203703703703703
4 0.3296296296296296 0.675 0.16666666666666666 0.175