14 0.5 0.5 1 1
12 0.8555555555555555 0.6786102062975027 0.09074074074074075 0.08143322475570032
12 0.9347222222222222 0.28175895765472314 0.0787037037037037 0.09554831704668838
12 0.7842592592592592 0.0722041259500543 0.058333333333333334 0.08143322475570032
12 0.8037037037037037 0.14169381107491857 0.05648148148148148 0.05428881650380022
12 0.6046296296296296 0.47122692725298587 0.08148148148148149 0.16503800217155265
12 0.28194444444444444 0.35884907709011943 0.13518518518518519 0.0727470141150923
12 0.3958333333333333 0.2888165038002172 0.1 0.06188925081433225
12 0.1050925925925926 0.3583061889250814 0.07962962962962963 0.09446254071661238
12 0.24212962962962964 0.4375678610206297 0.125 0.06623235613463627
10 0.7236111111111111 0.6976112920738328 0.06574074074074074 0.06514657980456026
10 0.6912037037037037 0.5613463626492943 0.12129629629629629 0.10097719869706841
10 0.6287037037037037 0.6047774158523345 0.09259259259259259 0.07926167209554831
10 0.8666666666666667 0.2779587404994571 0.03888888888888889 0.06406080347448426
10 0.8412037037037037 0.3333333333333333 0.12222222222222222 0.08686210640608034
10 0.022222222222222223 0.3251900108577633 0.044444444444444446 0.07709011943539631
8 0.7689814814814815 0.6362649294245385 0.1398148148148148 0.13137893593919653
8 0.8763888888888889 0.14386536373507058 0.1259259259259259 0.10206297502714441
8 0.1439814814814815 0.2709011943539631 0.13240740740740742 0.11834961997828447