14 0.5 0.5 1 1
2 0.30666666666666664 0.39416666666666667 0.23 0.2833333333333333
2 0.35083333333333333 0.72 0.25666666666666665 0.16
2 0.5375 0.5766666666666667 0.265 0.25166666666666665
2 0.845 0.4891666666666667 0.24 0.19833333333333333
2 0.6625 0.25333333333333335 0.14833333333333334 0.13166666666666665
2 0.2783333333333333 0.11833333333333333 0.305 0.17666666666666667
4 0.37916666666666665 0.215 0.13666666666666666 0.12166666666666667
4 0.11083333333333334 0.16583333333333333 0.09166666666666666 0.09333333333333334
4 0.09833333333333333 0.37166666666666665 0.19166666666666668 0.18833333333333332
4 0.05583333333333333 0.5266666666666666 0.11166666666666666 0.14
4 0.27666666666666667 0.5691666666666667 0.15833333333333333 0.10666666666666667
4 0.8325 0.3283333333333333 0.14 0.10333333333333333
4 0.9608333333333333 0.37833333333333335 0.07833333333333334 0.10333333333333333
4 0.9491666666666667 0.4725 0.10166666666666667 0.08833333333333333
4 0.8175 0.615 0.13166666666666665 0.13333333333333333