14 0.5 0.5 1 1
2 0.2856166666666667 0.4476666666666667 0.17075 0.24656666666666666
2 0.41253333333333336 0.75095 0.23711666666666667 0.1008
2 0.5559000000000001 0.56445 0.21988333333333335 0.20126666666666668
2 0.83065 0.39991666666666664 0.20706666666666665 0.14853333333333335
2 0.5930833333333334 0.21941666666666668 0.12708333333333333 0.10101666666666667
2 0.18695 0.18878333333333333 0.2875 0.10656666666666666
4 0.3098666666666666 0.2557166666666667 0.11536666666666666 0.09571666666666667
4 0.038066666666666665 0.2791 0.07611666666666667 0.0766
4 0.07858333333333332 0.48 0.15718333333333334 0.15414999999999998
4 0.06086666666666667 0.64615 0.12171666666666667 0.11133333333333333
4 0.30191666666666667 0.6249166666666667 0.14508333333333334 0.07165
4 0.7771 0.24843333333333334 0.12528333333333333 0.07353333333333333
4 0.931 0.25815 0.0962 0.08183333333333334
4 0.92755 0.35714999999999997 0.08928333333333334 0.06806666666666668
4 0.8366833333333333 0.5290833333333333 0.10515000000000001 0.1099