14 0.5 0.5 1 1
0 0.6810185185185185 0.425 0.3212962962962963 0.3037037037037037
0 0.24074074074074073 0.6967592592592593 0.4166666666666667 0.287962962962963
0 0.21064814814814814 0.3143518518518518 0.30925925925925923 0.175
0 0.06620370370370371 0.2310185185185185 0.13240740740740742 0.21203703703703702
0 0.5273148148148148 0.24861111111111112 0.275 0.17777777777777778
0 0.45925925925925926 0.11388888888888889 0.20555555555555555 0.22777777777777777
0 0.825925925925926 0.21666666666666667 0.20925925925925926 0.12685185185185185
0 0.262037037037037 0.5282407407407408 0.38981481481481484 0.24351851851851852
0 0.5078703703703704 0.6055555555555555 0.23055555555555557 0.22685185185185186
0 0.7 0.7060185185185185 0.19166666666666668 0.2796296296296296
0 0.36203703703703705 0.8814814814814815 0.29074074074074074 0.23703703703703705