14 0.5 0.5 1 1
9 0.8185185185185185 0.3199074074074074 0.09074074074074075 0.06944444444444445
9 0.6342592592592593 0.18009259259259258 0.05740740740740741 0.06574074074074074
9 0.41203703703703703 0.1550925925925926 0.06574074074074074 0.05925925925925926
9 0.16527777777777777 0.2064814814814815 0.08703703703703704 0.06296296296296296
9 0.5324074074074074 0.37592592592592594 0.09722222222222222 0.08425925925925926
9 0.8388888888888889 0.5310185185185186 0.08888888888888889 0.06944444444444445
9 0.674074074074074 0.700925925925926 0.09166666666666666 0.08518518518518518
9 0.34074074074074073 0.663425925925926 0.0824074074074074 0.0962962962962963
9 0.15 0.43472222222222223 0.09444444444444444 0.08148148148148149
15 0.3800925925925926 0.5842592592592593 0.1175925925925926 0.0824074074074074
15 0.4615740740740741 0.6305555555555555 0.12685185185185185 0.062037037037037036
15 0.38425925925925924 0.6777777777777778 0.1037037037037037 0.10185185185185185
15 0.41944444444444445 0.7791666666666667 0.09722222222222222 0.07777777777777778
15 0.6351851851851852 0.6222222222222222 0.09351851851851851 0.1
15 0.6796296296296296 0.5773148148148148 0.06759259259259259 0.058333333333333334
15 0.8194444444444444 0.5976851851851852 0.08333333333333333 0.06481481481481481
15 0.9083333333333333 0.5402777777777777 0.08333333333333333 0.07037037037037037
15 0.9689814814814814 0.5888888888888889 0.062037037037037036 0.09814814814814815
15 0.9319444444444445 0.38472222222222224 0.09444444444444444 0.07962962962962963
15 0.8949074074074074 0.262037037037037 0.05648148148148148 0.05925925925925926
15 0.7287037037037037 0.15555555555555556 0.08333333333333333 0.06018518518518518
15 0.6375 0.28425925925925927 0.0787037037037037 0.05648148148148148
15 0.6814814814814815 0.2388888888888889 0.06018518518518518 0.04814814814814815
15 0.5259259259259259 0.2625 0.08055555555555556 0.08888888888888889
15 0.24166666666666667 0.16805555555555557 0.09722222222222222 0.05648148148148148
15 0.41805555555555557 0.08611111111111111 0.1361111111111111 0.08981481481481482
15 0.47175925925925927 0.2037037037037037 0.10092592592592593 0.08703703703703704
15 0.15694444444444444 0.25324074074074077 0.10648148148148148 0.06851851851851852
15 0.2574074074074074 0.35 0.06851851851851852 0.07685185185185185
15 0.4273148148148148 0.5074074074074074 0.07314814814814814 0.0824074074074074
15 0.1675925925925926 0.6291666666666667 0.12407407407407407 0.10185185185185185
15 0.5810185185185185 0.20925925925925926 0.049074074074074076 0.05555555555555555
15 0.5722222222222222 0.14212962962962963 0.040740740740740744 0.03425925925925926
15 0.31851851851851853 0.2662037037037037 0.08333333333333333 0.05740740740740741
15 0.36342592592592593 0.30833333333333335 0.03981481481481482 0.05555555555555555
15 0.45555555555555555 0.3574074074074074 0.06388888888888888 0.05277777777777778
15 0.6023148148148149 0.38055555555555554 0.07407407407407407 0.08148148148148149
15 0.75 0.45092592592592595 0.05648148148148148 0.03888888888888889
15 0.725 0.6453703703703704 0.05555555555555555 0.05462962962962963
15 0.8578703703703704 0.5768518518518518 0.07037037037037037 0.05
15 0.5546296296296296 0.6199074074074075 0.04351851851851852 0.04351851851851852
15 0.2125 0.4962962962962963 0.06018518518518518 0.06851851851851852
15 0.20555555555555555 0.39490740740740743 0.05277777777777778 0.046296296296296294
15 0.4351851851851852 0.7175925925925926 0.041666666666666664 0.03981481481481482