14 0.5 0.5 1 1
9 0.28664072632944226 0.1828499369482976 0.05058365758754864 0.05044136191677175
9 0.321011673151751 0.32786885245901637 0.06355382619974059 0.06935687263556116
9 0.20168612191958496 0.3751576292559899 0.06614785992217899 0.0617906683480454
9 0.26848249027237353 0.4968474148802018 0.0622568093385214 0.06431273644388398
9 0.38845654993514916 0.5535939470365699 0.0609597924773022 0.0617906683480454
9 0.26264591439688717 0.6298865069356873 0.0622568093385214 0.05674653215636822
9 0.17639429312581065 0.7105926860025221 0.04798962386511025 0.044136191677175286
9 0.6050583657587548 0.35435056746532156 0.055771725032425425 0.05170239596469105
9 0.5518806744487679 0.296343001261034 0.054474708171206226 0.05548549810844893
9 0.44357976653696496 0.1853720050441362 0.057068741893644616 0.05422446406052964
9 0.6705577172503242 0.1614123581336696 0.0609597924773022 0.058007566204287514
9 0.7632944228274967 0.3593947036569987 0.0648508430609598 0.0617906683480454
9 0.7042801556420234 0.4943253467843632 0.06355382619974059 0.06557377049180328
9 0.874189364461738 0.4672131147540984 0.0648508430609598 0.05674653215636822
9 0.8488975356679637 0.5088272383354351 0.05058365758754864 0.05044136191677175
9 0.9909208819714657 0.4905422446406053 0.018158236057068743 0.0605296343001261
9 0.7399481193255513 0.5882723833543506 0.07652399481193256 0.07692307692307693
9 0.8229571984435797 0.6412358133669609 0.10505836575875487 0.08448928121059268
9 0.5408560311284046 0.6771752837326608 0.0959792477302205 0.15384615384615385
9 0.48508430609597925 0.6986128625472888 0.06744487678339818 0.06431273644388398
9 0.7749675745784695 0.8694829760403531 0.058365758754863814 0.05170239596469105
9 0.5583657587548638 0.9186633039092056 0.0648508430609598 0.06557377049180328
9 0.374189364461738 0.8095838587641866 0.04798962386511025 0.05674653215636822
7 0.4571984435797665 0.8423707440100883 0.1245136186770428 0.13366960907944514
7 0.6608300907911803 0.8291298865069356 0.10894941634241245 0.11097099621689786
7 0.6212710765239948 0.6462799495586381 0.09857328145265888 0.10970996216897856
7 0.9156939040207522 0.5378310214375788 0.11543450064850844 0.08701134930643127
7 0.6614785992217899 0.4047919293820933 0.08949416342412451 0.13619167717528374
7 0.38002594033722437 0.4255989911727617 0.13618677042801555 0.11349306431273644
7 0.31906614785992216 0.25031525851197983 0.11802853437094682 0.10844892812105927
7 0.5551232166018158 0.15384615384615385 0.0959792477302205 0.1021437578814628
7 0.791828793774319 0.2578814627994956 0.1309987029831388 0.1210592686002522
7 0.185473411154345 0.6116015132408575 0.08041504539559015 0.1021437578814628
15 0.26523994811932555 0.5554854981084489 0.191958495460441 0.09962168978562422
15 0.48573281452658884 0.14060529634300126 0.07522697795071336 0.07061790668348046
15 0.49481193255512324 0.2540983606557377 0.10894941634241245 0.13493064312736444
15 0.8054474708171206 0.7849936948297604 0.16342412451361868 0.16519546027742749
15 0.5635538261997406 0.8972257250945775 0.16731517509727625 0.17906683480453972
15 0.9481193255512321 0.44703656998738966 0.10376134889753567 0.13997477931904162
9 0.6796368352788587 0.7238335435056746 0.03631647211413749 0.03656998738965952
9 0.22762645914396887 0.4369482976040353 0.0609597924773022 0.06557377049180328
9 0.41245136186770426 0.36065573770491804 0.06355382619974059 0.05170239596469105
8 0.877431906614786 0.21689785624211855 0.06874189364461739 0.05170239596469105
8 0.8748378728923476 0.287515762925599 0.06744487678339818 0.06557377049180328
8 0.9072632944228275 0.3480453972257251 0.05188067444876784 0.04665825977301387
8 0.9118028534370947 0.6582597730138714 0.0946822308690013 0.07187894073139975
8 0.8106355382619974 0.587641866330391 0.07652399481193256 0.06431273644388398
8 0.7846952010376135 0.4817150063051702 0.06874189364461739 0.06557377049180328
8 0.7730220492866408 0.4218158890290038 0.07392996108949416 0.06935687263556116
8 0.4254215304798962 0.28877679697351827 0.08171206225680934 0.06431273644388398
8 0.43190661478599224 0.13997477931904162 0.05317769130998703 0.04539722572509458
8 0.17315175097276264 0.5031525851197982 0.11543450064850844 0.12988650693568726
8 0.3728923476005188 0.8644388398486759 0.08041504539559015 0.06431273644388398
8 0.7198443579766537 0.7377049180327869 0.04409857328145266 0.04918032786885246
8 0.5940337224383917 0.19419924337957126 0.07003891050583658 0.07818411097099622
9 0.8456549935149157 0.3474148802017655 0.0648508430609598 0.0605296343001261