14 0.5 0.5 1 1
10 0.38842592592592595 0.6852237252861603 0.18611111111111112 0.20187304890738814
10 0.44212962962962965 0.29968782518210196 0.11574074074074074 0.1675338189386056
10 0.4810185185185185 0.1914672216441207 0.07222222222222222 0.08740894901144641
10 0.7513888888888889 0.3709677419354839 0.14629629629629629 0.1716961498439126
10 0.7597222222222222 0.5150884495317378 0.15555555555555556 0.15192507804370448
10 0.6620370370370371 0.5780437044745057 0.12407407407407407 0.16857440166493237
10 0.5481481481481482 0.42247658688865763 0.13333333333333333 0.11238293444328824
10 0.2564814814814815 0.4032258064516129 0.10833333333333334 0.1716961498439126
10 0.3388888888888889 0.24505723204994798 0.10092592592592593 0.08844953173777315
10 0.6393518518518518 0.21748178980228927 0.06481481481481481 0.08220603537981269
10 0.5796296296296296 0.7445369406867846 0.11388888888888889 0.1425598335067638