14 0.5 0.4890738813735692 1 0.9781477627471384
10 0.3541666666666667 0.6519250780437045 0.16203703703703703 0.17065556711758584
10 0.4837962962962963 0.2903225806451613 0.08981481481481482 0.1550468262226847
10 0.5430555555555555 0.19458896982310095 0.06111111111111111 0.07700312174817898
10 0.7708333333333334 0.4380853277835588 0.12407407407407407 0.14880332986472425
10 0.75 0.5801248699271592 0.1398148148148148 0.12382934443288242
10 0.6421296296296296 0.6165452653485952 0.1 0.1529656607700312
10 0.5625 0.43652445369406867 0.12407407407407407 0.08636836628511967
10 0.28194444444444444 0.34391259105098854 0.08055555555555556 0.16129032258064516
10 0.3939814814814815 0.21123829344432882 0.09351851851851851 0.06867845993756504
10 0.6925925925925925 0.2601456815816857 0.05277777777777778 0.07284079084287201
10 0.5287037037037037 0.7585848074921956 0.09444444444444444 0.12695109261186263