14 0.540015625 0.49765625 0.9199531249999999 0.9953125
2 0.67790625 0.7615000000000001 0.074796875 0.134046875
2 0.766296875 0.648875 0.068640625 0.12459374999999999
2 0.9580624999999999 0.407671875 0.083875 0.094921875
2 0.865484375 0.1655625 0.12625 0.10093749999999999
2 0.607625 0.12567187500000002 0.07029687500000001 0.133765625
2 0.301578125 0.14315625 0.068078125 0.10306249999999999
2 0.5463125 0.3714375 0.11187499999999999 0.047625
2 0.560125 0.45415625000000004 0.07145312499999999 0.087015625
2 0.36193749999999997 0.5701875000000001 0.184125 0.0704375
4 0.391046875 0.17484375000000002 0.11096874999999999 0.110125
4 0.54359375 0.29578125 0.132234375 0.09865625
4 0.566578125 0.04875 0.10546875 0.0975
4 0.7720625 0.065171875 0.08484375 0.130328125
4 0.932265625 0.120171875 0.135484375 0.082890625
4 0.6997656250000001 0.185390625 0.09506250000000001 0.11246875
4 0.7181093749999999 0.405390625 0.145828125 0.094953125
4 0.826546875 0.331140625 0.07184375 0.11542187500000001
4 0.9586406249999999 0.27925 0.082703125 0.11251562500000001
4 0.356609375 0.42521875 0.173453125 0.059640625
4 0.43328125 0.49762500000000004 0.143828125 0.072359375
4 0.313515625 0.641625 0.08259375 0.098359375
4 0.635515625 0.576984375 0.095578125 0.091078125
4 0.621484375 0.719515625 0.0745625 0.064171875
4 0.5559062499999999 0.82340625 0.10760937500000001 0.112421875
4 0.80278125 0.773171875 0.10873437500000001 0.087015625
4 0.8358281249999999 0.53965625 0.104484375 0.086796875
4 0.91890625 0.6175937499999999 0.08765625 0.090421875
2 0.785765625 0.364125 0.05996875 0.0650625