14 0.5 0.5 1 1
0 0.6957129629629629 0.48790740740740746 0.2602962962962963 0.23220370370370372
0 0.19108333333333333 0.6016759259259259 0.3821759259259259 0.1730925925925926
0 0.28675 0.23008333333333333 0.2992592592592592 0.08303703703703705
0 0.11903703703703704 0.08422222222222221 0.2188240740740741 0.1489722222222222
0 0.6079259259259259 0.27104629629629634 0.2566759259259259 0.10037962962962962
0 0.5913148148148148 0.1097962962962963 0.14226851851851852 0.2195925925925926
0 0.90025 0.3383703703703704 0.1995 0.06505555555555556
0 0.26582407407407405 0.4491666666666667 0.36649074074074073 0.13189814814814813
0 0.4731666666666666 0.6022222222222222 0.18249074074074073 0.17672222222222222
0 0.6221666666666668 0.7598518518518519 0.11517592592592593 0.25604629629629627
0 0.23024074074074075 0.8609444444444445 0.21160185185185185 0.27812037037037035