14 0.5 0.5 1 1
7 0.3685185185185185 0.32222222222222224 0.12129629629629629 0.09722222222222222
7 0.38564814814814813 0.462037037037037 0.12314814814814815 0.11388888888888889
7 0.10972222222222222 0.5287037037037037 0.14814814814814814 0.12962962962962962
7 0.1675925925925926 0.6680555555555555 0.13333333333333333 0.14166666666666666
7 0.27546296296296297 0.8166666666666667 0.11388888888888889 0.16296296296296298
7 0.3226851851851852 0.5791666666666667 0.12314814814814815 0.14074074074074075
7 0.09583333333333334 0.3726851851851852 0.12685185185185185 0.1361111111111111
7 0.18935185185185185 0.24583333333333332 0.11944444444444445 0.1259259259259259
7 0.3162037037037037 0.20787037037037037 0.11203703703703703 0.09907407407407408
7 0.4930555555555556 0.07453703703703704 0.0824074074074074 0.075
7 0.5949074074074074 0.16666666666666666 0.09166666666666666 0.10740740740740741
7 0.638425925925926 0.3458333333333333 0.10092592592592593 0.10277777777777777
7 0.6773148148148148 0.44027777777777777 0.09444444444444444 0.10555555555555556
7 0.8555555555555555 0.5064814814814815 0.15092592592592594 0.12314814814814815
7 0.8074074074074075 0.3962962962962963 0.07962962962962963 0.07222222222222222
7 0.5203703703703704 0.2722222222222222 0.1 0.11574074074074074
7 0.3537037037037037 0.07453703703703704 0.08518518518518518 0.08055555555555556
7 0.18287037037037038 0.1439814814814815 0.09166666666666666 0.05648148148148148
7 0.4703703703703704 0.7 0.1398148148148148 0.15925925925925927
7 0.6129629629629629 0.8282407407407407 0.14444444444444443 0.13796296296296295
7 0.5648148148148148 0.5708333333333333 0.13518518518518519 0.12962962962962962
7 0.5268518518518519 0.4398148148148148 0.11666666666666667 0.1
7 0.6810185185185185 0.21898148148148147 0.08981481481481482 0.07314814814814814
7 0.6648148148148149 0.08611111111111111 0.11388888888888889 0.07314814814814814
7 0.8833333333333333 0.22962962962962963 0.125 0.08703703703703704
7 0.8199074074074074 0.6416666666666667 0.13425925925925927 0.10277777777777777
7 0.7055555555555556 0.5962962962962963 0.08796296296296297 0.11944444444444445
15 0.3574074074074074 0.712037037037037 0.1 0.11388888888888889
15 0.4564814814814815 0.8513888888888889 0.12407407407407407 0.0962962962962963
15 0.26481481481481484 0.42916666666666664 0.12685185185185185 0.14907407407407408
15 0.2791666666666667 0.18611111111111112 0.06851851851851852 0.06111111111111111
8 0.625 0.5337962962962963 0.08055555555555556 0.08425925925925926
8 0.6458333333333334 0.7574074074074074 0.09907407407407408 0.11944444444444445
8 0.7953703703703704 0.7981481481481482 0.11851851851851852 0.12407407407407407
8 0.8439814814814814 0.6824074074074075 0.07962962962962963 0.07314814814814814
8 0.6986111111111111 0.5120370370370371 0.09537037037037037 0.0962962962962963
8 0.6310185185185185 0.3574074074074074 0.07407407407407407 0.09166666666666666
8 0.5731481481481482 0.08055555555555556 0.06574074074074074 0.05555555555555555
8 0.711574074074074 0.19212962962962962 0.04814814814814815 0.03888888888888889
8 0.9337962962962963 0.3458333333333333 0.09259259259259259 0.14537037037037037
15 0.48842592592592593 0.18981481481481483 0.06574074074074074 0.05462962962962963
15 0.3763888888888889 0.1162037037037037 0.04722222222222222 0.06296296296296296
15 0.4310185185185185 0.10046296296296296 0.044444444444444446 0.04259259259259259
15 0.3726851851851852 0.2 0.05092592592592592 0.06018518518518518
8 0.6708333333333333 0.29398148148148145 0.03796296296296296 0.053703703703703705
8 0.7148148148148148 0.2916666666666667 0.058333333333333334 0.037037037037037035
8 0.6152777777777778 0.6518518518518519 0.049074074074074076 0.05740740740740741
8 0.7652777777777777 0.49074074074074076 0.04351851851851852 0.03796296296296296
8 0.7583333333333333 0.41435185185185186 0.07037037037037037 0.06111111111111111
8 0.8625 0.42777777777777776 0.041666666666666664 0.037037037037037035
8 0.899537037037037 0.4375 0.024074074074074074 0.02962962962962963
8 0.7958333333333333 0.20925925925925926 0.04722222222222222 0.06018518518518518
8 0.7416666666666667 0.12268518518518519 0.05925925925925926 0.05740740740740741
8 0.6305555555555555 0.05462962962962963 0.06388888888888888 0.04351851851851852