14 0.5003055555555556 0.5481018518518519 0.9993796296296296 0.8986759259259259
7 0.8375462962962963 0.2507222222222222 0.08497222222222221 0.0854074074074074
8 0.13221296296296295 0.3828518518518519 0.09282407407407407 0.08299074074074074
8 0.13160185185185186 0.5146666666666667 0.10640740740740741 0.06144444444444445
8 0.2902592592592593 0.46621296296296294 0.15706481481481482 0.1385925925925926
8 0.34922222222222227 0.31030555555555556 0.12312962962962962 0.10457407407407407
8 0.49274999999999997 0.24857407407407406 0.13242592592592595 0.13664814814814816
8 0.6344351851851853 0.25628703703703704 0.06392592592592593 0.10392592592592592
8 0.7721111111111111 0.34025000000000005 0.17632407407407408 0.09408333333333334
8 0.7995833333333333 0.5020185185185184 0.10903703703703704 0.0990925925925926
8 0.7063611111111111 0.6221111111111111 0.1225925925925926 0.12816666666666665
8 0.3859537037037037 0.6431018518518518 0.1262222222222222 0.10348148148148148
8 0.43472222222222223 0.7712129629629629 0.16450925925925924 0.1041574074074074
7 0.7242592592592593 0.23930555555555555 0.1139537037037037 0.08849074074074073