14 0.5 0.5 1 1
7 0.30416666666666664 0.3976851851851852 0.13148148148148148 0.11296296296296296
7 0.38055555555555554 0.5157407407407407 0.13518518518518519 0.1287037037037037
7 0.16203703703703703 0.6967592592592593 0.16203703703703703 0.14814814814814814
7 0.275 0.7967592592592593 0.15 0.15648148148148147
7 0.43703703703703706 0.8833333333333333 0.1361111111111111 0.17314814814814813
7 0.375 0.6486111111111111 0.14074074074074075 0.1537037037037037
7 0.08101851851851852 0.5625 0.14351851851851852 0.15
7 0.10925925925925926 0.4078703703703704 0.13425925925925927 0.1388888888888889
7 0.20694444444444443 0.31805555555555554 0.12314814814814815 0.11296296296296296
7 0.3074074074074074 0.12037037037037036 0.09074074074074075 0.08425925925925926
7 0.4393518518518518 0.1587962962962963 0.10462962962962963 0.11666666666666667
7 0.5569444444444445 0.300462962962963 0.11296296296296296 0.11481481481481481
7 0.6333333333333333 0.3685185185185185 0.10740740740740741 0.11574074074074074
7 0.8222222222222222 0.35 0.1638888888888889 0.1425925925925926
7 0.7310185185185185 0.27175925925925926 0.08703703703703704 0.0824074074074074
7 0.4185185185185185 0.2865740740740741 0.11481481481481481 0.1259259259259259
7 0.18194444444444444 0.1814814814814815 0.09444444444444444 0.09074074074074075
7 0.05925925925925926 0.3189814814814815 0.0962962962962963 0.06944444444444445
7 0.5606481481481481 0.6925925925925925 0.16018518518518518 0.17407407407407408
7 0.7453703703703703 0.7458333333333333 0.16018518518518518 0.15555555555555556
7 0.5893518518518519 0.5356481481481481 0.15 0.14537037037037037
7 0.4976851851851852 0.4337962962962963 0.12685185185185185 0.11481481481481481
7 0.5393518518518519 0.1685185185185185 0.09722222222222222 0.08425925925925926
7 0.4666666666666667 0.056018518518518516 0.11944444444444445 0.08888888888888889
7 0.725925925925926 0.08888888888888889 0.13240740740740742 0.1037037037037037
7 0.8495370370370371 0.48703703703703705 0.14351851851851852 0.12037037037037036
7 0.7273148148148149 0.4962962962962963 0.1037037037037037 0.12777777777777777
15 0.4648148148148148 0.7532407407407408 0.11388888888888889 0.12407407407407407
15 0.6148148148148148 0.8351851851851851 0.13333333333333333 0.11296296296296296
15 0.2574074074074074 0.5398148148148149 0.14537037037037037 0.16203703703703703
15 0.1638888888888889 0.3148148148148148 0.07592592592592592 0.06944444444444445
8 0.6273148148148148 0.475462962962963 0.08981481481481482 0.09351851851851851
8 0.7439814814814815 0.6671296296296296 0.11481481481481481 0.12962962962962962
8 0.8962962962962963 0.638425925925926 0.13240740740740742 0.13703703703703704
8 0.8893518518518518 0.513425925925926 0.08796296296296297 0.08333333333333333
8 0.6837962962962963 0.4236111111111111 0.10648148148148148 0.10740740740740741
8 0.5555555555555556 0.3143518518518518 0.08611111111111111 0.09907407407407408
8 0.3819444444444444 0.09074074074074075 0.07222222222222222 0.06388888888888888
8 0.5550925925925926 0.13055555555555556 0.05185185185185185 0.04537037037037037
8 0.8226851851851852 0.1712962962962963 0.11296296296296296 0.1527777777777778
15 0.3537037037037037 0.2263888888888889 0.0712962962962963 0.06296296296296296
15 0.22083333333333333 0.20925925925925926 0.05555555555555555 0.06759259259259259
15 0.26296296296296295 0.1712962962962963 0.049074074074074076 0.04814814814814815
15 0.2537037037037037 0.2861111111111111 0.058333333333333334 0.06574074074074074
8 0.5634259259259259 0.23981481481481481 0.04537037037037037 0.05740740740740741
8 0.6013888888888889 0.21851851851851853 0.06111111111111111 0.04537037037037037
8 0.6699074074074074 0.5856481481481481 0.05648148148148148 0.06296296296296296
8 0.7342592592592593 0.37546296296296294 0.04814814814814815 0.04351851851851852
8 0.6949074074074074 0.30972222222222223 0.07685185185185185 0.07037037037037037
8 0.7944444444444444 0.2763888888888889 0.04537037037037037 0.04259259259259259
8 0.8314814814814815 0.26851851851851855 0.027777777777777776 0.03148148148148148
8 0.638425925925926 0.1087962962962963 0.05462962962962963 0.06481481481481481
8 0.5513888888888889 0.055092592592592596 0.06574074074074074 0.06388888888888888
8 0.4222222222222222 0.04259259259259259 0.06759259259259259 0.05185185185185185