14 0.5 0.5 1 1
7 0.7379629629629629 0.15462962962962962 0.10740740740740741 0.10833333333333334
8 0.11388888888888889 0.5087962962962963 0.11481481481481481 0.10833333333333334
8 0.15648148148148147 0.6337962962962963 0.12037037037037036 0.09259259259259259
8 0.29074074074074074 0.5361111111111111 0.1935185185185185 0.1814814814814815
8 0.29583333333333334 0.3699074074074074 0.15092592592592594 0.1388888888888889
8 0.4111111111111111 0.26481481481481484 0.16944444444444445 0.17222222222222222
8 0.5476851851851852 0.22592592592592592 0.09444444444444444 0.11851851851851852
8 0.7050925925925926 0.2601851851851852 0.19722222222222222 0.14629629629629629
8 0.7837962962962963 0.4041666666666667 0.13518518518518519 0.1287037037037037
8 0.7347222222222223 0.5481481481481482 0.1574074074074074 0.16111111111111112
8 0.4388888888888889 0.6722222222222223 0.1527777777777778 0.13796296296296295
8 0.5263888888888889 0.7777777777777778 0.18888888888888888 0.15185185185185185
7 0.6273148148148148 0.18055555555555555 0.1361111111111111 0.12037037037037036