14 0.5 0.524074074074074 1 0.9518518518518518
7 0.861574074074074 0.2875 0.09259259259259259 0.09351851851851851
8 0.14629629629629629 0.3449074074074074 0.10092592592592593 0.09166666666666666
8 0.13194444444444445 0.4759259259259259 0.11203703703703703 0.07222222222222222
8 0.2949074074074074 0.4444444444444444 0.17037037037037037 0.1537037037037037
8 0.3699074074074074 0.2953703703703704 0.13333333333333333 0.11666666666666667
8 0.5189814814814815 0.2490740740740741 0.14629629629629629 0.14907407407407408
8 0.6592592592592592 0.27175925925925926 0.07407407407407407 0.11018518518518519
8 0.7875 0.36944444444444446 0.18518518518518517 0.1111111111111111
8 0.7976851851851852 0.5333333333333333 0.11851851851851852 0.11018518518518519
8 0.6925925925925925 0.6430555555555556 0.13518518518518519 0.1398148148148148
8 0.37175925925925923 0.6305555555555555 0.1361111111111111 0.11574074074074074
8 0.40694444444444444 0.762962962962963 0.17407407407407408 0.12037037037037036
7 0.750462962962963 0.26435185185185184 0.12222222222222222 0.09907407407407408