14 0.48086111111111113 0.5 0.9617314814814816 1
4 0.06925 0.3381018518518518 0.12244444444444445 0.17497222222222222
4 0.11925 0.5653055555555555 0.10393518518518519 0.09603703703703703
4 0.1880925925925926 0.6677685185185186 0.20087037037037037 0.17311111111111113
4 0.17975 0.9098240740740741 0.09900925925925927 0.12582407407407406
4 0.4723888888888889 0.8477870370370371 0.2694722222222222 0.2647129629629629
4 0.7751944444444445 0.585388888888889 0.15286111111111111 0.24361111111111114
4 0.7897037037037037 0.24023148148148146 0.08187037037037037 0.06440740740740741
4 0.520537037037037 0.3130833333333333 0.09168518518518518 0.07678703703703704
4 0.34921296296296295 0.36464814814814817 0.08608333333333333 0.14657407407407408
4 0.20198148148148146 0.22573148148148148 0.14346296296296296 0.2169074074074074
4 0.5409074074074074 0.612537037037037 0.08798148148148148 0.0905