14 0.4574814814814815 0.5003225806451612 0.8398518518518518 0.9993548387096775
7 0.3041296296296296 0.30671658986175115 0.1566111111111111 0.18588709677419354
7 0.21589814814814814 0.6485829493087558 0.1375462962962963 0.23213133640552996
7 0.49550925925925926 0.6847580645161291 0.13196296296296298 0.28527649769585256
7 0.6529351851851851 0.7455645161290322 0.10730555555555556 0.2609792626728111
7 0.7198148148148148 0.2529377880184332 0.1978611111111111 0.15513824884792626
7 0.48135185185185186 0.34705069124423965 0.07587962962962963 0.18974654377880182
7 0.3375648148148148 0.8742396313364056 0.0815 0.21110599078341014
4 0.5634166666666667 0.21036866359447004 0.11345370370370371 0.13527649769585254
4 0.16933333333333334 0.3883410138248848 0.11541666666666667 0.17632488479262673
4 0.34579629629629627 0.4190668202764977 0.09179629629629629 0.12255760368663594
4 0.4664351851851852 0.42193548387096774 0.08307407407407408 0.10144009216589861
4 0.3812962962962963 0.6293663594470046 0.08871296296296297 0.11688940092165898
4 0.3812962962962963 0.8428686635944701 0.12575925925925927 0.20213133640552994
4 0.5683055555555555 0.8265437788018434 0.10779629629629629 0.15026497695852536
4 0.6511296296296296 0.49908986175115205 0.08826851851851851 0.15203917050691243
4 0.2382685185185185 0.5902995391705069 0.10514814814814814 0.06950460829493087