14 0.5 0.5 1 1
8 0.11018518518518519 0.42407407407407405 0.12037037037037036 0.1259259259259259
8 0.03194444444444444 0.562962962962963 0.06388888888888888 0.1
8 0.30092592592592593 0.4685185185185185 0.10925925925925926 0.14351851851851852
8 0.33194444444444443 0.812037037037037 0.11203703703703703 0.12777777777777777
8 0.28888888888888886 0.9236111111111112 0.10462962962962963 0.09351851851851851
8 0.6425925925925926 0.7944444444444444 0.09907407407407408 0.12314814814814815
8 0.8375 0.8601851851851852 0.19537037037037036 0.13518518518518519
8 0.787962962962963 0.7421296296296296 0.07222222222222222 0.08518518518518518
8 0.8587962962962963 0.5162037037037037 0.2 0.17685185185185184
8 0.6263888888888889 0.12824074074074074 0.13240740740740742 0.11666666666666667
8 0.7472222222222222 0.24027777777777778 0.10833333333333334 0.12777777777777777
8 0.49027777777777776 0.20462962962962963 0.09814814814814815 0.10092592592592593
8 0.5907407407407408 0.25416666666666665 0.06296296296296296 0.04259259259259259
8 0.30648148148148147 0.3148148148148148 0.1 0.11851851851851852
8 0.5527777777777778 0.5587962962962963 0.11018518518518519 0.11296296296296296
8 0.43425925925925923 0.4773148148148148 0.09722222222222222 0.11296296296296296
8 0.8671296296296296 0.11527777777777778 0.0962962962962963 0.09351851851851851
8 0.5300925925925926 0.35694444444444445 0.08425925925925926 0.08981481481481482
10 0.43842592592592594 0.1412037037037037 0.19074074074074074 0.18611111111111112
10 0.4486111111111111 0.29074074074074074 0.18055555555555555 0.14907407407407408
10 0.7657407407407407 0.1087962962962963 0.1287037037037037 0.1388888888888889
10 0.17916666666666667 0.11342592592592593 0.14537037037037037 0.1388888888888889
10 0.8833333333333333 0.21805555555555556 0.10925925925925926 0.13055555555555556
10 0.9333333333333333 0.5023148148148148 0.13333333333333333 0.225
10 0.4083333333333333 0.6416666666666667 0.06574074074074074 0.1287037037037037
10 0.5388888888888889 0.7087962962962963 0.21944444444444444 0.0962962962962963
10 0.6555555555555556 0.6555555555555556 0.06388888888888888 0.1425925925925926
10 0.6662037037037037 0.36898148148148147 0.20185185185185187 0.1685185185185185
4 0.5166666666666667 0.8824074074074074 0.2462962962962963 0.2351851851851852
4 0.17685185185185184 0.7185185185185186 0.24537037037037038 0.2814814814814815
4 0.22037037037037038 0.5027777777777778 0.1388888888888889 0.2111111111111111
8 0.17037037037037037 0.8074074074074075 0.09907407407407408 0.08611111111111111