14 0.5 0.5 1 1
9 0.17407407407407408 0.5523148148148148 0.05092592592592592 0.049074074074074076
9 0.5166666666666667 0.8393518518518519 0.06944444444444445 0.06111111111111111
9 0.7189814814814814 0.5208333333333334 0.0712962962962963 0.053703703703703705
9 0.8273148148148148 0.3925925925925926 0.05092592592592592 0.049074074074074076
9 0.9416666666666667 0.5416666666666666 0.049074074074074076 0.05092592592592592
9 0.7064814814814815 0.25462962962962965 0.05277777777777778 0.046296296296296294
9 0.7675925925925926 0.29398148148148145 0.03888888888888889 0.05925925925925926
9 0.5671296296296297 0.16574074074074074 0.04259259259259259 0.05185185185185185
9 0.6217592592592592 0.16296296296296298 0.044444444444444446 0.04814814814814815
9 0.48194444444444445 0.09537037037037037 0.05925925925925926 0.04537037037037037
9 0.3675925925925926 0.17314814814814813 0.04814814814814815 0.05740740740740741
9 0.12361111111111112 0.3282407407407407 0.07037037037037037 0.08148148148148149
9 0.3578703703703704 0.30925925925925923 0.05925925925925926 0.04259259259259259
6 0.712037037037037 0.6574074074074074 0.037037037037037035 0.040740740740740744
6 0.7375 0.7148148148148148 0.04537037037037037 0.041666666666666664
6 0.21388888888888888 0.7152777777777778 0.03888888888888889 0.032407407407407406
6 0.1361111111111111 0.7379629629629629 0.041666666666666664 0.03148148148148148
6 0.40046296296296297 0.33287037037037037 0.02962962962962963 0.028703703703703703
6 0.6592592592592592 0.4027777777777778 0.03425925925925926 0.027777777777777776
6 0.5097222222222222 0.44675925925925924 0.044444444444444446 0.03796296296296296
6 0.5300925925925926 0.4152777777777778 0.03796296296296296 0.02962962962962963
6 0.6375 0.44675925925925924 0.03611111111111111 0.022222222222222223
12 0.3402777777777778 0.41759259259259257 0.1259259259259259 0.11296296296296296
12 0.5768518518518518 0.4981481481481482 0.10555555555555556 0.07222222222222222
12 0.2569444444444444 0.24305555555555555 0.13796296296296295 0.08055555555555556
12 0.42268518518518516 0.1439814814814815 0.05185185185185185 0.05648148148148148
12 0.46111111111111114 0.2550925925925926 0.07592592592592592 0.06574074074074074
15 0.787962962962963 0.34444444444444444 0.03611111111111111 0.041666666666666664
15 0.5009259259259259 0.5615740740740741 0.032407407407407406 0.027777777777777776
15 0.5361111111111111 0.5662037037037037 0.032407407407407406 0.03148148148148148
15 0.5824074074074074 0.5916666666666667 0.03425925925925926 0.03518518518518519
15 0.28703703703703703 0.2800925925925926 0.037037037037037035 0.02962962962962963
15 0.2912037037037037 0.3143518518518518 0.03148148148148148 0.020370370370370372
15 0.4083333333333333 0.1398148148148148 0.022222222222222223 0.02962962962962963
15 0.38101851851851853 0.39305555555555555 0.027777777777777776 0.037037037037037035
15 0.37546296296296294 0.6106481481481482 0.04537037037037037 0.04537037037037037
15 0.40185185185185185 0.5916666666666667 0.037037037037037035 0.025925925925925925
15 0.6064814814814815 0.6861111111111111 0.025925925925925925 0.041666666666666664