14 0.506425925925926 0.5089528193325661 0.9871388888888888 0.9820943613348677
2 0.4515185185185185 0.5608630609896432 0.15200925925925926 0.17299194476409668
2 0.4589814814814815 0.23474108170310704 0.10211111111111111 0.11147295742232452
2 0.6763425925925927 0.3319332566168009 0.13251851851851854 0.09872266973532796
2 0.6670833333333334 0.5416800920598389 0.20660185185185184 0.1576409666283084
2 0.6092037037037038 0.1416915995397008 0.10625925925925926 0.08264672036823935
2 0.22849074074074074 0.3942692750287687 0.06707407407407408 0.05845799769850402
4 0.2897222222222222 0.5883659378596088 0.18335185185185185 0.20498273878020712
4 0.4461203703703704 0.3405638665132336 0.10108333333333333 0.06611047180667434
4 0.5250925925925927 0.40256616800920597 0.15100000000000002 0.10906789413118527
4 0.5927222222222223 0.4975489067894131 0.09952777777777777 0.13843498273878022
4 0.6696574074074074 0.6465247410817031 0.1376574074074074 0.0546029919447641
4 0.7254722222222222 0.230897583429229 0.1104074074074074 0.09612197928653625
4 0.7738333333333334 0.3654775604142693 0.07749074074074074 0.16791714614499423
4 0.34708333333333335 0.232819332566168 0.13449999999999998 0.06158803222094362
4 0.3038703703703704 0.32681242807825084 0.15917592592592592 0.09615650172612199
4 0.29124074074074074 0.4268699654775604 0.1777962962962963 0.06813578826237054
4 0.5628981481481481 0.26543153049482165 0.0753888888888889 0.09613348676639817
4 0.47750000000000004 0.17174913693901037 0.09594444444444444 0.05069044879171461