14 0.5 0.5 1 1
12 0.24861111111111112 0.5152777777777777 0.27685185185185185 0.3472222222222222
12 0.337037037037037 0.350462962962963 0.15555555555555556 0.2037037037037037
12 0.49675925925925923 0.4976851851851852 0.38796296296296295 0.36944444444444446
12 0.8101851851851852 0.14212962962962963 0.25925925925925924 0.28425925925925927
12 0.08518518518518518 0.37222222222222223 0.17037037037037037 0.18518518518518517
12 0.5958333333333333 0.11203703703703703 0.2953703703703704 0.22407407407407406
9 0.700462962962963 0.4203703703703704 0.1361111111111111 0.13148148148148148
9 0.6736111111111112 0.26296296296296295 0.12685185185185185 0.11203703703703703
9 0.6032407407407407 0.12268518518518519 0.12962962962962962 0.11388888888888889
9 0.5611111111111111 0.052314814814814814 0.08888888888888889 0.07222222222222222
9 0.5046296296296297 0.3138888888888889 0.13796296296296295 0.1425925925925926
9 0.12916666666666668 0.5574074074074075 0.22037037037037038 0.18518518518518517
9 0.0787037037037037 0.2847222222222222 0.13055555555555556 0.11296296296296296
9 0.2763888888888889 0.16296296296296298 0.20185185185185187 0.18425925925925926
9 0.5879629629629629 0.7222222222222222 0.13148148148148148 0.11481481481481481
12 0.3800925925925926 0.7875 0.30462962962962964 0.31203703703703706
10 0.34305555555555556 0.26435185185185184 0.39166666666666666 0.25555555555555554
10 0.4078703703703704 0.09583333333333334 0.23981481481481481 0.19166666666666668
10 0.8268518518518518 0.14907407407407408 0.20185185185185187 0.18981481481481483
10 0.5768518518518518 0.525 0.35648148148148145 0.2351851851851852
10 0.2763888888888889 0.6361111111111111 0.17592592592592593 0.2101851851851852