14 0.48292592592592587 0.5299351851851852 0.9201666666666667 0.9401203703703704
10 0.08591666666666667 0.3877962962962963 0.09651851851851852 0.11510185185185186
10 0.13221296296296295 0.28530555555555553 0.1076388888888889 0.11752777777777779
10 0.22235185185185183 0.20565740740740743 0.09531481481481481 0.08414814814814814
10 0.31773148148148145 0.15965740740740741 0.10460185185185185 0.06992592592592592
10 0.4553981481481481 0.10840740740740741 0.0984537037037037 0.06373148148148149
10 0.6023333333333333 0.15194444444444444 0.11084259259259259 0.10264814814814814
10 0.7464814814814815 0.21553703703703703 0.06950925925925926 0.0965
10 0.8322962962962963 0.28468518518518515 0.07076851851851852 0.06442592592592593
10 0.8927962962962963 0.3887222222222222 0.06584259259259259 0.09101851851851851
10 0.8934166666666666 0.48503703703703704 0.08930555555555555 0.07624074074074075
10 0.8752037037037037 0.5977222222222222 0.10843518518518519 0.1053148148148148
10 0.823962962962963 0.6860092592592593 0.08743518518518519 0.08929629629629629
10 0.6646851851851852 0.6372314814814816 0.10221296296296296 0.0880462962962963
10 0.7217962962962963 0.7903611111111112 0.13124074074074074 0.14985185185185185
10 0.5600462962962963 0.8764814814814815 0.11885185185185186 0.11099074074074075
10 0.4476851851851852 0.8906851851851852 0.1089537037037037 0.09494444444444446
10 0.3109444444444444 0.8551851851851852 0.12805555555555556 0.10912962962962963
10 0.19086111111111112 0.7885000000000001 0.09900925925925927 0.07205555555555555
10 0.11832407407407408 0.6668703703703704 0.09837962962962964 0.09546296296296296
10 0.07171296296296296 0.5591296296296296 0.09034259259259259 0.11332407407407408
11 0.17110185185185184 0.39705555555555555 0.059500000000000004 0.07435185185185185
11 0.11925 0.4736111111111111 0.08912037037037036 0.06450925925925927
11 0.1877685185185185 0.49059259259259264 0.0632037037037037 0.05772222222222222
11 0.3149537037037037 0.7261388888888889 0.0582962962962963 0.06585185185185186
11 0.8026666666666666 0.6248796296296296 0.04853703703703704 0.048518518518518516
11 0.6341203703703704 0.7323055555555555 0.05961111111111111 0.05598148148148148
11 0.8171759259259259 0.4307037037037037 0.06644444444444444 0.05646296296296296
12 0.3340925925925926 0.37083333333333335 0.16325 0.2330185185185185
12 0.37299074074074073 0.5909351851851852 0.2336388888888889 0.17322222222222222
12 0.5832037037037037 0.41805555555555557 0.2577685185185185 0.19785185185185186
12 0.5026388888888889 0.24578703703703703 0.17440740740740743 0.11256481481481481
12 0.6971018518518518 0.4196111111111111 0.15593518518518518 0.2490925925925926
12 0.5625185185185185 0.6539166666666667 0.12379629629629628 0.19548148148148148
12 0.7576018518518519 0.6079074074074073 0.07692592592592593 0.14421296296296296
10 0.6653055555555555 0.6356851851851851 0.08122222222222222 0.0738425925925926
10 0.4174351851851852 0.7054537037037036 0.08548148148148148 0.05781481481481481