14 0.5003055555555556 0.5021574074074074 0.9993796296296296 0.9956759259259259
12 0.25507407407407406 0.4409166666666667 0.19780555555555554 0.3028148148148148
12 0.3878055555555555 0.3093888888888889 0.1077037037037037 0.18050925925925926
12 0.4976666666666667 0.497037037037037 0.31701851851851853 0.28864814814814815
12 0.9066759259259259 0.23401851851851851 0.18664814814814815 0.27394444444444443
12 0.1069074074074074 0.2464074074074074 0.21258333333333335 0.12862037037037036
12 0.7156296296296296 0.12478703703703704 0.23742592592592593 0.23352777777777778
9 0.7150000000000001 0.4822592592592593 0.11024999999999999 0.10402777777777777
9 0.7353703703703705 0.3242037037037037 0.10655555555555556 0.0842037037037037
9 0.7091388888888889 0.16923148148148148 0.10962962962962963 0.08537037037037037
9 0.6893796296296296 0.08957407407407407 0.07752777777777778 0.05199074074074074
9 0.5588055555555556 0.3232777777777778 0.10898148148148148 0.11568518518518518
9 0.12851851851851853 0.44645370370370374 0.18912962962962962 0.13612037037037036
9 0.16 0.17076851851851851 0.11135185185185185 0.08475
9 0.38472222222222224 0.1124351851851852 0.1682037037037037 0.14214814814814816
9 0.5192962962962964 0.738175925925926 0.11143518518518518 0.08623148148148148
12 0.3010740740740741 0.7400462962962963 0.24164814814814817 0.2529351851851852
10 0.4186851851851852 0.22881481481481483 0.3620648148148148 0.15639814814814815
10 0.5322685185185185 0.07939814814814815 0.2040462962962963 0.1538611111111111
10 0.9153425925925927 0.25999074074074074 0.16648148148148148 0.14838888888888888
10 0.5661944444444444 0.5464444444444444 0.32811111111111113 0.1453796296296296
10 0.2464259259259259 0.5650000000000001 0.1286574074074074 0.18062037037037038