14 0.5 0.5 1 1
10 0.1449074074074074 0.25925925925925924 0.1287037037037037 0.1398148148148148
10 0.2222222222222222 0.17731481481481481 0.1398148148148148 0.14629629629629629
10 0.3333333333333333 0.13148148148148148 0.1175925925925926 0.1111111111111111
10 0.43842592592592594 0.11898148148148148 0.12129629629629629 0.1
10 0.5851851851851851 0.11527777777777778 0.11388888888888889 0.09166666666666666
10 0.7101851851851851 0.20416666666666666 0.13796296296296295 0.13333333333333333
10 0.825462962962963 0.3111111111111111 0.09722222222222222 0.11388888888888889
10 0.8842592592592593 0.4046296296296296 0.08703703703703704 0.08333333333333333
10 0.9074074074074074 0.5226851851851851 0.09166666666666666 0.10740740740740741
10 0.8768518518518519 0.6138888888888889 0.10925925925925926 0.10092592592592593
10 0.8231481481481482 0.7143518518518519 0.13703703703703704 0.13425925925925927
10 0.7458333333333333 0.7814814814814814 0.1111111111111111 0.11296296296296296
10 0.6111111111111112 0.6833333333333333 0.125 0.11666666666666667
10 0.6152777777777778 0.8467592592592592 0.17222222222222222 0.18425925925925926
10 0.43425925925925923 0.875462962962963 0.14814814814814814 0.14351851851851852
10 0.32314814814814813 0.8523148148148149 0.13333333333333333 0.125
10 0.20555555555555555 0.774074074074074 0.15648148148148147 0.14444444444444443
10 0.11388888888888889 0.6722222222222223 0.11666666666666667 0.1
10 0.08472222222222223 0.5333333333333333 0.12407407407407407 0.12222222222222222
10 0.07592592592592592 0.4166666666666667 0.12222222222222222 0.1361111111111111
11 0.22268518518518518 0.2953703703703704 0.08055555555555556 0.08981481481481482
11 0.1486111111111111 0.3509259259259259 0.10462962962962963 0.08981481481481482
11 0.20787037037037037 0.38935185185185184 0.0787037037037037 0.075
11 0.2513888888888889 0.6537037037037037 0.07685185185185185 0.08148148148148149
11 0.7453703703703703 0.7166666666666667 0.06111111111111111 0.06111111111111111
11 0.5513888888888889 0.763425925925926 0.07407407407407407 0.07222222222222222
11 0.8226851851851852 0.537962962962963 0.08055555555555556 0.075
12 0.3851851851851852 0.32407407407407407 0.22962962962962963 0.27314814814814814
12 0.350462962962963 0.5444444444444444 0.27685185185185185 0.23981481481481481
12 0.6055555555555555 0.449537037037037 0.3074074074074074 0.27037037037037037
12 0.5851851851851851 0.26064814814814813 0.20092592592592592 0.16296296296296298
12 0.7125 0.487962962962963 0.22870370370370371 0.2861111111111111
12 0.5087962962962963 0.6657407407407407 0.18055555555555555 0.225
12 0.7083333333333334 0.6861111111111111 0.11944444444444445 0.16111111111111112
10 0.612037037037037 0.6819444444444445 0.1 0.09537037037037037
10 0.35509259259259257 0.6675925925925926 0.09907407407407408 0.0824074074074074