14 0.5 0.5 1 1
2 0.43842592592592594 0.5379746835443038 0.18888888888888888 0.22554660529344073
2 0.5305555555555556 0.23245109321058688 0.125 0.14614499424626007
2 0.7106481481481481 0.41254315304948214 0.15092592592592594 0.14614499424626007
2 0.6472222222222223 0.6070195627157653 0.2361111111111111 0.23245109321058688
2 0.6972222222222222 0.2054085155350978 0.12129629629629629 0.12082853855005754
2 0.2708333333333333 0.2899884925201381 0.0787037037037037 0.08285385500575373
4 0.27824074074074073 0.4982738780207135 0.22685185185185186 0.2681242807825086
4 0.49074074074074076 0.3273878020713464 0.11296296296296296 0.10356731875719218
4 0.549074074074074 0.41829689298043726 0.1712962962962963 0.16455696202531644
4 0.5884259259259259 0.5350978135788262 0.13055555555555556 0.1714614499424626
4 0.6222222222222222 0.7071346375143843 0.14444444444444443 0.10817031070195628
4 0.7837962962962963 0.3365937859608746 0.12962962962962962 0.13463751438434982
4 0.7939814814814815 0.48388952819332565 0.1175925925925926 0.189873417721519
4 0.425462962962963 0.1852704257767549 0.1425925925925926 0.11162255466052934
4 0.3597222222222222 0.2566168009205984 0.17592592592592593 0.15535097813578827
4 0.32175925925925924 0.34637514384349827 0.18611111111111112 0.13693901035673187
4 0.6208333333333333 0.3037974683544304 0.0962962962962963 0.12082853855005754
4 0.5648148148148148 0.1806674338319908 0.10462962962962963 0.08630609896432681