14 0.5 0.5 1 1
2 0.4699074074074074 0.5771001150747986 0.18888888888888888 0.22554660529344073
2 0.39166666666666666 0.26582278481012656 0.125 0.14614499424626007
2 0.6226851851851852 0.26985040276179517 0.15092592592592594 0.14614499424626007
2 0.6689814814814815 0.4718066743383199 0.2361111111111111 0.23245109321058688
2 0.5092592592592593 0.11680092059838895 0.12129629629629629 0.12082853855005754
2 0.21574074074074073 0.5097813578826237 0.0787037037037037 0.08285385500575373
4 0.324537037037037 0.6685845799769851 0.22685185185185186 0.2681242807825086
4 0.4074074074074074 0.3711162255466053 0.11296296296296296 0.10356731875719218
4 0.4981481481481482 0.39758342922899886 0.1712962962962963 0.16455696202531644
4 0.587037037037037 0.46029919447640966 0.13055555555555556 0.1714614499424626
4 0.6986111111111111 0.569620253164557 0.14444444444444443 0.10817031070195628
4 0.6425925925925926 0.15420023014959724 0.12962962962962962 0.13463751438434982
4 0.7236111111111111 0.261795166858458 0.1175925925925926 0.189873417721519
4 0.28564814814814815 0.30897583429229 0.1425925925925926 0.11162255466052934
4 0.2689814814814815 0.4154200230149597 0.17592592592592593 0.15535097813578827
4 0.2833333333333333 0.5155350978135789 0.18611111111111112 0.13693901035673187
4 0.4981481481481482 0.2525891829689298 0.0962962962962963 0.12082853855005754
4 0.3925925925925926 0.19850402761795166 0.10462962962962963 0.08630609896432681