14 0.5 0.5114166666666667 1 0.9771574074074073
9 0.1707962962962963 0.5236203703703703 0.04776851851851852 0.04600925925925926
9 0.48719444444444443 0.8397407407407407 0.06450925925925927 0.056027777777777774
9 0.7162314814814814 0.539675925925926 0.06826851851851852 0.04848148148148148
9 0.8353796296296296 0.4214351851851852 0.04730555555555556 0.045342592592592594
9 0.9363240740740741 0.5798055555555556 0.04548148148148148 0.047268518518518515
9 0.727037037037037 0.2735648148148148 0.04913888888888889 0.042194444444444444
9 0.7847592592592593 0.3180185185185185 0.0349537037037037 0.05702777777777778
9 0.5961574074074074 0.17292592592592593 0.03922222222222222 0.048324074074074075
9 0.6507962962962963 0.17477777777777778 0.0410925925925926 0.044620370370370366
9 0.5174444444444445 0.09512962962962962 0.05587962962962963 0.04087962962962963
9 0.3964444444444445 0.16274074074074074 0.0435 0.053879629629629625
9 0.14024074074074075 0.2961018518518519 0.06442592592592593 0.07616666666666667
9 0.37513888888888886 0.2976481481481481 0.0564537037037037 0.0385
6 0.6973981481481482 0.6755092592592592 0.03431481481481482 0.03866666666666666
6 0.7180833333333333 0.7347777777777778 0.04234259259259259 0.03869444444444444
6 0.19641666666666666 0.6897037037037037 0.0360462962962963 0.030027777777777778
6 0.11677777777777779 0.7054537037037036 0.03973148148148148 0.028185185185185185
6 0.41557407407407404 0.32481481481481483 0.027453703703703702 0.026166666666666668
6 0.6671481481481482 0.41680555555555554 0.033074074074074075 0.024972222222222222
6 0.5143518518518518 0.4476759259259259 0.0422962962962963 0.03486111111111111
6 0.5371944444444444 0.41803703703703704 0.036120370370370365 0.027435185185185184
6 0.6418425925925927 0.45878703703703705 0.0342962962962963 0.020046296296296295
12 0.348287037037037 0.40385185185185185 0.11757407407407408 0.10275925925925926
12 0.576712962962963 0.5047962962962963 0.1003425925925926 0.0639074074074074
12 0.2800740740740741 0.22262962962962962 0.13299074074074074 0.0699537037037037
12 0.4538518518518519 0.13835185185185184 0.047212962962962964 0.05325
12 0.4825648148148148 0.25257407407407406 0.07130555555555557 0.059472222222222225
15 0.8005 0.37019444444444444 0.033101851851851855 0.03914814814814815
15 0.49552777777777773 0.5612777777777778 0.030555555555555555 0.025037037037037035
15 0.5304074074074074 0.569 0.029953703703703705 0.029361111111111112
15 0.5739351851851852 0.5983240740740742 0.03181481481481482 0.0324537037037037
15 0.30692592592592594 0.2624537037037037 0.034833333333333334 0.027370370370370368
15 0.30815740740740744 0.29671296296296296 0.029898148148148146 0.018129629629629627
15 0.4402685185185185 0.13340740740740742 0.020046296296296295 0.028546296296296295
15 0.39087962962962963 0.3831574074074074 0.024972222222222222 0.0354537037037037
15 0.36619444444444443 0.5995648148148148 0.04225925925925926 0.042333333333333334
15 0.3942777777777778 0.5828888888888889 0.035472222222222224 0.023805555555555555
15 0.589675925925926 0.6946481481481481 0.022555555555555554 0.039907407407407405