14 0.5 0.5259259259259259 1 0.9481481481481482
11 0.09768518518518518 0.7481481481481481 0.14907407407407408 0.1425925925925926
11 0.058333333333333334 0.6314814814814815 0.10648148148148148 0.1
11 0.0824074074074074 0.5273148148148148 0.12314814814814815 0.09537037037037037
11 0.1884259259259259 0.5319444444444444 0.12962962962962962 0.10092592592592593
11 0.1712962962962963 0.6402777777777777 0.08888888888888889 0.10092592592592593
11 0.24305555555555555 0.8296296296296296 0.1675925925925926 0.14907407407407408
11 0.2851851851851852 0.6976851851851852 0.12685185185185185 0.11481481481481481
11 0.32407407407407407 0.5106481481481482 0.1259259259259259 0.10740740740740741
11 0.3648148148148148 0.6236111111111111 0.1685185185185185 0.15833333333333333
11 0.3763888888888889 0.8796296296296297 0.16666666666666666 0.13518518518518519
11 0.5657407407407408 0.8699074074074075 0.19722222222222222 0.13425925925925927
11 0.5037037037037037 0.8004629629629629 0.1574074074074074 0.12777777777777777
11 0.7578703703703704 0.7717592592592593 0.18055555555555555 0.14907407407407408
11 0.8875 0.6782407407407407 0.15648148148148147 0.14814814814814814
11 0.7 0.6398148148148148 0.1398148148148148 0.10648148148148148
11 0.7337962962962963 0.513425925925926 0.09166666666666666 0.10092592592592593
11 0.862037037037037 0.5564814814814815 0.11481481481481481 0.08796296296296297
11 0.4583333333333333 0.33287037037037037 0.11296296296296296 0.07407407407407407
11 0.40925925925925927 0.4166666666666667 0.10277777777777777 0.06666666666666667
11 0.2569444444444444 0.4046296296296296 0.12685185185185185 0.06851851851851852
11 0.12361111111111112 0.4310185185185185 0.24351851851851852 0.09166666666666666
11 0.08101851851851852 0.3486111111111111 0.10277777777777777 0.07777777777777778
11 0.1824074074074074 0.35324074074074074 0.07685185185185185 0.05185185185185185
11 0.1361111111111111 0.262037037037037 0.10555555555555556 0.06944444444444445
11 0.2152777777777778 0.20324074074074075 0.09074074074074075 0.07592592592592592
11 0.2726851851851852 0.2740740740740741 0.12037037037037036 0.05740740740740741
11 0.32037037037037036 0.33611111111111114 0.1175925925925926 0.05740740740740741
11 0.3175925925925926 0.19305555555555556 0.06111111111111111 0.08703703703703704
11 0.3824074074074074 0.19305555555555556 0.058333333333333334 0.058333333333333334
11 0.4925925925925926 0.15046296296296297 0.1 0.07407407407407407
11 0.5861111111111111 0.1699074074074074 0.06388888888888888 0.05185185185185185
11 0.6810185185185185 0.15416666666666667 0.07777777777777778 0.053703703703703705
11 0.7935185185185185 0.1925925925925926 0.08333333333333333 0.06851851851851852
11 0.9171296296296296 0.23935185185185184 0.10740740740740741 0.06296296296296296
11 0.875 0.2949074074074074 0.13148148148148148 0.08055555555555556
11 0.774537037037037 0.43194444444444446 0.12222222222222222 0.06851851851851852
11 0.6592592592592592 0.2912037037037037 0.10833333333333334 0.06759259259259259
11 0.6546296296296297 0.2175925925925926 0.11574074074074074 0.05
11 0.5782407407407407 0.3592592592592593 0.09537037037037037 0.05
11 0.43472222222222223 0.24861111111111112 0.11203703703703703 0.06759259259259259
11 0.5175925925925926 0.6194444444444445 0.11851851851851852 0.08425925925925926
11 0.5180555555555556 0.48703703703703705 0.1037037037037037 0.07037037037037037
11 0.5157407407407407 0.3958333333333333 0.07037037037037037 0.05648148148148148
11 0.836574074074074 0.3490740740740741 0.07685185185185185 0.06759259259259259
11 0.9564814814814815 0.44907407407407407 0.08703703703703704 0.10555555555555556
11 0.9828703703703704 0.5916666666666667 0.03425925925925926 0.10555555555555556
11 0.4361111111111111 0.7199074074074074 0.16574074074074074 0.11388888888888889