14 0.5 0.5 1 1
2 0.46382978723404256 0.10567375886524823 0.13617021276595745 0.21134751773049645
2 0.5184397163120568 0.3453900709219858 0.1829787234042553 0.251063829787234
2 0.36312056737588655 0.4326241134751773 0.2 0.16453900709219857
2 0.6312056737588653 0.42907801418439717 0.16028368794326242 0.15602836879432624
2 0.7404255319148936 0.5531914893617021 0.14184397163120568 0.18156028368794327
2 0.5687943262411348 0.6290780141843971 0.19432624113475178 0.2127659574468085
4 0.45390070921985815 0.8312056737588652 0.27801418439716313 0.3375886524822695
4 0.2553191489361702 0.49432624113475176 0.3333333333333333 0.24964539007092199
4 0.40070921985815605 0.29858156028368793 0.24964539007092199 0.24680851063829787
4 0.575177304964539 0.1921985815602837 0.22836879432624113 0.22695035460992907
4 0.7205673758865249 0.38085106382978723 0.21843971631205675 0.19290780141843972
4 0.8702127659574468 0.5836879432624114 0.22127659574468084 0.19858156028368795
4 0.6092198581560284 0.5709219858156028 0.1773049645390071 0.17304964539007092
4 0.6879432624113475 0.8226950354609929 0.251063829787234 0.2765957446808511
2 0.2773049645390071 0.6007092198581561 0.12624113475177304 0.09929078014184398
2 0.8354609929078014 0.4085106382978723 0.08085106382978724 0.10780141843971631
2 0.7546099290780142 0.6539007092198581 0.08368794326241134 0.12340425531914893