14 0.5051388888888888 0.5088796296296296 0.7621296296296296 0.7128148148148148
2 0.4223703703703704 0.44150925925925927 0.06573148148148147 0.07437037037037036
2 0.28778703703703706 0.5239351851851852 0.041 0.10219444444444445
2 0.4612685185185185 0.5665370370370371 0.1583425925925926 0.05405555555555556
2 0.6044907407407407 0.4810277777777778 0.11887037037037036 0.13119444444444445
2 0.5409074074074074 0.33808333333333335 0.06575925925925925 0.04901851851851852
2 0.43657407407407406 0.33900925925925923 0.0645 0.04716666666666666
2 0.7872314814814815 0.4640462962962963 0.047296296296296295 0.06388888888888888
2 0.5739351851851852 0.5921574074074074 0.03922222222222222 0.05714814814814815
4 0.5007777777777778 0.4671388888888889 0.0817962962962963 0.12933333333333333
4 0.7242592592592593 0.48720370370370364 0.08432407407407407 0.1361388888888889
4 0.49337962962962967 0.6542129629629629 0.22255555555555556 0.08125925925925927
2 0.3044537037037037 0.4331759259259259 0.08175 0.061407407407407404