14 0.5 0.468 1 0.936
12 0.2833333333333333 0.486 0.12 0.07333333333333333
12 0.3373333333333333 0.5866666666666667 0.08933333333333333 0.07333333333333333
12 0.31133333333333335 0.672 0.076 0.08666666666666667
12 0.5646666666666667 0.358 0.11066666666666666 0.088
12 0.656 0.308 0.07333333333333333 0.05733333333333333
12 0.7026666666666667 0.37666666666666665 0.068 0.05333333333333334
12 0.668 0.4613333333333333 0.09466666666666666 0.068
12 0.566 0.48733333333333334 0.10133333333333333 0.058666666666666666
12 0.6193333333333333 0.556 0.06933333333333333 0.04533333333333334
12 0.866 0.5433333333333333 0.12533333333333332 0.072
12 0.9026666666666666 0.3606666666666667 0.132 0.09733333333333333
12 0.9393333333333334 0.25266666666666665 0.12133333333333333 0.084
12 0.8473333333333334 0.4246666666666667 0.116 0.07466666666666667
12 0.9706666666666667 0.41733333333333333 0.058666666666666666 0.04533333333333334
12 0.604 0.6693333333333333 0.08933333333333333 0.08533333333333333
4 0.4673333333333333 0.612 0.196 0.25466666666666665
4 0.7366666666666667 0.5673333333333334 0.14533333333333334 0.12
4 0.8946666666666667 0.684 0.19333333333333333 0.22266666666666668
4 0.776 0.41733333333333333 0.12933333333333333 0.19066666666666668
4 0.48533333333333334 0.404 0.348 0.232
4 0.8246666666666667 0.31933333333333336 0.3506666666666667 0.20933333333333334