14 0.5032407407407408 0.5097222222222222 0.8935185185185185 0.8555555555555555
2 0.4361111111111111 0.42685185185185187 0.07962962962962963 0.08611111111111111
2 0.2875 0.4791666666666667 0.06111111111111111 0.10833333333333334
2 0.44814814814814813 0.5569444444444445 0.16574074074074074 0.08518518518518518
2 0.6060185185185185 0.5032407407407408 0.14351851851851852 0.1527777777777778
2 0.5736111111111111 0.35 0.07407407407407407 0.062037037037037036
2 0.47129629629629627 0.32916666666666666 0.07222222222222222 0.05925925925925926
2 0.788425925925926 0.524537037037037 0.05925925925925926 0.07222222222222222
2 0.5532407407407407 0.6055555555555555 0.05 0.06388888888888888
4 0.5074074074074074 0.46805555555555556 0.10648148148148148 0.1425925925925926
4 0.7222222222222222 0.5342592592592592 0.1111111111111111 0.15092592592592594
4 0.4615740740740741 0.649537037037037 0.23425925925925925 0.125
2 0.3226851851851852 0.3939814814814815 0.09259259259259259 0.07685185185185185