14 0.5 0.5023148148148148 1 0.9731481481481481
9 0.3435185185185185 0.13425925925925927 0.05555555555555555 0.04722222222222222
9 0.3773148148148148 0.836574074074074 0.06296296296296296 0.06759259259259259
11 0.12546296296296297 0.33935185185185185 0.1425925925925926 0.14629629629629629
11 0.350462962962963 0.12175925925925926 0.13518518518518519 0.12777777777777777
11 0.7944444444444444 0.3699074074074074 0.14444444444444443 0.16296296296296298
11 0.5921296296296297 0.3574074074074074 0.11296296296296296 0.10092592592592593
11 0.6393518518518518 0.8606481481481482 0.1648148148148148 0.2037037037037037
11 0.3680555555555556 0.8421296296296297 0.18888888888888888 0.18981481481481483
11 0.11527777777777778 0.649537037037037 0.14537037037037037 0.14166666666666666
11 0.8699074074074075 0.6541666666666667 0.17222222222222222 0.19444444444444445
12 0.4425925925925926 0.3337962962962963 0.14722222222222223 0.16018518518518518
12 0.45925925925925926 0.5319444444444444 0.05185185185185185 0.0962962962962963
12 0.21296296296296297 0.6388888888888888 0.0787037037037037 0.09259259259259259
12 0.7069444444444445 0.7689814814814815 0.11851851851851852 0.06481481481481481
15 0.7208333333333333 0.5902777777777778 0.08518518518518518 0.11481481481481481
15 0.5305555555555556 0.6578703703703703 0.0787037037037037 0.11481481481481481
15 0.42916666666666664 0.7337962962962963 0.10462962962962963 0.08703703703703704
15 0.22546296296296298 0.7513888888888889 0.06481481481481481 0.12777777777777777
15 0.2833333333333333 0.7148148148148148 0.05740740740740741 0.09351851851851851
15 0.08935185185185185 0.49537037037037035 0.11944444444444445 0.16203703703703703
15 0.20601851851851852 0.25601851851851853 0.1037037037037037 0.10648148148148148
15 0.5805555555555556 0.22824074074074074 0.1175925925925926 0.08981481481481482
15 0.6833333333333333 0.3375 0.05185185185185185 0.09814814814814815
15 0.47962962962962963 0.31666666666666665 0.05092592592592592 0.07407407407407407
11 0.7476851851851852 0.15 0.10185185185185185 0.1259259259259259
11 0.4212962962962963 0.6101851851851852 0.09444444444444444 0.13425925925925927
15 0.3106481481481482 0.45555555555555555 0.11296296296296296 0.07222222222222222
15 0.5185185185185185 0.4648148148148148 0.1648148148148148 0.06018518518518518
15 0.6518518518518519 0.7199074074074074 0.12037037037037036 0.08796296296296297