14 0.5136133333333333 0.44716 0.9727733333333334 0.84988
12 0.28345333333333333 0.5162666666666667 0.11246666666666666 0.05808
12 0.35124 0.6085066666666666 0.08136 0.06256
12 0.3367866666666667 0.6963066666666667 0.0658 0.07816
12 0.5446 0.3506666666666667 0.10141333333333334 0.07356
12 0.6273866666666666 0.28787999999999997 0.06698666666666667 0.047973333333333326
12 0.6832266666666666 0.34956000000000004 0.062 0.04466666666666667
12 0.66128 0.43846666666666667 0.08810666666666667 0.05581333333333333
12 0.56376 0.47819999999999996 0.09641333333333334 0.04528
12 0.6262666666666666 0.53904 0.06476 0.03697333333333334
12 0.8682399999999999 0.4918133333333333 0.11872 0.05584
12 0.87936 0.30593333333333333 0.12093333333333334 0.08076
12 0.9035333333333333 0.19397333333333333 0.11928 0.06682666666666666
12 0.83324 0.37678666666666666 0.10870666666666667 0.059120000000000006
12 0.9629733333333333 0.35232 0.07150666666666668 0.03646666666666667
12 0.6268266666666666 0.65324 0.07921333333333333 0.07536000000000001
4 0.48292 0.6154666666666667 0.16473333333333334 0.23316
4 0.7435066666666666 0.5337733333333333 0.13257333333333335 0.10309333333333333
4 0.9169466666666667 0.6279733333333334 0.16610666666666665 0.20149333333333333
4 0.7615599999999999 0.3795733333333333 0.10536 0.17804
4 0.47181333333333336 0.40680000000000005 0.32477333333333336 0.18805333333333332
4 0.81528 0.27344 0.36944 0.15910666666666667