14 0.5073900709219857 0.5002978723404256 0.9852198581560284 0.999404255319149
2 0.34736170212765954 0.12154609929078014 0.0729645390070922 0.22417021276595744
2 0.4723687943262411 0.34706382978723405 0.12086524822695034 0.22486524822695036
2 0.34943262411347514 0.47533333333333333 0.17285106382978724 0.11970212765957447
2 0.6047801418439717 0.3934609929078014 0.13035460992907802 0.12260992907801418
2 0.7454609929078013 0.4806524822695036 0.09965957446808511 0.15870921985815603
2 0.6036028368794326 0.6036170212765958 0.14927659574468086 0.17768794326241133
4 0.5530638297872341 0.8306241134751774 0.20068085106382977 0.291290780141844
4 0.2646241134751773 0.5660851063829787 0.29756028368794324 0.16998581560283688
4 0.34588652482269505 0.3364255319148936 0.2012340425531915 0.1964822695035461
4 0.4818297872340426 0.1833191489361702 0.1823404255319149 0.18104964539007093
4 0.6760141843971631 0.32163120567375886 0.18417021276595746 0.145645390070922
4 0.8787517730496454 0.47148936170212763 0.18540425531914895 0.15102127659574469
4 0.6254609929078014 0.5359290780141843 0.1433758865248227 0.13804255319148936
4 0.7744255319148936 0.75377304964539 0.19306382978723405 0.22977304964539008
2 0.3166241134751773 0.6612482269503546 0.11078014184397163 0.06953191489361703
2 0.7939148936170213 0.31453900709219856 0.054751773049645396 0.09598581560283688
2 0.7883120567375886 0.572581560283688 0.05415602836879432 0.11205673758865248