9 0.13148148148148148 0.4361111111111111 0.07037037037037037 0.07592592592592592
9 0.25555555555555554 0.6393518518518518 0.06018518518518518 0.0787037037037037
9 0.5407407407407407 0.4101851851851852 0.05555555555555555 0.05925925925925926
9 0.5787037037037037 0.7472222222222222 0.09444444444444444 0.08333333333333333
9 0.8277777777777777 0.6138888888888889 0.07685185185185185 0.08333333333333333
9 0.8652777777777778 0.3527777777777778 0.08888888888888889 0.0712962962962963
9 0.4203703703703704 0.17083333333333334 0.07037037037037037 0.058333333333333334
9 0.2175925925925926 0.22916666666666666 0.06388888888888888 0.07222222222222222
6 0.08194444444444444 0.3814814814814815 0.08148148148148149 0.04537037037037037
6 0.15416666666666667 0.3773148148148148 0.041666666666666664 0.07037037037037037
6 0.1763888888888889 0.4083333333333333 0.03888888888888889 0.037037037037037035
6 0.18564814814814815 0.5361111111111111 0.06666666666666667 0.06481481481481481
6 0.2875 0.4412037037037037 0.07777777777777778 0.05648148148148148
6 0.37037037037037035 0.475462962962963 0.03333333333333333 0.03981481481481482
6 0.35185185185185186 0.6828703703703703 0.10185185185185185 0.09722222222222222
6 0.4162037037037037 0.6138888888888889 0.05092592592592592 0.06944444444444445
6 0.4685185185185185 0.5902777777777778 0.03611111111111111 0.04259259259259259
6 0.49398148148148147 0.7055555555555556 0.03333333333333333 0.05092592592592592
6 0.6282407407407408 0.7208333333333333 0.03518518518518519 0.06018518518518518
6 0.5351851851851852 0.5467592592592593 0.05185185185185185 0.05277777777777778
6 0.5953703703703703 0.5157407407407407 0.044444444444444446 0.0787037037037037
6 0.6888888888888889 0.5833333333333334 0.05925925925925926 0.07407407407407407
6 0.7856481481481481 0.5310185185185186 0.06944444444444445 0.05092592592592592
6 0.8541666666666666 0.5527777777777778 0.03518518518518519 0.040740740740740744
6 0.7444444444444445 0.7171296296296297 0.07962962962962963 0.08425925925925926
6 0.5421296296296296 0.6564814814814814 0.049074074074074076 0.046296296296296294
9 0.6337962962962963 0.17037037037037037 0.06111111111111111 0.053703703703703705
14 0.5 0.5 1 1
7 0.3263888888888889 0.3541666666666667 0.10833333333333334 0.06759259259259259
7 0.6597222222222222 0.4125 0.12407407407407407 0.08796296296296297
7 0.899537037037037 0.425 0.06481481481481481 0.08981481481481482
7 0.6865740740740741 0.24861111111111112 0.07777777777777778 0.06666666666666667
7 0.6597222222222222 0.31296296296296294 0.0712962962962963 0.046296296296296294
7 0.37824074074074077 0.21203703703703702 0.06296296296296296 0.0712962962962963
7 0.33287037037037037 0.2625 0.05740740740740741 0.05
7 0.24166666666666667 0.3263888888888889 0.08611111111111111 0.06851851851851852
10 0.7319444444444444 0.21898148148148147 0.0787037037037037 0.08796296296296297
10 0.7578703703703704 0.3050925925925926 0.053703703703703705 0.07407407407407407
10 0.8425925925925926 0.39861111111111114 0.04722222222222222 0.05740740740740741
10 0.7416666666666667 0.4273148148148148 0.030555555555555555 0.037037037037037035
10 0.5328703703703703 0.3453703703703704 0.05740740740740741 0.09351851851851851
10 0.5162037037037037 0.25092592592592594 0.037037037037037035 0.037037037037037035
10 0.5884259259259259 0.11990740740740741 0.058333333333333334 0.049074074074074076
10 0.19675925925925927 0.32037037037037036 0.05555555555555555 0.04814814814814815
10 0.08703703703703704 0.2962962962962963 0.053703703703703705 0.05648148148148148