14 0.5 0.5006510416666666 1 0.9986979166666666
2 0.20956719817767655 0.5813802083333334 0.08542141230068337 0.12890625
2 0.3952164009111617 0.4752604166666667 0.08656036446469248 0.10286458333333333
2 0.4413439635535307 0.2727864583333333 0.0888382687927107 0.08723958333333333
2 0.6697038724373576 0.3046875 0.09339407744874716 0.11067708333333333
2 0.785876993166287 0.466796875 0.09567198177676538 0.0859375
2 0.7306378132118451 0.7389322916666666 0.09339407744874716 0.12369791666666667
2 0.40774487471526194 0.6888020833333334 0.11503416856492027 0.11458333333333333
15 0.4253986332574032 0.375 0.15375854214123008 0.16276041666666666
15 0.7949886104783599 0.599609375 0.24715261958997722 0.2265625
15 0.5569476082004556 0.7838541666666666 0.23120728929384965 0.24479166666666666
15 0.2437357630979499 0.4791666666666667 0.1788154897494305 0.18880208333333334
15 0.30239179954441914 0.3138020833333333 0.13097949886104784 0.12109375