14 0.5 0.484 1 0.968
12 0.2926666666666667 0.5646666666666667 0.124 0.08266666666666667
12 0.37933333333333336 0.6393333333333333 0.09333333333333334 0.07866666666666666
12 0.38533333333333336 0.728 0.08133333333333333 0.09066666666666667
12 0.51 0.3446666666666667 0.116 0.09466666666666666
12 0.5766666666666667 0.26466666666666666 0.07733333333333334 0.06266666666666666
12 0.6446666666666667 0.312 0.07066666666666667 0.058666666666666666
12 0.6433333333333333 0.404 0.09866666666666667 0.07466666666666667
12 0.5573333333333333 0.4646666666666667 0.104 0.06533333333333333
12 0.632 0.5093333333333333 0.072 0.050666666666666665
12 0.8566666666666667 0.4093333333333333 0.128 0.08133333333333333
12 0.826 0.22533333333333333 0.136 0.10666666666666667
12 0.8246666666666667 0.11133333333333334 0.13066666666666665 0.09333333333333334
12 0.7966666666666666 0.30466666666666664 0.12 0.08266666666666667
12 0.918 0.252 0.07866666666666666 0.052
12 0.658 0.6206666666666667 0.09466666666666666 0.09066666666666667
4 0.5093333333333333 0.6166666666666667 0.21333333333333335 0.264
4 0.7446666666666667 0.478 0.152 0.12933333333333333
4 0.9153333333333333 0.53 0.16933333333333334 0.23333333333333334
4 0.728 0.324 0.14266666666666666 0.196
4 0.4513333333333333 0.41533333333333333 0.3586666666666667 0.256
4 0.756 0.208 0.396 0.23866666666666667