14 0.5 0.5422222222222223 1 0.674074074074074
11 0.36203703703703705 0.6470370370370371 0.14537037037037037 0.09259259259259259
11 0.5583333333333333 0.61 0.13240740740740742 0.07629629629629629
11 0.5388888888888889 0.5248148148148148 0.1425925925925926 0.09185185185185185
11 0.37546296296296294 0.5370370370370371 0.13796296296296295 0.08148148148148149
11 0.06296296296296296 0.5511111111111111 0.0962962962962963 0.08148148148148149
11 0.15925925925925927 0.5062962962962962 0.08888888888888889 0.04666666666666667
11 0.22592592592592592 0.5659259259259259 0.13055555555555556 0.09703703703703703
11 0.3287037037037037 0.4625925925925926 0.19074074074074074 0.06666666666666667
11 0.4625 0.35 0.10555555555555556 0.07407407407407407
11 0.48564814814814816 0.41962962962962963 0.09259259259259259 0.051111111111111114
11 0.5805555555555556 0.4622222222222222 0.1175925925925926 0.04296296296296296
11 0.6930555555555555 0.4451851851851852 0.08796296296296297 0.06592592592592593
11 0.7152777777777778 0.34925925925925927 0.11018518518518519 0.07777777777777778
11 0.6231481481481481 0.3622222222222222 0.0824074074074074 0.05851851851851852