14 0.5 0.5431259259259259 1 0.5553851851851852
11 0.33505555555555555 0.6279703703703704 0.13153703703703704 0.07692592592592593
11 0.5360833333333334 0.6159111111111111 0.12155555555555556 0.062
11 0.5333796296296296 0.5294888888888889 0.13003703703703703 0.07626666666666666
11 0.369787037037037 0.5208444444444444 0.12691666666666665 0.06638518518518519
11 0.05839814814814815 0.495837037037037 0.08285185185185186 0.07192592592592592
11 0.16219444444444445 0.46373333333333333 0.08210185185185186 0.03734074074074074
11 0.21621296296296297 0.5307111111111111 0.11607407407407408 0.08426666666666667
11 0.33814814814814814 0.4415037037037037 0.18401851851851853 0.04474074074074074
11 0.49248148148148146 0.34704444444444443 0.09452777777777778 0.06322222222222222
11 0.5017407407407407 0.418962962962963 0.08527777777777777 0.0410962962962963
11 0.5870185185185185 0.4726814814814815 0.11230555555555556 0.029318518518518518
11 0.7016111111111111 0.4699037037037037 0.07760185185185185 0.0570962962962963
11 0.7421296296296296 0.37791111111111114 0.0984537037037037 0.06570370370370371
11 0.6483611111111112 0.3794518518518518 0.07296296296296297 0.05026666666666667