14 0.49990625000000005 0.4807715736040609 0.89796875 0.8656649746192893
4 0.3108958333333333 0.5131472081218273 0.16924999999999998 0.24343147208121826
4 0.5675729166666666 0.6127005076142132 0.09580208333333333 0.11428426395939086
4 0.4859583333333333 0.7308527918781725 0.12298958333333333 0.16039593908629443
4 0.6888333333333333 0.744984771573604 0.18901041666666665 0.1115228426395939
4 0.7273229166666667 0.4485279187817259 0.10279166666666667 0.09051776649746193
4 0.6726145833333333 0.5607715736040609 0.08648958333333333 0.12493401015228427
9 0.37860416666666663 0.38788832487309644 0.061614583333333334 0.06737055837563452
9 0.48857291666666663 0.5325888324873097 0.05932291666666667 0.04881218274111675
9 0.5999895833333333 0.41891370558375635 0.07729166666666668 0.06850761421319797
0 0.5441354166666666 0.307502538071066 0.12879166666666667 0.1468730964467005
0 0.5603229166666667 0.8273299492385786 0.17216666666666666 0.11635532994923858
0 0.39076041666666667 0.8028223350253807 0.10676041666666666 0.1696548223350254
0 0.8523333333333334 0.43781725888324874 0.13059375 0.1435431472081218
0 0.7843125000000001 0.5509035532994924 0.12696875 0.10068020304568528
0 0.7536458333333333 0.6437055837563451 0.11192708333333333 0.0673502538071066
0 0.19166666666666668 0.34528934010152285 0.09744791666666666 0.08709644670050762
0 0.132625 0.49310659898477155 0.11132291666666667 0.1458274111675127
0 0.25909375 0.26180710659898476 0.06910416666666667 0.08930964467005076
0 0.5285104166666666 0.456994923857868 0.11141666666666666 0.08713705583756345
4 0.34735416666666663 0.27731979695431475 0.11021875 0.12373604060913705