14 0.5 0.49796954314720815 1 0.9959390862944163
4 0.31197916666666664 0.4746192893401015 0.21770833333333334 0.2720812182741117
4 0.5421875 0.6238578680203045 0.11770833333333333 0.1319796954314721
4 0.43697916666666664 0.7228426395939086 0.15520833333333334 0.1817258883248731
4 0.6322916666666667 0.7776649746192893 0.20833333333333334 0.14720812182741116
4 0.7333333333333333 0.49593908629441624 0.11979166666666667 0.10964467005076142
4 0.6557291666666667 0.5944162436548224 0.11145833333333334 0.1401015228426396
9 0.40520833333333334 0.36598984771573606 0.07395833333333333 0.07817258883248732
9 0.4817708333333333 0.5294416243654823 0.06875 0.05989847715736041
9 0.6151041666666667 0.44111675126903555 0.08958333333333333 0.08223350253807106
0 0.584375 0.3208121827411167 0.15625 0.16954314720812183
0 0.4890625 0.8324873096446701 0.19375 0.14822335025380712
0 0.32864583333333336 0.7741116751269036 0.140625 0.18781725888324874
0 0.8578125 0.5106598984771573 0.15833333333333333 0.166497461928934
0 0.7671875 0.6076142131979695 0.14583333333333334 0.12385786802030457
0 0.7171875 0.6918781725888324 0.12395833333333334 0.0883248730964467
0 0.23125 0.2862944162436548 0.11458333333333333 0.10558375634517767
0 0.1421875 0.41878172588832485 0.140625 0.16548223350253807
0 0.3151041666666667 0.2182741116751269 0.08645833333333333 0.10152284263959391
0 0.5369791666666667 0.4639593908629442 0.128125 0.10761421319796954
4 0.3984375 0.2512690355329949 0.13333333333333333 0.1431472081218274