14 0.5 0.5946153846153847 1 0.8107692307692308
2 0.25240384615384615 0.7692307692307693 0.17692307692307693 0.12461538461538461
2 0.25961538461538464 0.5784615384615385 0.17307692307692307 0.16846153846153847
2 0.40721153846153846 0.45153846153846156 0.14134615384615384 0.09153846153846154
2 0.5942307692307692 0.5107692307692308 0.18557692307692308 0.15307692307692308
2 0.6197115384615385 0.36846153846153845 0.18557692307692308 0.12230769230769231
2 0.7855769230769231 0.45384615384615384 0.2375 0.2676923076923077
2 0.8028846153846154 0.6403846153846153 0.21826923076923077 0.16230769230769232
2 0.6740384615384616 0.7796153846153846 0.18076923076923077 0.14692307692307693
2 0.5298076923076923 0.6676923076923077 0.27884615384615385 0.19230769230769232
2 0.4879807692307692 0.8023076923076923 0.2298076923076923 0.21461538461538462
2 0.46442307692307694 0.5211538461538462 0.12307692307692308 0.09923076923076923
2 0.16826923076923078 0.6761538461538461 0.11538461538461539 0.0876923076923077