14 0.5 0.48071065989847717 0.8979166666666667 0.8659898477157361
4 0.3109375 0.5131979695431472 0.16979166666666667 0.24263959390862944
4 0.5677083333333334 0.6126903553299492 0.09583333333333334 0.11472081218274112
4 0.4859375 0.7309644670050761 0.12395833333333334 0.16040609137055836
4 0.6890625 0.7451776649746192 0.18854166666666666 0.1116751269035533
4 0.7270833333333333 0.44873096446700506 0.103125 0.09035532994923857
4 0.6723958333333333 0.5609137055837563 0.08645833333333333 0.12487309644670051
9 0.37864583333333335 0.38781725888324875 0.06145833333333333 0.06700507614213198
9 0.48854166666666665 0.5324873096446701 0.059375 0.048730964467005075
9 0.6 0.41878172588832485 0.07708333333333334 0.06802030456852792
0 0.5442708333333334 0.30761421319796955 0.128125 0.14619289340101524
0 0.5604166666666667 0.8274111675126904 0.17291666666666666 0.11573604060913706
0 0.390625 0.8030456852791878 0.10625 0.16954314720812183
0 0.8520833333333333 0.43756345177664974 0.13020833333333334 0.1431472081218274
0 0.784375 0.550761421319797 0.12708333333333333 0.10050761421319797
0 0.7536458333333333 0.6436548223350254 0.11145833333333334 0.06700507614213198
0 0.19166666666666668 0.34517766497461927 0.09791666666666667 0.08730964467005076
0 0.1328125 0.49289340101522844 0.11145833333333334 0.14619289340101524
0 0.25885416666666666 0.26192893401015227 0.06875 0.08934010152284264
0 0.5286458333333334 0.45685279187817257 0.11145833333333334 0.08730964467005076
4 0.34739583333333335 0.27715736040609135 0.109375 0.12385786802030457