14 0.6138888888888889 0.6981481481481482 0.7722314814814815 0.5691296296296297
12 0.4501574074074074 0.6214907407407407 0.16574999999999998 0.08248148148148148
12 0.545537037037037 0.504175925925926 0.07872222222222222 0.07008333333333333
12 0.6662222222222222 0.4834907407407407 0.10407407407407408 0.05463888888888889
12 0.6557407407407407 0.5730185185185185 0.13246296296296298 0.07072222222222221
12 0.6526481481481482 0.6955740740740741 0.13369444444444442 0.06769444444444445
12 0.7285833333333334 0.7949629629629629 0.14483333333333331 0.11872222222222222
12 0.5585 0.7570092592592593 0.10465740740740741 0.06833333333333333
12 0.8582314814814814 0.6943425925925926 0.10781481481481481 0.07262962962962963
12 0.9651203703703704 0.6995925925925925 0.06975925925925926 0.09424074074074074
12 0.9410462962962963 0.7946574074074074 0.11789814814814814 0.086
12 0.49522222222222223 0.5572685185185186 0.07068518518518518 0.04293518518518518
12 0.7693240740740741 0.5146666666666667 0.07075 0.046620370370370375
2 0.7776666666666666 0.6236388888888889 0.09112962962962963 0.04605555555555556
2 0.5557222222222222 0.5603611111111112 0.050944444444444445 0.0417037037037037
2 0.6223981481481482 0.5192962962962964 0.07318518518518519 0.029953703703703705
12 0.7788981481481482 0.6372222222222222 0.07137037037037038 0.036175925925925924