14 0.5111111111111111 0.4882716049382716 0.9777777777777777 0.9641975308641976
7 0.175 0.3197530864197531 0.11666666666666667 0.145679012345679
7 0.375 0.49506172839506174 0.21944444444444444 0.2234567901234568
7 0.29074074074074074 0.33024691358024694 0.12129629629629629 0.10864197530864197
7 0.37175925925925923 0.19876543209876543 0.1527777777777778 0.16913580246913582
7 0.5699074074074074 0.2895061728395062 0.17037037037037037 0.23580246913580247
7 0.6032407407407407 0.17777777777777778 0.12314814814814815 0.10617283950617284
7 0.7828703703703703 0.3037037037037037 0.23055555555555557 0.1271604938271605
7 0.7800925925925926 0.4845679012345679 0.275 0.20987654320987653
7 0.5717592592592593 0.6222222222222222 0.15833333333333333 0.2716049382716049
10 0.39861111111111114 0.3351851851851852 0.08888888888888889 0.11728395061728394
10 0.65 0.3487654320987654 0.13518518518518519 0.21728395061728395