14 0.5 0.5169722222222223 1 0.9660462962962962
9 0.13499074074074074 0.3748240740740741 0.0798611111111111 0.059527777777777784
9 0.19086111111111112 0.4201944444444444 0.054564814814814816 0.05344444444444444
9 0.2593888888888889 0.42144444444444445 0.06816666666666667 0.06510185185185186
9 0.3337777777777778 0.40662037037037035 0.04780555555555556 0.045342592592592594
9 0.36124999999999996 0.45816666666666667 0.06941666666666667 0.06268518518518519
9 0.2945833333333333 0.4964537037037037 0.08422222222222221 0.05834259259259259
9 0.14147222222222222 0.5730185185185185 0.07430555555555556 0.06331481481481481
9 0.2519814814814815 0.5989537037037037 0.04346296296296296 0.08555555555555557
9 0.5177499999999999 0.5995648148148148 0.060194444444444446 0.07937962962962963
9 0.6470925925925926 0.5736388888888888 0.07072222222222221 0.06455555555555556
9 0.8255092592592592 0.6298240740740741 0.07200000000000001 0.08803703703703704
9 0.6773425925925926 0.38532407407407404 0.07196296296296296 0.0731111111111111
9 0.6643796296296296 0.3170925925925926 0.06825925925925926 0.051472222222222225
9 0.4625 0.2661574074074074 0.05709259259259259 0.05700925925925926
9 0.4063148148148148 0.30598148148148147 0.04844444444444444 0.07369444444444445
9 0.505712962962963 0.14328703703703705 0.0620462962962963 0.040907407407407406
9 0.42112962962962963 0.23991666666666667 0.003416666666666667 0.0008148148148148149
9 0.419287037037037 0.8094907407407408 0.06696296296296296 0.062185185185185184
9 0.5915277777777778 0.8261481481481482 0.12256481481481482 0.06746296296296296
12 0.4146574074074074 0.6230370370370371 0.13549074074074074 0.11890740740740739
12 0.3013703703703704 0.16398148148148148 0.11262037037037037 0.10821296296296297
12 0.20814814814814817 0.21368518518518517 0.08173148148148147 0.0927962962962963
12 0.07881481481481482 0.518074074074074 0.10824074074074075 0.14602777777777778
12 0.2698888888888889 0.6520648148148148 0.13112962962962962 0.25104629629629627
12 0.8366296296296296 0.34396296296296297 0.257212962962963 0.12372222222222222
12 0.6628425925925926 0.14576851851851852 0.21703703703703706 0.08288888888888889
12 0.43349074074074073 0.10099999999999999 0.13240740740740742 0.07113888888888889
12 0.8761296296296297 0.5017037037037038 0.13622222222222222 0.06513888888888889
9 0.7699444444444444 0.5239351851851852 0.06458333333333334 0.07996296296296296
7 0.5594259259259259 0.40508333333333335 0.11021296296296297 0.14227777777777778
7 0.7162407407407407 0.5446203703703704 0.1053148148148148 0.10282407407407407
7 0.8773518518518518 0.5587962962962963 0.11319444444444444 0.0984537037037037
7 0.837537037037037 0.4211111111111111 0.13727777777777778 0.0923425925925926
7 0.5643703703703703 0.2766574074074074 0.12009259259259258 0.11505555555555556
7 0.4060092592592593 0.7286111111111111 0.10338888888888889 0.08561111111111111
7 0.36341666666666667 0.5529537037037038 0.12189814814814816 0.07874074074074075
12 0.3013703703703704 0.26925000000000004 0.09039814814814814 0.09282407407407407
12 0.605111111111111 0.506962962962963 0.14232407407407408 0.12379629629629628
12 0.17851851851851852 0.35260185185185183 0.07431481481481482 0.08915740740740741
12 0.696787037037037 0.7085462962962963 0.10715740740740741 0.14549074074074073