14 0.5 0.5414814814814815 1 0.7437037037037038
11 0.29907407407407405 0.5896296296296296 0.15185185185185185 0.10148148148148148
11 0.49722222222222223 0.6192592592592593 0.13796296296296295 0.08444444444444445
11 0.5226851851851851 0.5355555555555556 0.15 0.10074074074074074
11 0.3675925925925926 0.49333333333333335 0.14444444444444443 0.09037037037037036
11 0.075 0.40444444444444444 0.1037037037037037 0.08666666666666667
11 0.18564814814814815 0.3951851851851852 0.09166666666666666 0.052592592592592594
11 0.21574074074074073 0.47074074074074074 0.1388888888888889 0.10518518518518519
11 0.3625 0.41 0.1925925925925926 0.08148148148148149
11 0.5421296296296296 0.35074074074074074 0.11203703703703703 0.08074074074074074
11 0.5277777777777778 0.4222222222222222 0.09537037037037037 0.05703703703703704
11 0.5930555555555556 0.49148148148148146 0.11851851851851852 0.05185185185185185
11 0.7046296296296296 0.5125925925925926 0.09351851851851851 0.07111111111111111
11 0.7731481481481481 0.43222222222222223 0.11666666666666667 0.08444444444444445
11 0.6824074074074075 0.41444444444444445 0.08703703703703704 0.0637037037037037