14 0.5 0.4727191413237925 1 0.8649373881932021
11 0.15833333333333333 0.618515205724508 0.1037037037037037 0.08944543828264759
11 0.10231481481481482 0.46153846153846156 0.0962962962962963 0.055456171735241505
11 0.1175925925925926 0.5232558139534884 0.09166666666666666 0.07513416815742398
11 0.13240740740740742 0.4145796064400716 0.06944444444444445 0.05008944543828265
11 0.043055555555555555 0.31082289803220037 0.075 0.04203935599284436
11 0.07407407407407407 0.2584973166368515 0.06759259259259259 0.04025044722719141
11 0.21805555555555556 0.22227191413237926 0.06944444444444445 0.06797853309481217
11 0.26157407407407407 0.1677101967799642 0.07222222222222222 0.05008944543828265
11 0.3712962962962963 0.1511627906976744 0.09722222222222222 0.057245080500894455
11 0.31805555555555554 0.29069767441860467 0.18796296296296297 0.0742397137745975
11 0.2708333333333333 0.3962432915921288 0.07777777777777778 0.049194991055456175
11 0.17175925925925925 0.3613595706618962 0.07222222222222222 0.061717352415026835
11 0.36064814814814816 0.40429338103756707 0.08148148148148149 0.05992844364937388
11 0.4476851851851852 0.3855098389982111 0.07314814814814814 0.06708407871198568
11 0.5013888888888889 0.28667262969588553 0.10925925925925926 0.055456171735241505
11 0.575 0.2133273703041145 0.06944444444444445 0.03309481216457961
11 0.6597222222222222 0.24150268336314848 0.07037037037037037 0.050983899821109124
11 0.7268518518518519 0.30500894454382826 0.06851851851851852 0.049194991055456175
11 0.712037037037037 0.39758497316636854 0.0962962962962963 0.07155635062611806
11 0.5986111111111111 0.3573345259391771 0.1 0.09123434704830054
11 0.5939814814814814 0.5053667262969589 0.09907407407407408 0.057245080500894455
11 0.44027777777777777 0.5406976744186046 0.08981481481481482 0.07334525939177101
11 0.4115740740740741 0.669051878354204 0.10648148148148148 0.06618962432915922
11 0.2962962962962963 0.5129695885509838 0.08981481481481482 0.06440071556350627
11 0.7763888888888889 0.5791592128801432 0.11296296296296296 0.08765652951699464
11 0.9050925925925926 0.5272808586762076 0.10833333333333334 0.06887298747763863
11 0.8740740740740741 0.40429338103756707 0.09722222222222222 0.07334525939177101
11 0.8675925925925926 0.26610017889087656 0.08333333333333333 0.07155635062611806
11 0.75 0.20483005366726298 0.06574074074074074 0.04830053667262969
11 0.6291666666666667 0.17933810375670842 0.125 0.06976744186046512
11 0.4648148148148148 0.21064400715563505 0.07314814814814814 0.049194991055456175
2 0.3523148148148148 0.2182468694096601 0.11944444444444445 0.08318425760286226
2 0.2574074074074074 0.3336314847942755 0.09074074074074075 0.059033989266547404
2 0.6064814814814815 0.4669051878354204 0.13796296296296295 0.09123434704830054
2 0.6680555555555555 0.31171735241502685 0.07685185185185185 0.08139534883720931
4 0.6981481481481482 0.6811270125223614 0.3333333333333333 0.22271914132379247
4 0.8611111111111112 0.3094812164579606 0.25 0.19409660107334525
4 0.1111111111111111 0.3041144901610018 0.19907407407407407 0.10554561717352415