14 0.5 0.5328703703703703 1 0.9342592592592592
2 0.26481481481481484 0.6259259259259259 0.19444444444444445 0.2675925925925926
2 0.45231481481481484 0.287962962962963 0.17592592592592593 0.1537037037037037
2 0.6166666666666667 0.3736111111111111 0.13148148148148148 0.14444444444444443
2 0.7587962962962963 0.3425925925925926 0.11481481481481481 0.05
2 0.587037037037037 0.7550925925925925 0.1111111111111111 0.14722222222222223
2 0.711574074074074 0.6333333333333333 0.16018518518518518 0.10833333333333334
2 0.7481481481481481 0.45740740740740743 0.08333333333333333 0.08981481481481482
2 0.48009259259259257 0.6291666666666667 0.15648148148148147 0.11018518518518519
2 0.43148148148148147 0.9351851851851852 0.13518518518518519 0.12962962962962962
2 0.2523148148148148 0.4046296296296296 0.08981481481481482 0.12685185185185185
8 0.34814814814814815 0.28564814814814815 0.037037037037037035 0.046296296296296294
8 0.3675925925925926 0.21712962962962962 0.037037037037037035 0.05925925925925926
8 0.6754629629629629 0.22407407407407406 0.044444444444444446 0.046296296296296294
8 0.7833333333333333 0.6694444444444444 0.049074074074074076 0.06666666666666667
8 0.6731481481481482 0.7606481481481482 0.07314814814814814 0.03796296296296296
8 0.8462962962962963 0.6143518518518518 0.05462962962962963 0.058333333333333334
15 0.36203703703703705 0.46296296296296297 0.05740740740740741 0.053703703703703705
15 0.16574074074074074 0.7888888888888889 0.058333333333333334 0.06851851851851852
15 0.13796296296296295 0.6662037037037037 0.07037037037037037 0.06296296296296296
15 0.2851851851851852 0.6125 0.040740740740740744 0.06851851851851852
15 0.3106481481481482 0.6027777777777777 0.03148148148148148 0.04259259259259259
15 0.36157407407407405 0.5435185185185185 0.06111111111111111 0.037037037037037035
15 0.4101851851851852 0.5486111111111112 0.03333333333333333 0.05648148148148148
15 0.39490740740740743 0.4861111111111111 0.041666666666666664 0.046296296296296294
15 0.4324074074074074 0.32083333333333336 0.05648148148148148 0.08333333333333333
15 0.3560185185185185 0.3189814814814815 0.04722222222222222 0.028703703703703703
15 0.6513888888888889 0.4532407407407407 0.02962962962962963 0.02962962962962963
15 0.5856481481481481 0.5055555555555555 0.02962962962962963 0.07962962962962963
15 0.7703703703703704 0.5833333333333334 0.07777777777777778 0.06111111111111111
15 0.6666666666666666 0.8060185185185185 0.06296296296296296 0.053703703703703705
15 0.7509259259259259 0.8351851851851851 0.03333333333333333 0.05185185185185185
15 0.4685185185185185 0.7615740740740741 0.05277777777777778 0.058333333333333334
15 0.8384259259259259 0.43472222222222223 0.03425925925925926 0.06666666666666667
15 0.8634259259259259 0.4337962962962963 0.03148148148148148 0.027777777777777776
15 0.7476851851851852 0.28935185185185186 0.06111111111111111 0.03888888888888889
15 0.7523148148148148 0.24074074074074073 0.07222222222222222 0.05277777777777778
15 0.6884259259259259 0.3037037037037037 0.06111111111111111 0.04259259259259259
15 0.7106481481481481 0.3990740740740741 0.03518518518518519 0.058333333333333334
8 0.8337962962962963 0.3638888888888889 0.053703703703703705 0.04259259259259259