14 0.5 0.5 1 1
9 0.225 0.6277777777777778 0.1675925925925926 0.13425925925925927
9 0.3925925925925926 0.4740740740740741 0.17685185185185184 0.1259259259259259
9 0.39351851851851855 0.5518518518518518 0.1398148148148148 0.10555555555555556
9 0.5226851851851851 0.6300925925925925 0.14722222222222223 0.14907407407407408
9 0.5541666666666667 0.4583333333333333 0.15833333333333333 0.14074074074074075
9 0.7828703703703703 0.3902777777777778 0.13796296296296295 0.10555555555555556
9 0.3638888888888889 0.3625 0.16574074074074074 0.13333333333333333
9 0.29259259259259257 0.27037037037037037 0.10185185185185185 0.08333333333333333
9 0.14212962962962963 0.29444444444444445 0.15648148148148147 0.10833333333333334
9 0.11574074074074074 0.4777777777777778 0.18888888888888888 0.1259259259259259
9 0.34074074074074073 0.487962962962963 0.24074074074074073 0.14351851851851852
11 0.5615740740740741 0.18796296296296297 0.10833333333333334 0.09537037037037037
11 0.8097222222222222 0.18287037037037038 0.15648148148148147 0.09537037037037037
9 0.7847222222222222 0.586574074074074 0.12777777777777777 0.13333333333333333
9 0.011111111111111112 0.3712962962962963 0.022222222222222223 0.07037037037037037
9 0.05138888888888889 0.2449074074074074 0.040740740740740744 0.03518518518518519