14 0.5 0.5 1 1
9 0.22685185185185186 0.6324074074074074 0.1685185185185185 0.13703703703703704
9 0.3921296296296296 0.4759259259259259 0.17777777777777778 0.12777777777777777
9 0.39444444444444443 0.5537037037037037 0.14074074074074075 0.10740740740740741
9 0.525 0.6296296296296297 0.14907407407407408 0.15
9 0.5532407407407407 0.45740740740740743 0.16018518518518518 0.1425925925925926
9 0.7810185185185186 0.38564814814814813 0.1388888888888889 0.10740740740740741
9 0.36157407407407405 0.3648148148148148 0.16666666666666666 0.13518518518518519
9 0.28888888888888886 0.2740740740740741 0.10277777777777777 0.08425925925925926
9 0.13842592592592592 0.30092592592592593 0.15648148148148147 0.1111111111111111
9 0.11527777777777778 0.4842592592592593 0.18888888888888888 0.1287037037037037
9 0.34074074074074073 0.49074074074074076 0.24074074074074073 0.14722222222222223
11 0.5560185185185185 0.18703703703703703 0.10925925925925926 0.0962962962962963
11 0.8041666666666667 0.17731481481481481 0.15648148148148147 0.09722222222222222
9 0.7865740740740741 0.5819444444444445 0.1287037037037037 0.13425925925925927
9 0.009722222222222222 0.37962962962962965 0.019444444444444445 0.07037037037037037
9 0.04675925925925926 0.25277777777777777 0.040740740740740744 0.03518518518518519