14 0.5 0.5 1 1
11 0.4101851851851852 0.5385470719051149 0.1361111111111111 0.12972572275759822
11 0.20555555555555555 0.6260192735359525 0.19907407407407407 0.15344699777613047
11 0.3287037037037037 0.7331356560415122 0.175 0.14232765011119347
11 0.5532407407407407 0.7627872498146775 0.19907407407407407 0.1682727946627131
11 0.5574074074074075 0.5796886582653817 0.19074074074074074 0.12527798369162343
11 0.7282407407407407 0.5845070422535211 0.15185185185185185 0.12601927353595255
11 0.8287037037037037 0.488880652335063 0.18888888888888888 0.1363973313565604
11 0.7199074074074074 0.3954781319495923 0.16018518518518518 0.11193476649369903
11 0.5587962962962963 0.41882876204596 0.17777777777777778 0.12083024462564863
11 0.40925925925925927 0.3902891030392884 0.15925925925925927 0.12008895478131949
11 0.2675925925925926 0.4047442550037065 0.17962962962962964 0.12527798369162343
11 0.14814814814814814 0.48665678280207564 0.18796296296296297 0.12972572275759822
11 0.27685185185185185 0.22312824314306895 0.17407407407407408 0.10007412898443291
11 0.42962962962962964 0.29132690882134915 0.15092592592592594 0.10822831727205337
11 0.49166666666666664 0.2071905114899926 0.14537037037037037 0.09117865085248332
11 0.5875 0.30355819125277983 0.1638888888888889 0.12824314306893997
11 0.6166666666666667 0.21423276501111935 0.10277777777777777 0.07412898443291327
11 0.6981481481481482 0.16048925129725722 0.1574074074074074 0.10452186805040771
11 0.5361111111111111 0.05300222386953299 0.17037037037037037 0.09636767976278725
11 0.825 0.2553743513713862 0.13333333333333333 0.10600444773906598
11 0.9435185185185185 0.3206078576723499 0.11296296296296296 0.09710896960711639
11 0.7648148148148148 0.3306152705707932 0.1527777777777778 0.08080059303187546
11 0.7888888888888889 0.7312824314306894 0.17962962962962964 0.1363973313565604
11 0.18888888888888888 0.08895478131949593 0.1425925925925926 0.10896960711638251
11 0.12916666666666668 0.16345441067457375 0.08518518518518518 0.10007412898443291
11 0.9537037037037037 0.6126760563380281 0.07777777777777778 0.09266123054114159
11 0.9634259259259259 0.45292809488510005 0.07314814814814814 0.12305411415863603