14 0.49681481481481476 0.5245454545454545 0.993638888888889 0.8764150943396226
9 0.4220648148148148 0.2016295025728988 0.054 0.05562607204116638
9 0.2414814814814815 0.18647512864493998 0.06691666666666667 0.04933104631217839
9 0.18900925925925927 0.24366209262435679 0.03603703703703704 0.033344768439108066
9 0.1161574074074074 0.3537478559176673 0.06812962962962962 0.04425385934819897
9 0.23592592592592593 0.35432246998284733 0.05580555555555556 0.04540308747855917
9 0.1686388888888889 0.6348284734133791 0.07677777777777778 0.05409948542024014
9 0.24920370370370368 0.8052487135506003 0.06383333333333333 0.06561749571183534
9 0.5890555555555556 0.6562692967409949 0.06576851851851852 0.052392795883361924
9 0.7415462962962963 0.4792710120068611 0.05962962962962964 0.051749571183533453
9 0.7288888888888889 0.5616295025728988 0.0676574074074074 0.05864493996569468
9 0.9091574074074074 0.49843053173241847 0.06523148148148149 0.03860205831903945
9 0.8255092592592592 0.27740137221269295 0.049777777777777775 0.04594339622641509
9 0.7245648148148148 0.17989708404802743 0.059009259259259254 0.05332761578044597
9 0.602638888888889 0.21563464837049742 0.06330555555555556 0.04590909090909091
12 0.5029444444444444 0.8146826758147513 0.17131481481481484 0.053610634648370493
12 0.17049074074074075 0.478704974271012 0.11012037037037038 0.07119210977701544
12 0.22543518518518518 0.3957804459691252 0.15335185185185185 0.0425557461406518
12 0.44243518518518515 0.3391680960548885 0.12437962962962965 0.08714408233276158
12 0.37483333333333335 0.2179245283018868 0.10399074074074074 0.07794168096054888
12 0.7313611111111111 0.28484562607204117 0.09482407407407407 0.1431646655231561
12 0.26278703703703704 0.5782075471698114 0.1280462962962963 0.03692109777015437
12 0.35940740740740745 0.6705660377358491 0.1472037037037037 0.05354202401372213
12 0.6835092592592593 0.48385077186963976 0.054685185185185184 0.09521440823327615
9 0.4658981481481482 0.15015437392795886 0.05277777777777778 0.04873927958833619
9 0.03775925925925926 0.5813550600343054 0.05946296296296296 0.04664665523156089
9 0.04331481481481481 0.4392452830188679 0.08539814814814815 0.04029159519725557
7 0.8591574074074074 0.6005145797598628 0.11337037037037037 0.08839622641509433
7 0.8745925925925926 0.31686106346483706 0.13683333333333333 0.04939108061749572
7 0.878287037037037 0.47384219554030876 0.07757407407407407 0.0580360205831904
7 0.6628333333333334 0.17445969125214408 0.07628703703703704 0.05275300171526586
7 0.6964814814814815 0.2731132075471698 0.0732037037037037 0.05451972555746141
7 0.3313055555555556 0.29626929674099484 0.04287037037037037 0.049382504288164666
7 0.46805555555555556 0.30142367066895365 0.07562037037037037 0.05967409948542024
7 0.33562962962962967 0.3903516295025729 0.058916666666666666 0.055711835334476836
7 0.22975925925925925 0.44353344768439107 0.0805 0.0591680960548885
7 0.27081481481481484 0.5398970840480274 0.09224074074074075 0.04262435677530017
7 0.15752777777777777 0.5647684391080617 0.07677777777777778 0.06150943396226415
7 0.08622222222222223 0.5041509433962265 0.09342592592592593 0.07062607204116637
7 0.07757407407407407 0.6459777015437393 0.0761388888888889 0.07983704974271012
7 0.16616666666666668 0.6857204116638078 0.06443518518518519 0.04611492281303602
7 0.37144444444444447 0.7789451114922813 0.07868518518518519 0.0816123499142367
7 0.6631388888888889 0.770934819897084 0.06578703703703703 0.0724614065180103
7 0.27605555555555555 0.20563464837049744 0.04717592592592593 0.06363636363636364
7 0.42021296296296295 0.16903087478559176 0.07251851851851851 0.05904802744425385
7 0.49675925925925923 0.12985420240137222 0.06265740740740741 0.025283018867924528