14 0.5 0.524442538593482 1 0.8927958833619211
9 0.42777777777777776 0.20025728987993138 0.05462962962962963 0.05660377358490566
9 0.24722222222222223 0.18224699828473415 0.06759259259259259 0.04974271012006861
9 0.19398148148148148 0.2388507718696398 0.037037037037037035 0.03430531732418525
9 0.11898148148148148 0.34777015437392794 0.06851851851851852 0.044596912521440824
9 0.2388888888888889 0.34991423670668953 0.05648148148148148 0.04631217838765009
9 0.16620370370370371 0.6295025728987993 0.07777777777777778 0.0548885077186964
9 0.24351851851851852 0.8010291595197255 0.06481481481481481 0.0660377358490566
9 0.5861111111111111 0.6578044596912521 0.06666666666666667 0.05317324185248713
9 0.7421296296296296 0.4832761578044597 0.06018518518518518 0.05231560891938251
9 0.7277777777777777 0.565180102915952 0.06851851851851852 0.05917667238421955
9 0.9092592592592592 0.5051457975986278 0.06574074074074074 0.03945111492281304
9 0.8296296296296296 0.282590051457976 0.05 0.04631217838765009
9 0.7305555555555555 0.1835334476843911 0.05925925925925926 0.054030874785591765
9 0.6078703703703704 0.217409948542024 0.06388888888888888 0.04631217838765009
12 0.49722222222222223 0.8147512864493996 0.17222222222222222 0.05574614065180103
12 0.17083333333333334 0.4734133790737564 0.1111111111111111 0.07289879931389365
12 0.2273148148148148 0.3915094339622642 0.1537037037037037 0.044596912521440824
12 0.44537037037037036 0.338336192109777 0.1259259259259259 0.08833619210977701
12 0.3800925925925926 0.21612349914236706 0.10555555555555556 0.0797598627787307
12 0.7351851851851852 0.2885934819897084 0.09722222222222222 0.14493996569468268
12 0.26157407407407407 0.5741852487135506 0.1287037037037037 0.038593481989708404
12 0.3560185185185185 0.6680960548885078 0.14814814814814814 0.05574614065180103
12 0.6837962962962963 0.48670668953687823 0.05648148148148148 0.09605488850771869
9 0.4726851851851852 0.14965694682675815 0.053703703703703705 0.04888507718696398
9 0.03611111111111111 0.5737564322469982 0.06018518518518518 0.04716981132075472
9 0.044444444444444446 0.4318181818181818 0.08611111111111111 0.04202401372212693
7 0.8574074074074074 0.6063464837049742 0.11481481481481481 0.09005145797598628
7 0.8777777777777778 0.32289879931389365 0.13703703703703704 0.051457975986277875
7 0.8787037037037037 0.4798456260720412 0.07777777777777778 0.05917667238421955
7 0.6689814814814815 0.17710120068610635 0.07685185185185185 0.054030874785591765
7 0.700925925925926 0.27615780445969124 0.07407407407407407 0.05574614065180103
7 0.3351851851851852 0.2937392795883362 0.04351851851851852 0.04974271012006861
7 0.47175925925925927 0.30102915951972553 0.07592592592592592 0.060891938250428816
7 0.3375 0.3876500857632933 0.05925925925925926 0.05660377358490566
7 0.2310185185185185 0.4391080617495712 0.08148148148148149 0.060891938250428816
7 0.26990740740740743 0.5360205831903945 0.09259259259259259 0.04373927958833619
7 0.15648148148148147 0.5591766723842195 0.07777777777777778 0.06260720411663807
7 0.08611111111111111 0.4974271012006861 0.09444444444444444 0.07204116638078903
7 0.075 0.6389365351629502 0.07777777777777778 0.08061749571183534
7 0.1625 0.6801029159519726 0.06481481481481481 0.04631217838765009
7 0.3662037037037037 0.7770154373927959 0.08055555555555556 0.08319039451114923
7 0.6578703703703703 0.7735849056603774 0.06666666666666667 0.07289879931389365
7 0.2814814814814815 0.20197255574614065 0.04814814814814815 0.06432246998284734
7 0.4263888888888889 0.1676672384219554 0.07314814814814814 0.060034305317324184
7 0.5037037037037037 0.12993138936535162 0.06296296296296296 0.025728987993138937