14 0.5 0.5166666666666667 1 0.9666666666666667
11 0.5532407407407407 0.6766666666666666 0.3277777777777778 0.2725925925925926
11 0.22962962962962963 0.3655555555555556 0.2935185185185185 0.20444444444444446
11 0.4981481481481482 0.2911111111111111 0.2712962962962963 0.20148148148148148
11 0.2564814814814815 0.6788888888888889 0.1925925925925926 0.18888888888888888
11 0.3509259259259259 0.5392592592592592 0.18796296296296297 0.14296296296296296
11 0.5009259259259259 0.4740740740740741 0.1259259259259259 0.13777777777777778
11 0.725925925925926 0.5174074074074074 0.3398148148148148 0.24074074074074073
8 0.7337962962962963 0.5337037037037037 0.125 0.10148148148148148
8 0.3907407407407407 0.6570370370370371 0.09814814814814815 0.07555555555555556
8 0.28935185185185186 0.7448148148148148 0.10833333333333334 0.10222222222222223
8 0.15833333333333333 0.4651851851851852 0.1712962962962963 0.10592592592592592
8 0.4013888888888889 0.43296296296296294 0.10462962962962963 0.0725925925925926
8 0.2212962962962963 0.3411111111111111 0.11203703703703703 0.07407407407407407
8 0.3013888888888889 0.25592592592592595 0.11666666666666667 0.08074074074074074
2 0.3587962962962963 0.23185185185185186 0.13240740740740742 0.07407407407407407
2 0.5768518518518518 0.44555555555555554 0.08981481481481482 0.08444444444444445
2 0.17685185185185184 0.5611111111111111 0.14074074074074075 0.08518518518518518
8 0.3638888888888889 0.38037037037037036 0.05555555555555555 0.040740740740740744
8 0.5314814814814814 0.3851851851851852 0.07962962962962963 0.06592592592592593
8 0.7148148148148148 0.4688888888888889 0.10092592592592593 0.0674074074074074