14 0.5 0.5 1 1
9 0.35138888888888886 0.225557461406518 0.06574074074074074 0.06518010291595197
9 0.17175925925925925 0.24828473413379074 0.07685185185185185 0.06174957118353345
9 0.13472222222222222 0.315180102915952 0.04351851851851852 0.04030874785591767
9 0.09027777777777778 0.43739279588336194 0.07685185185185185 0.05660377358490566
9 0.2074074074074074 0.41295025728987994 0.06481481481481481 0.05574614065180103
9 0.20972222222222223 0.7002572898799314 0.08796296296296297 0.0686106346483705
9 0.3296296296296296 0.8494854202401372 0.07777777777777778 0.07718696397941681
9 0.624537037037037 0.6337907375643225 0.07685185185185185 0.06432246998284734
9 0.7300925925925926 0.42967409948542024 0.07037037037037037 0.06260720411663807
9 0.7379629629629629 0.5124356775300172 0.07962962962962963 0.0711835334476844
9 0.8981481481481481 0.41337907375643224 0.07222222222222222 0.051457975986277875
9 0.762962962962963 0.21526586620926244 0.05925925925925926 0.0548885077186964
9 0.6412037037037037 0.14150943396226415 0.07037037037037037 0.06432246998284734
9 0.5310185185185186 0.20154373927958832 0.07222222222222222 0.057461406518010294
12 0.5791666666666667 0.8061749571183533 0.17962962962962964 0.08747855917667238
12 0.1736111111111111 0.5480274442538593 0.125 0.09262435677530018
12 0.20694444444444443 0.45583190394511147 0.15925925925925927 0.07289879931389365
12 0.4046296296296296 0.35548885077186965 0.14166666666666666 0.11063464837049743
12 0.30972222222222223 0.25128644939965694 0.12037037037037036 0.09777015437392796
12 0.6731481481481482 0.24228130360205832 0.12685185185185185 0.1595197255574614
12 0.287962962962963 0.6256432246998285 0.13333333333333333 0.06260720411663807
12 0.4046296296296296 0.6955403087478559 0.15648148148148147 0.0823327615780446
12 0.675 0.44596912521440824 0.07592592592592592 0.10377358490566038
9 0.3819444444444444 0.16638078902229847 0.06296296296296296 0.058319039451114926
9 0.06944444444444445 0.6753859348198971 0.06944444444444445 0.057461406518010294
9 0.043055555555555555 0.5360205831903945 0.08611111111111111 0.05660377358490566
7 0.874537037037037 0.5231560891938251 0.13148148148148148 0.1097770154373928
7 0.8203703703703704 0.24356775300171526 0.14444444444444443 0.07632933104631218
7 0.862037037037037 0.3957975986277873 0.08888888888888889 0.07204116638078903
7 0.5796296296296296 0.14879931389365353 0.08703703703703704 0.06689536878216124
7 0.6365740740740741 0.23799313893653518 0.08425925925925926 0.06775300171526587
7 0.2861111111111111 0.33662092624356776 0.053703703703703705 0.05660377358490566
7 0.42083333333333334 0.3130360205831904 0.08796296296296297 0.07375643224699828
7 0.31342592592592594 0.42753001715265865 0.07037037037037037 0.06689536878216124
7 0.22314814814814815 0.5012864493996569 0.09259259259259259 0.07461406518010291
7 0.2865740740740741 0.5866209262435678 0.1 0.060034305317324184
7 0.18194444444444444 0.6346483704974271 0.08981481481481482 0.07547169811320754
7 0.09768518518518518 0.5900514579759862 0.10833333333333334 0.08833619210977701
7 0.12407407407407407 0.7302744425385935 0.09351851851851851 0.09348198970840481
7 0.2199074074074074 0.7504288164665524 0.07314814814814814 0.057461406518010294
7 0.4425925925925926 0.7984562607204116 0.0962962962962963 0.09605488850771869
7 0.7245370370370371 0.7298456260720412 0.08148148148148149 0.08404802744425385
7 0.2101851851851852 0.25986277873070324 0.06111111111111111 0.07204116638078903
7 0.3416666666666667 0.19425385934819897 0.08518518518518518 0.07289879931389365
7 0.40694444444444444 0.1402229845626072 0.06666666666666667 0.03687821612349914