14 0.5 0.4727191413237925 1 0.9275491949910555
11 0.1675925925925926 0.6413237924865832 0.10925925925925926 0.09570661896243292
11 0.10046296296296296 0.4883720930232558 0.09907407407407408 0.061717352415026835
11 0.12037037037037036 0.5487477638640429 0.0962962962962963 0.08050089445438283
11 0.12731481481481483 0.4396243291592129 0.07222222222222222 0.05366726296958855
11 0.034722222222222224 0.3416815742397138 0.06944444444444445 0.046511627906976744
11 0.05787037037037037 0.2880143112701252 0.06944444444444445 0.04382826475849732
11 0.1986111111111111 0.24194991055456172 0.07314814814814814 0.07155635062611806
11 0.23796296296296296 0.18470483005366725 0.075 0.05456171735241502
11 0.34675925925925927 0.1605545617173524 0.10092592592592593 0.06350626118067978
11 0.3037037037037037 0.30366726296958857 0.19074074074074074 0.08676207513416816
11 0.2638888888888889 0.41189624329159213 0.08055555555555556 0.05366726296958855
11 0.1625 0.38372093023255816 0.07592592592592592 0.06618962432915922
11 0.3541666666666667 0.4136851520572451 0.08518518518518518 0.06529516994633273
11 0.4393518518518518 0.389087656529517 0.07685185185185185 0.07155635062611806
11 0.4861111111111111 0.28711985688729874 0.11203703703703703 0.0626118067978533
11 0.5541666666666667 0.20885509838998212 0.0712962962962963 0.03756708407871199
11 0.6402777777777777 0.231216457960644 0.07314814814814814 0.055456171735241505
11 0.7125 0.2902504472271914 0.0712962962962963 0.052772808586762074
11 0.7041666666666667 0.3832737030411449 0.10092592592592593 0.0778175313059034
11 0.5884259259259259 0.35107334525939177 0.10555555555555556 0.09749552772808587
11 0.5939814814814814 0.4991055456171735 0.10277777777777777 0.06350626118067978
11 0.44351851851851853 0.5447227191413238 0.09444444444444444 0.07871198568872988
11 0.4236111111111111 0.674865831842576 0.11018518518518519 0.07245080500894455
11 0.29768518518518516 0.5268336314847942 0.09351851851851851 0.06976744186046512
11 0.7814814814814814 0.5603756708407871 0.1175925925925926 0.09481216457960644
11 0.9060185185185186 0.5 0.11203703703703703 0.07513416815742398
11 0.8662037037037037 0.37924865831842575 0.10185185185185185 0.07960644007155634
11 0.8495370370370371 0.24194991055456172 0.08796296296296297 0.07692307692307693
11 0.7282407407407407 0.1887298747763864 0.06851851851851852 0.0518783542039356
11 0.6055555555555555 0.17128801431127014 0.1287037037037037 0.07692307692307693
11 0.4439814814814815 0.21377459749552774 0.07592592592592592 0.05366726296958855
2 0.33240740740740743 0.22898032200357782 0.125 0.09123434704830054
2 0.24583333333333332 0.3501788908765653 0.09444444444444444 0.06440071556350627
2 0.6037037037037037 0.4597495527728086 0.14351851851851852 0.1001788908765653
2 0.6541666666666667 0.3009838998211091 0.0824074074074074 0.08586762075134168
4 0.7106481481481481 0.667262969588551 0.34629629629629627 0.24329159212880144
4 0.8462962962962963 0.28577817531305905 0.2611111111111111 0.20930232558139536
4 0.1 0.3300536672629696 0.2 0.11806797853309481