14 0.5 0.5262314814814815 1 0.9475277777777779
9 0.19950925925925925 0.5415277777777778 0.1459351851851852 0.09664814814814815
9 0.4047777777777778 0.4436666666666667 0.16018518518518518 0.08239814814814814
9 0.3831759259259259 0.5183611111111112 0.12437037037037037 0.07191666666666667
9 0.48380555555555554 0.6310648148148148 0.11822222222222223 0.12014814814814814
9 0.56375 0.4760833333333333 0.13367592592592592 0.10649074074074075
9 0.8026666666666666 0.47793518518518513 0.12262037037037038 0.07315740740740741
9 0.41002777777777777 0.32851851851851854 0.14475000000000002 0.09532407407407407
9 0.36897222222222226 0.21985185185185185 0.08855555555555555 0.06069444444444444
9 0.2177222222222222 0.19886111111111113 0.1416111111111111 0.0705648148148148
9 0.13900925925925925 0.3661851851851852 0.17308333333333334 0.07927777777777778
9 0.35138888888888886 0.4421203703703704 0.22746296296296295 0.08055555555555556
11 0.650175925925926 0.21954629629629632 0.09171296296296295 0.07118518518518518
11 0.8891018518518519 0.28714814814814815 0.14733333333333334 0.054546296296296294
9 0.7471018518518519 0.66625 0.10037962962962962 0.1090462962962963
9 0.04887037037037037 0.22757407407407407 0.052055555555555556 0.05761111111111111
9 0.1454814814814815 0.12476851851851851 0.03417592592592592 0.026074074074074076