14 0.5 0.48055555555555557 1 0.9611111111111111
11 0.5912037037037037 0.5796296296296296 0.2638888888888889 0.20462962962962963
11 0.1388888888888889 0.375 0.23425925925925925 0.1685185185185185
11 0.4412037037037037 0.2689814814814815 0.18425925925925926 0.15462962962962962
11 0.7532407407407408 0.44074074074074077 0.22037037037037038 0.18055555555555555
11 0.3458333333333333 0.1398148148148148 0.15 0.09351851851851851
11 0.500462962962963 0.08842592592592592 0.12962962962962962 0.07777777777777778
11 0.6268518518518519 0.12222222222222222 0.08796296296296297 0.07592592592592592
11 0.6097222222222223 0.19212962962962962 0.07777777777777778 0.10092592592592593
11 0.7763888888888889 0.25092592592592594 0.15462962962962962 0.1
7 0.17546296296296296 0.4273148148148148 0.25925925925925924 0.20092592592592592
7 0.8731481481481481 0.5578703703703703 0.2537037037037037 0.2101851851851852
7 0.6291666666666667 0.5458333333333333 0.3287037037037037 0.26944444444444443
7 0.7592592592592593 0.26481481481481484 0.26296296296296295 0.17592592592592593
7 0.9472222222222222 0.36064814814814816 0.10555555555555556 0.12314814814814815
7 0.9476851851851852 0.22962962962962963 0.10462962962962963 0.12037037037037036
7 0.10833333333333334 0.18935185185185185 0.15462962962962962 0.19074074074074074
7 0.22407407407407406 0.058333333333333334 0.14351851851851852 0.09259259259259259
7 0.37083333333333335 0.04351851851851852 0.1638888888888889 0.08703703703703704
7 0.5740740740740741 0.05277777777777778 0.13796296296296295 0.07777777777777778
7 0.7111111111111111 0.1425925925925926 0.10833333333333334 0.05277777777777778
7 0.8060185185185185 0.08518518518518518 0.10648148148148148 0.06111111111111111
4 0.43425925925925923 0.387037037037037 0.46111111111111114 0.27685185185185185
4 0.861574074074074 0.712037037037037 0.2351851851851852 0.17314814814814813
4 0.24444444444444444 0.19768518518518519 0.18611111111111112 0.2101851851851852