14 0.5 0.4949074074074074 1 0.9898148148148148
11 0.5856481481481481 0.5856481481481481 0.2722222222222222 0.21944444444444444
11 0.14814814814814814 0.35 0.24074074074074073 0.1814814814814815
11 0.45740740740740743 0.2652777777777778 0.19074074074074074 0.1648148148148148
11 0.7569444444444444 0.4587962962962963 0.22777777777777777 0.19166666666666668
11 0.3712962962962963 0.12962962962962962 0.1527777777777778 0.10185185185185185
11 0.5291666666666667 0.08935185185185185 0.13240740740740742 0.08518518518518518
11 0.6527777777777778 0.13194444444444445 0.09166666666666666 0.08055555555555556
11 0.6310185185185185 0.20046296296296295 0.08333333333333333 0.10462962962962963
11 0.7930555555555555 0.2708333333333333 0.1574074074074074 0.10925925925925926
7 0.1814814814814815 0.4046296296296296 0.2675925925925926 0.21481481481481482
7 0.8680555555555556 0.5842592592592593 0.2638888888888889 0.22407407407407406
7 0.6259259259259259 0.5546296296296296 0.34074074074074073 0.28703703703703703
7 0.775 0.2833333333333333 0.26944444444444443 0.19074074074074074
7 0.95 0.3939814814814815 0.1 0.13055555555555556
7 0.9555555555555556 0.26342592592592595 0.08888888888888889 0.1287037037037037
7 0.1310185185185185 0.16296296296296298 0.1648148148148148 0.19722222222222222
7 0.2550925925925926 0.04537037037037037 0.14722222222222223 0.09074074074074075
7 0.40324074074074073 0.04212962962962963 0.1675925925925926 0.08425925925925926
7 0.6050925925925926 0.0587962962962963 0.14074074074074075 0.08611111111111111
7 0.7356481481481482 0.15833333333333333 0.10925925925925926 0.05925925925925926
7 0.8342592592592593 0.10740740740740741 0.10833333333333334 0.06759259259259259
4 0.44212962962962965 0.38287037037037036 0.46944444444444444 0.3037037037037037
4 0.8458333333333333 0.736574074074074 0.24166666666666667 0.18611111111111112
4 0.2662037037037037 0.18055555555555555 0.1962962962962963 0.21851851851851853