14 0.5 0.49717592592592597 1 0.9782962962962962
8 0.6711666666666667 0.2741851851851852 0.05962037037037037 0.0656574074074074
8 0.3248240740740741 0.12106481481481482 0.05583333333333333 0.07793518518518519
8 0.33532407407407405 0.36186111111111113 0.06941666666666667 0.07063888888888889
8 0.24457407407407405 0.2371388888888889 0.0879074074074074 0.08046296296296297
8 0.06800925925925926 0.39581481481481484 0.10515740740740741 0.05706481481481482
8 0.18561111111111112 0.4946018518518518 0.06999074074074074 0.05463888888888889
8 0.18962962962962965 0.7869537037037037 0.06690740740740742 0.04303703703703703
8 0.3047685185185185 0.7724444444444445 0.07866666666666666 0.06216666666666667
8 0.4396574074074074 0.7897314814814814 0.05586111111111111 0.05229629629629629
8 0.5106574074074074 0.770287037037037 0.06451851851851853 0.07637037037037038
8 0.7418518518518519 0.7205740740740741 0.0639537037037037 0.04733333333333333
8 0.6538796296296296 0.6042037037037037 0.054675925925925926 0.11457407407407406
8 0.48534259259259255 0.4597222222222222 0.10278703703703704 0.055240740740740736
8 0.5776388888888889 0.4402685185185185 0.06144444444444445 0.04967592592592592
8 0.452 0.34426851851851853 0.058333333333333334 0.091
8 0.7495740740740741 0.41989814814814813 0.060870370370370366 0.04596296296296296
8 0.4970740740740741 0.15965740740740741 0.06698148148148149 0.047703703703703706
8 0.19673148148148148 0.7002037037037038 0.0774074074074074 0.051027777777777776
8 0.3334722222222222 0.5193055555555556 0.08052777777777778 0.05959259259259259