14 0.49773148148148144 0.5141038318912238 0.8067592592592592 0.8363164400494438
12 0.29683333333333334 0.6185290482076637 0.13246296296296298 0.09512978986402966
12 0.38325000000000004 0.7283312731767615 0.09682407407407406 0.09930778739184179
12 0.4595462962962963 0.5979233621755253 0.09810185185185186 0.1457601977750309
12 0.5933796296296296 0.5369839307787392 0.09328703703703704 0.0980469715698393
12 0.58875 0.637070457354759 0.12371296296296297 0.09337453646477133
12 0.5543518518518519 0.7365636588380717 0.08666666666666666 0.0945982694684796
12 0.7263333333333334 0.6859085290482076 0.11316666666666667 0.16211372064276885
12 0.7243518518518518 0.5411124845488257 0.08537962962962962 0.12747836835599505
12 0.7598518518518519 0.44749072929542644 0.12199074074074075 0.10977750309023486
12 0.5023240740740741 0.19904820766378245 0.08312037037037037 0.12144622991347342
12 0.36871296296296296 0.21935723114956737 0.13336111111111112 0.07377008652657602
12 0.26463888888888887 0.29353522867737947 0.1421574074074074 0.08792336217552534
12 0.6473981481481482 0.21935723114956737 0.10873148148148148 0.15854140914709516
7 0.2500833333333333 0.392150803461063 0.1183425925925926 0.055587144622991344
7 0.19518518518518518 0.4471817058096415 0.06937962962962964 0.035636588380716934
7 0.302787037037037 0.5007663782447466 0.14701851851851852 0.04327564894932014
7 0.2818425925925926 0.5725834363411619 0.13951851851851851 0.0815080346106304
7 0.4513888888888889 0.4657478368355995 0.08443518518518518 0.08976514215080347
7 0.3762037037037037 0.36860321384425215 0.11661111111111111 0.09326328800988876
7 0.5722222222222222 0.3856860321384425 0.1462037037037037 0.14860321384425215
7 0.7183981481481482 0.3474042027194067 0.1502037037037037 0.09325092707045735
7 0.640787037037037 0.21522867737948084 0.06375 0.07258343634116193
7 0.5168703703703704 0.17872682323856615 0.07518518518518519 0.07728059332509271
7 0.4053055555555556 0.20491965389369593 0.05311111111111111 0.04137206427688504