14 0.5 0.4177777777777778 1 0.8355555555555556
11 0.40324074074074073 0.6233333333333333 0.125 0.08444444444444445
11 0.524074074074074 0.6644444444444444 0.11296296296296296 0.07925925925925927
11 0.6694444444444444 0.605925925925926 0.11388888888888889 0.07851851851851852
11 0.48055555555555557 0.54 0.07962962962962963 0.08666666666666667
11 0.5884259259259259 0.5066666666666667 0.12314814814814815 0.08444444444444445
11 0.875462962962963 0.397037037037037 0.10925925925925926 0.07555555555555556
11 0.6953703703703704 0.45185185185185184 0.09444444444444444 0.07407407407407407
11 0.7185185185185186 0.3422222222222222 0.09537037037037037 0.08444444444444445
11 0.5171296296296296 0.3874074074074074 0.11851851851851852 0.0837037037037037
11 0.41064814814814815 0.43925925925925924 0.10555555555555556 0.09111111111111111
11 0.3277777777777778 0.48777777777777775 0.11296296296296296 0.09851851851851852
11 0.2967592592592593 0.5762962962962963 0.10648148148148148 0.08222222222222222
11 0.1337962962962963 0.4922222222222222 0.11481481481481481 0.0725925925925926
11 0.07083333333333333 0.37296296296296294 0.12314814814814815 0.09851851851851852
11 0.07222222222222222 0.3 0.12777777777777777 0.08962962962962963
11 0.22870370370370371 0.3625925925925926 0.1111111111111111 0.08444444444444445
11 0.2861111111111111 0.11777777777777777 0.1111111111111111 0.09481481481481481
11 0.35509259259259257 0.26296296296296295 0.11574074074074074 0.0962962962962963
11 0.4689814814814815 0.15074074074074073 0.1 0.08666666666666667
11 0.4449074074074074 0.23222222222222222 0.06296296296296296 0.07185185185185185
11 0.5921296296296297 0.2588888888888889 0.10462962962962963 0.08666666666666667
11 0.4777777777777778 0.30148148148148146 0.1175925925925926 0.10666666666666667
11 0.3662037037037037 0.35259259259259257 0.11481481481481481 0.08814814814814814