14 0.48559259259259263 0.5321759259259259 0.83375 0.7887407407407407
11 0.5872037037037037 0.44212962962962965 0.0917037037037037 0.09042592592592592
11 0.49274999999999997 0.5477037037037037 0.08056481481481483 0.08676851851851851
11 0.4038425925925926 0.6507962962962963 0.08985185185185186 0.09224074074074075
11 0.5884444444444444 0.7082314814814815 0.10157407407407408 0.08189814814814815
11 0.5612685185185184 0.6044907407407407 0.10833333333333334 0.09596296296296296
11 0.5544907407407408 0.8002314814814815 0.10774074074074073 0.09551851851851852
11 0.43533333333333335 0.7977592592592593 0.06943518518518518 0.06835185185185184
11 0.7440185185185185 0.6625462962962962 0.10902777777777778 0.10163888888888889
11 0.6748703703703703 0.5526388888888889 0.08925 0.07442592592592592
11 0.6788796296296297 0.4696018518518519 0.07135185185185186 0.075
11 0.762537037037037 0.39273148148148146 0.07199074074074074 0.08793518518518519
11 0.7974074074074075 0.4714351851851852 0.08419444444444445 0.08428703703703704
11 0.6507962962962963 0.3217222222222222 0.10530555555555556 0.05703703703703704
8 0.2914907407407407 0.7014444444444444 0.07804629629629631 0.09795370370370371
4 0.36989814814814814 0.33871296296296294 0.1385648148148148 0.0947037037037037
4 0.24025925925925928 0.5829074074074073 0.19038888888888889 0.14235185185185187
4 0.5662222222222222 0.2723333333333333 0.1386111111111111 0.09158333333333334
5 0.1618425925925926 0.4050740740740741 0.04097222222222222 0.0385462962962963
5 0.16894444444444445 0.4822592592592593 0.07122222222222223 0.05216666666666667
5 0.24302777777777781 0.449537037037037 0.05889814814814815 0.06079629629629629
5 0.23777777777777778 0.5294907407407408 0.044694444444444446 0.03922222222222222
5 0.34396296296296297 0.5575833333333334 0.05706481481481482 0.04725925925925926
5 0.42792592592592593 0.4729907407407407 0.054620370370370375 0.05586111111111111
5 0.3377962962962963 0.4575555555555556 0.05212962962962963 0.047212962962962964
5 0.28994444444444445 0.41464814814814815 0.04162037037037037 0.03916666666666666
5 0.27728703703703705 0.36741666666666667 0.057055555555555554 0.059527777777777784
5 0.1819074074074074 0.381 0.05517592592592593 0.04964814814814814
5 0.3436574074074074 0.25134259259259256 0.045342592592592594 0.0495925925925926
5 0.4004537037037037 0.40075925925925926 0.05523148148148148 0.05212962962962963
5 0.4106388888888889 0.3458055555555556 0.03486111111111111 0.03851851851851852
5 0.46805555555555556 0.3451851851851852 0.06080555555555556 0.06692592592592593
5 0.5205277777777777 0.2735648148148148 0.04723148148148148 0.042194444444444444
5 0.5149722222222222 0.23744444444444443 0.043527777777777776 0.04773148148148148
5 0.5063333333333334 0.2976481481481481 0.08550925925925926 0.045907407407407404
5 0.5588055555555556 0.35198148148148145 0.03489814814814814 0.036055555555555556