14 0.49675925925925923 0.5135970333745364 0.8675925925925926 0.9431396786155748
12 0.28888888888888886 0.5896168108776267 0.1388888888888889 0.11372064276885044
12 0.3662037037037037 0.7107540173053152 0.1037037037037037 0.11248454882571075
12 0.45231481481481484 0.5914709517923362 0.10925925925925926 0.15822002472187885
12 0.5898148148148148 0.5500618046971569 0.10092592592592593 0.1100123609394314
12 0.5773148148148148 0.6489493201483313 0.13055555555555556 0.1100123609394314
12 0.5356481481481481 0.7428924598269468 0.09351851851851851 0.10630407911001236
12 0.7106481481481481 0.7163164400494437 0.1259259259259259 0.17676143386897405
12 0.7199074074074074 0.5723114956736712 0.09444444444444444 0.138442521631644
12 0.7625 0.48393077873918416 0.12962962962962962 0.1260815822002472
12 0.5259259259259259 0.20086526576019778 0.09166666666666666 0.13226205191594562
12 0.3912037037037037 0.2027194066749073 0.13796296296296295 0.09147095179233622
12 0.28194444444444444 0.2620519159456119 0.14814814814814814 0.10754017305315204
12 0.6685185185185185 0.24165636588380718 0.12129629629629629 0.173053152039555
7 0.25972222222222224 0.357849196538937 0.12222222222222222 0.07169344870210136
7 0.20092592592592592 0.40482076637824477 0.07222222222222222 0.04573547589616811
7 0.3037037037037037 0.47342398022249693 0.14907407407407408 0.0630407911001236
7 0.2773148148148148 0.542027194066749 0.14537037037037037 0.10012360939431397
7 0.45416666666666666 0.45920889987639063 0.09074074074074075 0.10135970333745364
7 0.387037037037037 0.3522867737948084 0.12314814814814815 0.1100123609394314
7 0.5805555555555556 0.396168108776267 0.1574074074074074 0.1681087762669963
7 0.7291666666666666 0.3788627935723115 0.15648148148148147 0.11372064276885044
7 0.6625 0.23671199011124847 0.06851851851851852 0.08034610630407911
7 0.5421296296296296 0.18294190358467244 0.08055555555555556 0.08776266996291718
7 0.4287037037037037 0.1934487021013597 0.05555555555555555 0.049443757725587144