14 0.4981481481481482 0.5142150803461063 0.8379629629629629 0.8912237330037083
12 0.30185185185185187 0.6322620519159456 0.1361111111111111 0.103831891223733
12 0.3925925925925926 0.7360939431396786 0.1 0.10506798516687268
12 0.4634259259259259 0.6007416563658838 0.1037037037037037 0.15203955500618047
12 0.5949074074074074 0.5302843016069221 0.09722222222222222 0.103831891223733
12 0.5939814814814814 0.630407911001236 0.12777777777777777 0.10135970333745364
12 0.5634259259259259 0.7323856613102596 0.09074074074074075 0.10012360939431397
12 0.7333333333333333 0.6699629171817059 0.11944444444444445 0.16934487021013597
12 0.725462962962963 0.5253399258343634 0.08981481481481482 0.1334981458590853
12 0.7574074074074074 0.4295426452410383 0.1259259259259259 0.11742892459826947
12 0.49074074074074076 0.19901112484548825 0.08703703703703704 0.1273176761433869
12 0.3578703703703704 0.22867737948084055 0.1361111111111111 0.08281829419035847
12 0.2569444444444444 0.31025957972805934 0.14537037037037037 0.09765142150803462
12 0.6361111111111111 0.20951792336217553 0.11481481481481481 0.1668726823238566
7 0.2462962962962963 0.40976514215080345 0.12037037037037036 0.06427688504326329
7 0.1935185185185185 0.4684796044499382 0.07037037037037037 0.0407911001236094
7 0.30324074074074076 0.5148331273176762 0.14814814814814814 0.05315203955500618
7 0.2851851851851852 0.5877626699629172 0.1425925925925926 0.09147095179233622
7 0.45 0.46909765142150806 0.08796296296296297 0.09641532756489493
7 0.3712962962962963 0.37762669962917184 0.12037037037037036 0.10135970333745364
7 0.5675925925925925 0.380716934487021 0.15185185185185185 0.15822002472187885
7 0.712037037037037 0.33250927070457353 0.1537037037037037 0.103831891223733
7 0.6296296296296297 0.2058096415327565 0.06574074074074074 0.07663782447466007
7 0.5041666666666667 0.17799752781211373 0.07777777777777778 0.08281829419035847
7 0.3939814814814815 0.21199011124845488 0.05462962962962963 0.04573547589616811