14 0.5 0.5160462962962963 1 0.9678981481481481
0 0.34119444444444447 0.4689907407407407 0.15893518518518518 0.13303703703703704
0 0.7875462962962962 0.46250925925925923 0.24423148148148147 0.12377777777777778
0 0.6937037037037037 0.1902222222222222 0.10839814814814815 0.11995370370370372
0 0.6045092592592592 0.30722222222222223 0.28185185185185185 0.11321296296296296
0 0.3504537037037037 0.21306481481481482 0.1626388888888889 0.08414814814814814
0 0.47547222222222224 0.6659537037037038 0.18674074074074073 0.17881481481481482
0 0.10381481481481482 0.3859444444444444 0.08047222222222222 0.08916666666666666
4 0.2038333333333333 0.6656481481481481 0.3299166666666667 0.2609351851851852
4 0.5980277777777778 0.4662222222222222 0.35408333333333336 0.2200925925925926
4 0.2748425925925926 0.28252777777777777 0.4003055555555555 0.2045925925925926