14 0.5 0.6133333333333333 1 0.7733333333333333
2 0.3527777777777778 0.4507407407407407 0.13148148148148148 0.11777777777777777
2 0.3050925925925926 0.6037037037037037 0.1 0.0962962962962963
2 0.5217592592592593 0.6496296296296297 0.15833333333333333 0.1385185185185185
2 0.575925925925926 0.47814814814814816 0.11851851851851852 0.13037037037037036
2 0.7162037037037037 0.5555555555555556 0.14629629629629629 0.09777777777777778
2 0.8296296296296296 0.664074074074074 0.15555555555555556 0.09333333333333334
4 0.537962962962963 0.5511111111111111 0.11296296296296296 0.0725925925925926
4 0.6675925925925926 0.6292592592592593 0.12962962962962962 0.1111111111111111
4 0.6773148148148148 0.8081481481481482 0.17592592592592593 0.15407407407407409
4 0.500462962962963 0.3959259259259259 0.13425925925925927 0.08148148148148149
4 0.30787037037037035 0.5462962962962963 0.24537037037037038 0.09111111111111111
4 0.8694444444444445 0.8881481481481481 0.12685185185185185 0.1
4 0.48657407407407405 0.7418518518518519 0.20925925925925926 0.18
4 0.7023148148148148 0.4725925925925926 0.1814814814814815 0.10148148148148148
14 0.7324074074074074 0.13555555555555557 0.5333333333333333 0.27111111111111114