14 0.5 0.4919957310565635 1 0.87940234791889
11 0.2675925925925926 0.3617929562433298 0.16296296296296298 0.10458911419423693
11 0.10046296296296296 0.4989327641408751 0.18611111111111112 0.15048025613660618
11 0.3162037037037037 0.6286019210245464 0.2212962962962963 0.17716115261472787
11 0.39166666666666666 0.4658484525080043 0.2064814814814815 0.11205976520811099
11 0.4444444444444444 0.37566702241195304 0.15185185185185185 0.13340448239060831
11 0.5777777777777777 0.6494130202774814 0.23148148148148148 0.192102454642476
11 0.6759259259259259 0.4951974386339381 0.2101851851851852 0.16755602988260407
11 0.8842592592592593 0.43009605122732125 0.19537037037037036 0.15795090715048027
11 0.8078703703703703 0.24226254002134473 0.16944444444444445 0.1056563500533618
11 0.6240740740740741 0.29935965848452506 0.1814814814814815 0.11205976520811099
11 0.5912037037037037 0.20277481323372465 0.13518518518518519 0.13660618996798293
11 0.4027777777777778 0.2214514407684098 0.13240740740740742 0.09711846318036287
11 0.2518518518518518 0.2529348986125934 0.15648148148148147 0.10032017075773746