14 0.5 0.5 1 1
11 0.3055555555555556 0.30324074074074076 0.1111111111111111 0.09907407407407408
11 0.20092592592592592 0.4083333333333333 0.11296296296296296 0.07222222222222222
11 0.09814814814814815 0.2462962962962963 0.10277777777777777 0.09166666666666666
11 0.06527777777777778 0.37546296296296294 0.12129629629629629 0.1
11 0.049074074074074076 0.5101851851851852 0.09814814814814815 0.11296296296296296
11 0.11018518518518519 0.7240740740740741 0.13703703703703704 0.14814814814814814
11 0.26666666666666666 0.5569444444444445 0.1398148148148148 0.12685185185185185
11 0.2810185185185185 0.7222222222222222 0.16018518518518518 0.13518518518518519
11 0.38842592592592595 0.5018518518518519 0.07314814814814814 0.08148148148148149
11 0.412962962962963 0.5912037037037037 0.12222222222222222 0.12129629629629629
11 0.46944444444444444 0.7490740740740741 0.14814814814814814 0.12962962962962962
11 0.6370370370370371 0.8069444444444445 0.15185185185185185 0.1361111111111111
11 0.5560185185185185 0.4736111111111111 0.11296296296296296 0.14166666666666666
11 0.5925925925925926 0.41203703703703703 0.12222222222222222 0.07685185185185185
11 0.5328703703703703 0.287962962962963 0.0962962962962963 0.12685185185185185
11 0.38287037037037036 0.2212962962962963 0.11944444444444445 0.09907407407407408
11 0.4305555555555556 0.3236111111111111 0.07685185185185185 0.06388888888888888
11 0.3384259259259259 0.08194444444444444 0.12129629629629629 0.09259259259259259
11 0.4777777777777778 0.1300925925925926 0.06111111111111111 0.0824074074074074
11 0.20833333333333334 0.16342592592592592 0.08611111111111111 0.06388888888888888
11 0.6152777777777778 0.16203703703703703 0.11574074074074074 0.09814814814814815
11 0.7675925925925926 0.19027777777777777 0.11666666666666667 0.10092592592592593
11 0.7180555555555556 0.3162037037037037 0.12129629629629629 0.07685185185185185
11 0.7300925925925926 0.40925925925925927 0.10462962962962963 0.10648148148148148
11 0.8416666666666667 0.43472222222222223 0.10740740740740741 0.10185185185185185
11 0.8550925925925926 0.5393518518518519 0.12129629629629629 0.08888888888888889
11 0.7129629629629629 0.513425925925926 0.10092592592592593 0.10462962962962963
11 0.7675925925925926 0.6708333333333333 0.12685185185185185 0.1287037037037037
11 0.5486111111111112 0.5967592592592592 0.05092592592592592 0.1259259259259259
7 0.37962962962962965 0.44907407407407407 0.1648148148148148 0.12222222222222222