14 0.5 0.572962962962963 1 0.8540740740740741
2 0.34074074074074073 0.4918518518518519 0.15833333333333333 0.13555555555555557
2 0.3578703703703704 0.6488888888888888 0.12222222222222222 0.10962962962962963
2 0.5814814814814815 0.6355555555555555 0.18981481481481483 0.16074074074074074
2 0.562962962962963 0.4596296296296296 0.14907407407407408 0.1451851851851852
2 0.7268518518518519 0.4962962962962963 0.16666666666666666 0.11925925925925926
2 0.8782407407407408 0.5692592592592592 0.17407407407407408 0.11703703703703704
4 0.5564814814814815 0.5385185185185185 0.12777777777777777 0.08962962962962963
4 0.7111111111111111 0.5785185185185185 0.15462962962962962 0.1288888888888889
4 0.7930555555555555 0.7451851851851852 0.2111111111111111 0.17851851851851852
4 0.45787037037037037 0.4014814814814815 0.15092592592592594 0.10222222222222223
4 0.337037037037037 0.5937037037037037 0.25925925925925924 0.13111111111111112
4 0.9662037037037037 0.7703703703703704 0.06759259259259259 0.11851851851851852
4 0.5856481481481481 0.7322222222222222 0.25 0.2088888888888889
4 0.6800925925925926 0.42148148148148146 0.20185185185185187 0.1288888888888889
14 0.5717592592592593 0.13592592592592592 0.5842592592592593 0.27185185185185184