14 0.5 0.5 1 1
11 0.2828703703703704 0.3282407407407407 0.11851851851851852 0.10833333333333334
11 0.19166666666666668 0.44583333333333336 0.11851851851851852 0.08148148148148149
11 0.0699074074074074 0.2972222222222222 0.11018518518518519 0.1
11 0.0587962962962963 0.42916666666666664 0.1175925925925926 0.11018518518518519
11 0.05416666666666667 0.5657407407407408 0.10833333333333334 0.12037037037037036
11 0.14027777777777778 0.7699074074074074 0.14907407407407408 0.15833333333333333
11 0.27546296296296297 0.5847222222222223 0.15 0.13796296296296295
11 0.30972222222222223 0.7472222222222222 0.17037037037037037 0.14814814814814814
11 0.38935185185185184 0.5157407407407407 0.07962962962962963 0.08796296296296297
11 0.425 0.6013888888888889 0.13240740740740742 0.13148148148148148
11 0.5 0.7509259259259259 0.15833333333333333 0.14166666666666666
11 0.6731481481481482 0.787962962962963 0.16203703703703703 0.14814814814814814
11 0.5527777777777778 0.4671296296296296 0.12407407407407407 0.15092592592592594
11 0.5810185185185185 0.4013888888888889 0.1287037037037037 0.08703703703703704
11 0.5069444444444444 0.28564814814814815 0.10648148148148148 0.13425925925925927
11 0.34953703703703703 0.23796296296296296 0.12685185185185185 0.10925925925925926
11 0.4097222222222222 0.3333333333333333 0.0824074074074074 0.07037037037037037
11 0.2884259259259259 0.1050925925925926 0.1287037037037037 0.10277777777777777
11 0.43287037037037035 0.13518518518518519 0.06759259259259259 0.08703703703703704
11 0.16944444444444445 0.2013888888888889 0.09166666666666666 0.07037037037037037
11 0.5731481481481482 0.15046296296296297 0.12314814814814815 0.10740740740740741
11 0.7277777777777777 0.1597222222222222 0.125 0.1111111111111111
11 0.6939814814814815 0.2912037037037037 0.12777777777777777 0.08703703703703704
11 0.7171296296296297 0.3819444444444444 0.11296296296296296 0.11481481481481481
11 0.8314814814814815 0.39351851851851855 0.11574074074074074 0.11018518518518519
11 0.8574074074074074 0.49583333333333335 0.12777777777777777 0.09907407407407408
11 0.7129629629629629 0.4875 0.10925925925925926 0.11296296296296296
11 0.7865740740740741 0.6365740740740741 0.13796296296296295 0.1388888888888889
11 0.5597222222222222 0.5902777777777778 0.062037037037037036 0.12962962962962962
7 0.37407407407407406 0.4638888888888889 0.175 0.1361111111111111