14 0.5 0.5 1 1
0 0.3574074074074074 0.42407407407407405 0.19074074074074074 0.17314814814814813
0 0.7861111111111111 0.5481481481481482 0.26944444444444443 0.18888888888888888
0 0.7759259259259259 0.2601851851851852 0.1388888888888889 0.14629629629629629
0 0.6564814814814814 0.34629629629629627 0.30277777777777776 0.19074074074074074
0 0.44074074074074077 0.18194444444444444 0.17962962962962964 0.12777777777777777
0 0.42824074074074076 0.6513888888888889 0.23055555555555557 0.225
0 0.15462962962962962 0.275 0.10277777777777777 0.10833333333333334
4 0.18194444444444444 0.5712962962962963 0.3638888888888889 0.34629629629629627
4 0.6037037037037037 0.4962962962962963 0.4027777777777778 0.3138888888888889
4 0.34814814814814815 0.2263888888888889 0.4425925925925926 0.31296296296296294