14 0.5 0.5 1 1
12 0.47824074074074074 0.6388888888888888 0.16666666666666666 0.22685185185185186
12 0.6944444444444444 0.6481481481481481 0.20277777777777778 0.2074074074074074
12 0.8175925925925925 0.45601851851851855 0.15925925925925927 0.14722222222222223
12 0.8078703703703703 0.2513888888888889 0.1111111111111111 0.12037037037037036
12 0.6236111111111111 0.2023148148148148 0.11851851851851852 0.11203703703703703
12 0.4125 0.15 0.17037037037037037 0.11203703703703703
12 0.23981481481481481 0.2412037037037037 0.1962962962962963 0.13425925925925927
12 0.35648148148148145 0.4185185185185185 0.2611111111111111 0.17407407407407408
6 0.4787037037037037 0.5138888888888888 0.03518518518518519 0.05277777777777778
6 0.33101851851851855 0.513425925925926 0.0824074074074074 0.06481481481481481
6 0.38796296296296295 0.5074074074074074 0.04351851851851852 0.062037037037037036
6 0.2865740740740741 0.39675925925925926 0.075 0.07407407407407407
6 0.3990740740740741 0.15694444444444444 0.08888888888888889 0.07962962962962963
6 0.3597222222222222 0.2324074074074074 0.06388888888888888 0.06388888888888888
6 0.3736111111111111 0.2902777777777778 0.06111111111111111 0.04722222222222222
6 0.45185185185185184 0.2412037037037037 0.058333333333333334 0.05555555555555555
6 0.4652777777777778 0.29305555555555557 0.025 0.02962962962962963
6 0.5365740740740741 0.31805555555555554 0.03148148148148148 0.03518518518518519
6 0.5375 0.1527777777777778 0.03981481481481482 0.032407407407407406
6 0.5032407407407408 0.18425925925925926 0.037037037037037035 0.04351851851851852
6 0.7111111111111111 0.33101851851851855 0.07314814814814814 0.07037037037037037
6 0.6430555555555556 0.3837962962962963 0.07592592592592592 0.09074074074074075
6 0.6652777777777777 0.3277777777777778 0.03611111111111111 0.04537037037037037
6 0.5782407407407407 0.44675925925925924 0.1527777777777778 0.09907407407407408
6 0.5574074074074075 0.5259259259259259 0.08333333333333333 0.08981481481481482
6 0.5087962962962963 0.7675925925925926 0.06851851851851852 0.058333333333333334
6 0.29444444444444445 0.7435185185185185 0.0712962962962963 0.05648148148148148
6 0.20833333333333334 0.5467592592592593 0.03981481481481482 0.04351851851851852
6 0.26666666666666666 0.5805555555555556 0.049074074074074076 0.04722222222222222
6 0.7217592592592592 0.6027777777777777 0.13148148148148148 0.09074074074074075
6 0.8162037037037037 0.45787037037037037 0.1 0.08148148148148149
6 0.837037037037037 0.3837962962962963 0.09259259259259259 0.06759259259259259
6 0.7407407407407407 0.7430555555555556 0.12407407407407407 0.10925925925925926
6 0.8328703703703704 0.6287037037037037 0.04814814814814815 0.05462962962962963
0 0.5319444444444444 0.3638888888888889 0.17407407407407408 0.09907407407407408
0 0.5763888888888888 0.12361111111111112 0.13518518518518519 0.08611111111111111
0 0.7935185185185185 0.3148148148148148 0.17962962962962964 0.10555555555555556
0 0.26296296296296295 0.4125 0.14907407407407408 0.18981481481481483
0 0.6787037037037037 0.46620370370370373 0.11203703703703703 0.14351851851851852
8 0.8023148148148148 0.5449074074074074 0.17685185185185184 0.10833333333333334
8 0.43194444444444446 0.5842592592592593 0.13703703703703704 0.13148148148148148
8 0.287962962962963 0.5717592592592593 0.15925925925925927 0.14722222222222223
8 0.5013888888888889 0.25462962962962965 0.10462962962962963 0.10462962962962963
8 0.7375 0.43796296296296294 0.10185185185185185 0.09907407407407408