14 0.5096481481481481 0.6227925925925926 0.9807129629629631 0.751762962962963
2 0.3497222222222222 0.45694814814814816 0.12382407407407406 0.11265925925925926
2 0.3119074074074074 0.6116074074074074 0.09449074074074074 0.09235555555555557
2 0.5314537037037037 0.6483481481481481 0.14933333333333335 0.1325037037037037
2 0.5742870370370371 0.4748518518518518 0.10998148148148149 0.12625185185185184
2 0.7193611111111111 0.5464740740740741 0.1408888888888889 0.09171111111111112
2 0.83975 0.649888888888889 0.15017592592592593 0.08742962962962963
4 0.5411018518518519 0.5495555555555556 0.10843518518518519 0.06824444444444444
4 0.6757592592592593 0.6221037037037037 0.12312962962962962 0.10594074074074075
4 0.6973703703703703 0.800237037037037 0.16635185185185186 0.14738518518518517
4 0.4936388888888889 0.39612592592592594 0.12925925925925924 0.0762074074074074
4 0.31113888888888885 0.5541851851851851 0.24111111111111108 0.08121481481481481
4 0.894537037037037 0.872162962962963 0.12087037037037036 0.09493333333333333
4 0.5025185185185186 0.7422 0.19794444444444445 0.17205925925925927
4 0.7000740740740741 0.4640444444444445 0.17637962962962964 0.09352592592592593
14 0.7085833333333333 0.1257185185185185 0.5174722222222222 0.251437037037037