14 0.5 0.5074074074074074 1 0.9851851851851852
0 0.3402777777777778 0.47453703703703703 0.16296296296296298 0.13796296296296295
0 0.7861111111111111 0.45231481481481484 0.24814814814814815 0.13148148148148148
0 0.6828703703703703 0.1837962962962963 0.11203703703703703 0.12314814814814815
0 0.5976851851851852 0.3037037037037037 0.2851851851851852 0.12314814814814815
0 0.34074074074074073 0.21851851851851853 0.1648148148148148 0.08981481481481482
0 0.48148148148148145 0.6666666666666666 0.1925925925925926 0.18518518518518517
0 0.1 0.4 0.08333333333333333 0.09166666666666666
4 0.20972222222222223 0.6759259259259259 0.3388888888888889 0.2722222222222222
4 0.5967592592592592 0.46296296296296297 0.3611111111111111 0.23148148148148148
4 0.2675925925925926 0.29074074074074074 0.4074074074074074 0.21851851851851853