14 0.500462962962963 0.5027777777777778 0.9990740740740741 0.9925925925925926
2 0.6435185185185185 0.5027777777777778 0.38425925925925924 0.3055555555555556
2 0.624537037037037 0.18703703703703703 0.14166666666666666 0.1962962962962963
2 0.37824074074074077 0.2569444444444444 0.1712962962962963 0.14166666666666666
2 0.3101851851851852 0.1087962962962963 0.2518518518518518 0.08055555555555556
2 0.08657407407407407 0.2212962962962963 0.17314814814814813 0.15
2 0.09907407407407408 0.3425925925925926 0.19814814814814816 0.058333333333333334
4 0.25277777777777777 0.5111111111111111 0.4787037037037037 0.287962962962963
4 0.5805555555555556 0.3731481481481482 0.22592592592592592 0.2675925925925926
4 0.49444444444444446 0.16944444444444445 0.11666666666666667 0.1814814814814815
4 0.22453703703703703 0.22916666666666666 0.17685185185185184 0.18981481481481483
4 0.7550925925925925 0.2037037037037037 0.13055555555555556 0.125