14 0.5009259259259259 0.6518518518518519 0.9981481481481481 0.6962962962962963
2 0.5037037037037037 0.49398148148148147 0.12037037037037036 0.09537037037037037
2 0.6467592592592593 0.4824074074074074 0.1 0.07592592592592592
2 0.663425925925926 0.6958333333333333 0.09074074074074075 0.11666666666666667
2 0.4736111111111111 0.7680555555555556 0.04814814814814815 0.08055555555555556
2 0.5481481481481482 0.6236111111111111 0.10092592592592593 0.0787037037037037
2 0.38055555555555554 0.8805555555555555 0.07962962962962963 0.1259259259259259
2 0.3425925925925926 0.7333333333333333 0.058333333333333334 0.03981481481481482
2 0.1412037037037037 0.9393518518518519 0.08981481481481482 0.11018518518518519
2 0.26666666666666666 0.48935185185185187 0.046296296296296294 0.08796296296296297
4 0.37777777777777777 0.44305555555555554 0.1537037037037037 0.09166666666666666
4 0.7680555555555556 0.5175925925925926 0.09907407407407408 0.07407407407407407
4 0.7342592592592593 0.8064814814814815 0.24351851851851852 0.1814814814814815
4 0.40694444444444444 0.6736111111111112 0.19814814814814816 0.10462962962962963
4 0.2074074074074074 0.6365740740740741 0.13148148148148148 0.10277777777777777
4 0.2412037037037037 0.9273148148148148 0.1287037037037037 0.13796296296296295
4 0.4356481481481482 0.9041666666666667 0.10925925925925926 0.14444444444444443