14 0.487962962962963 0.6007407407407407 0.975925925925926 0.7985185185185185
4 0.46574074074074073 0.43925925925925924 0.25277777777777777 0.16814814814814816
4 0.65 0.5507407407407408 0.16296296296296298 0.13407407407407407
4 0.31666666666666665 0.74 0.18333333333333332 0.0962962962962963
6 0.26157407407407407 0.8707407407407407 0.23796296296296296 0.15185185185185185
6 0.6 0.7181481481481482 0.11944444444444445 0.07407407407407407
6 0.513425925925926 0.5940740740740741 0.17777777777777778 0.12222222222222222
6 0.6888888888888889 0.3448148148148148 0.175 0.0962962962962963
6 0.674074074074074 0.44074074074074077 0.13333333333333333 0.08592592592592592
6 0.16666666666666666 0.5518518518518518 0.1 0.13555555555555557
15 0.5055555555555555 0.32814814814814813 0.15833333333333333 0.12074074074074075
15 0.7347222222222223 0.6503703703703704 0.19166666666666668 0.1362962962962963
15 0.25833333333333336 0.5137037037037037 0.12314814814814815 0.1622222222222222
15 0.24953703703703703 0.6388888888888888 0.0824074074074074 0.06518518518518518
6 0.262037037037037 0.3874074074074074 0.09537037037037037 0.08