14 0.5051388888888888 0.5 0.7349629629629629 1
3 0.5467777777777778 0.1550462962962963 0.2145462962962963 0.26441666666666663
3 0.543074074074074 0.5239537037037038 0.17009259259259257 0.29482407407407407
3 0.6881296296296295 0.7791851851851852 0.19164814814814815 0.3539629629629629
9 0.46064814814814814 0.5288703703703703 0.06821296296296296 0.06762037037037037
0 0.7075925925925927 0.4865925925925926 0.1324722222222222 0.17935185185185185
0 0.7208703703703704 0.6613148148148148 0.1701388888888889 0.14362037037037037
0 0.7128333333333333 0.17416666666666666 0.1121111111111111 0.09525
0 0.6409074074074074 0.3149166666666667 0.14164814814814813 0.10473148148148148
4 0.5356574074074074 0.8298796296296296 0.1404537037037037 0.20666666666666667
4 0.7174722222222222 0.07414814814814814 0.13000925925925927 0.13965740740740742
4 0.7545092592592593 0.47362037037037036 0.0781574074074074 0.10896296296296297
4 0.49892592592592594 0.3174074074074074 0.11513888888888889 0.08543518518518518