14 0.5 0.4537037037037037 1 0.9074074074074074
15 0.5069444444444444 0.6569444444444444 0.12962962962962962 0.15462962962962962
15 0.6439814814814815 0.5060185185185185 0.175 0.14537037037037037
15 0.7486111111111111 0.40694444444444444 0.1574074074074074 0.0962962962962963
15 0.5361111111111111 0.23657407407407408 0.1259259259259259 0.13425925925925927
15 0.33425925925925926 0.29583333333333334 0.14629629629629629 0.11944444444444445
15 0.15324074074074073 0.4393518518518518 0.18611111111111112 0.08425925925925926
12 0.21203703703703702 0.5282407407407408 0.22685185185185186 0.15925925925925927
12 0.3337962962962963 0.6027777777777777 0.2361111111111111 0.1648148148148148
12 0.6 0.49212962962962964 0.18703703703703703 0.17777777777777778
12 0.7398148148148148 0.3087962962962963 0.2064814814814815 0.14351851851851852
12 0.6712962962962963 0.19768518518518519 0.18981481481481483 0.14166666666666666
12 0.49722222222222223 0.13657407407407407 0.18796296296296297 0.14537037037037037
12 0.3925925925925926 0.1814814814814815 0.18333333333333332 0.15648148148148147
9 0.8162037037037037 0.20555555555555555 0.062037037037037036 0.05740740740740741
9 0.8962962962962963 0.32175925925925924 0.1 0.06759259259259259
9 0.7875 0.5175925925925926 0.08703703703703704 0.07222222222222222
9 0.6138888888888889 0.32916666666666666 0.06481481481481481 0.05555555555555555
9 0.43472222222222223 0.31342592592592594 0.06944444444444445 0.06666666666666667
9 0.30324074074074076 0.4217592592592593 0.0824074074074074 0.07777777777777778
9 0.4898148148148148 0.5430555555555555 0.07222222222222222 0.058333333333333334
9 0.2810185185185185 0.5328703703703703 0.06388888888888888 0.05092592592592592
9 0.07962962962962963 0.48935185185185187 0.09259259259259259 0.05462962962962963
9 0.15 0.6587962962962963 0.07777777777777778 0.06574074074074074
11 0.3675925925925926 0.44814814814814813 0.09814814814814815 0.10277777777777777
11 0.45416666666666666 0.40324074074074073 0.05555555555555555 0.05740740740740741
11 0.5486111111111112 0.337037037037037 0.07592592592592592 0.058333333333333334
11 0.17407407407407408 0.3819444444444444 0.09722222222222222 0.06851851851851852
8 0.23148148148148148 0.23194444444444445 0.1287037037037037 0.1
8 0.7856481481481481 0.4601851851851852 0.11574074074074074 0.08333333333333333
8 0.8666666666666667 0.2518518518518518 0.11851851851851852 0.1111111111111111
8 0.5972222222222222 0.4 0.12685185185185185 0.07592592592592592
7 0.4449074074074074 0.4842592592592593 0.06574074074074074 0.1111111111111111
8 0.08333333333333333 0.5453703703703704 0.06574074074074074 0.0787037037037037
11 0.21481481481481482 0.6648148148148149 0.07777777777777778 0.08148148148148149
11 0.6699074074074074 0.6185185185185185 0.07592592592592592 0.06574074074074074
7 0.5578703703703703 0.6046296296296296 0.11574074074074074 0.15833333333333333