14 0.5164402173913044 0.4389538043478261 0.928695652173913 0.7805434782608696
11 0.45714673913043474 0.15150815217391306 0.06963315217391304 0.08335597826086957
11 0.5126086956521739 0.291875 0.0854483695652174 0.07876358695652173
11 0.6405163043478261 0.3297961956521739 0.08309782608695651 0.06629076086956522
11 0.7321875 0.5488315217391304 0.08983695652173913 0.08997282608695652
11 0.8397554347826086 0.5777173913043478 0.10264945652173912 0.09002717391304349
11 0.8827581521739131 0.48319293478260866 0.1117391304347826 0.08206521739130435
11 0.8527717391304348 0.3818885869565217 0.09699728260869565 0.07408967391304348
11 0.7180706521739131 0.40622282608695653 0.1082336956521739 0.07297554347826087
11 0.7259646739130434 0.19339673913043479 0.08418478260869565 0.058437499999999996
11 0.7870923913043477 0.2783016304347826 0.08414402173913044 0.08423913043478261
11 0.6309239130434783 0.2364266304347826 0.09233695652173912 0.07289402173913043
11 0.5510869565217391 0.1956521739130435 0.08089673913043478 0.09012228260869565
11 0.5335461956521739 0.1130163043478261 0.06619565217391304 0.060733695652173916
11 0.5963722826086957 0.4424320652173913 0.07634510869565217 0.09455163043478261
11 0.7519972826086957 0.4763858695652174 0.08190217391304348 0.06736413043478261
11 0.7707201086956522 0.6541304347826087 0.145625 0.07987771739130435
11 0.6518614130434782 0.7367663043478261 0.12516304347826088 0.09123641304347826
11 0.5143342391304347 0.7265760869565218 0.09452445652173912 0.11160326086956522
11 0.5975271739130434 0.6094157608695652 0.09797554347826087 0.08099184782608695
11 0.5194157608695652 0.4797961956521739 0.06396739130434782 0.06168478260869565
11 0.4011413043478261 0.6569565217391304 0.07633152173913044 0.08100543478260869
11 0.4492527173913043 0.5669701086956522 0.09561141304347827 0.09115489130434783
11 0.3949184782608696 0.4809375 0.09557065217391304 0.04584239130434783
11 0.42547554347826083 0.41527173913043475 0.07521739130434782 0.05486413043478261
11 0.5041440217391304 0.3739538043478261 0.07414402173913044 0.06277173913043478
11 0.4192527173913043 0.33377717391304346 0.08088315217391305 0.06841032608695652
11 0.3700135869565217 0.26133152173913043 0.09103260869565218 0.06384510869565217
11 0.3094565217391304 0.18095108695652176 0.09665760869565218 0.07513586956521738
11 0.21042119565217393 0.22509510869565216 0.09771739130434783 0.05478260869565217
11 0.21381793478260872 0.280570652173913 0.0909375 0.06612771739130435
11 0.12552989130434783 0.27150815217391305 0.07729619565217391 0.043478260869565216
11 0.100625 0.38811141304347824 0.08633152173913043 0.08202445652173913
11 0.19230978260869563 0.3683016304347826 0.06601902173913043 0.07408967391304348
11 0.24664402173913044 0.47414402173913045 0.09322010869565217 0.07300271739130434
11 0.34171195652173914 0.3943342391304348 0.0661141304347826 0.08994565217391305
11 0.34172554347826084 0.5522554347826086 0.09327445652173914 0.09341032608695653
11 0.28682065217391306 0.6297961956521739 0.08758152173913043 0.09457880434782609
11 0.21099184782608696 0.561304347826087 0.10338315217391304 0.08888586956521739
11 0.09157608695652175 0.5007472826086957 0.1044429347826087 0.05376358695652174
11 0.4725679347826087 0.2256929347826087 0.08802989130434784 0.06980978260869565