14 0.5046296296296297 0.5 0.8351851851851851 1
3 0.5106481481481482 0.15185185185185185 0.24074074074074073 0.2851851851851852
3 0.5453703703703704 0.5194444444444445 0.19907407407407407 0.3111111111111111
3 0.7162037037037037 0.7578703703703704 0.22777777777777777 0.37222222222222223
9 0.4638888888888889 0.5328703703703703 0.07407407407407407 0.07407407407407407
0 0.7050925925925926 0.4648148148148148 0.15 0.19166666666666668
0 0.736574074074074 0.6375 0.18333333333333332 0.16018518518518518
0 0.6777777777777778 0.1537037037037037 0.12129629629629629 0.10648148148148148
0 0.6208333333333333 0.3013888888888889 0.15185185185185185 0.11851851851851852
4 0.5699074074074074 0.8245370370370371 0.16111111111111112 0.22037037037037038
4 0.6717592592592593 0.06481481481481481 0.14351851851851852 0.12962962962962962
4 0.750462962962963 0.44722222222222224 0.08888888888888889 0.11574074074074074
4 0.47962962962962963 0.31851851851851853 0.12314814814814815 0.09722222222222222