14 0.5005185185185185 0.44925925925925925 0.9989722222222223 0.7236296296296296
15 0.4740462962962963 0.6550740740740741 0.1033425925925926 0.13635185185185184
15 0.6396388888888889 0.5357592592592593 0.15487962962962964 0.11573148148148148
15 0.7624907407407407 0.46064814814814814 0.14638888888888887 0.06738888888888889
15 0.5902314814814815 0.24978703703703703 0.10433333333333333 0.1147962962962963
15 0.38046296296296295 0.26575 0.1300277777777778 0.09400925925925926
15 0.1732314814814815 0.36860185185185185 0.18028703703703705 0.048796296296296296
12 0.21225 0.4678425925925926 0.2063888888888889 0.1188148148148148
12 0.3161851851851852 0.5660925925925926 0.21533333333333335 0.12293518518518519
12 0.5994814814814815 0.5131018518518519 0.15986111111111112 0.1475925925925926
12 0.7743148148148148 0.36292592592592593 0.1885462962962963 0.10651851851851853
12 0.7301481481481481 0.24003703703703705 0.1713888888888889 0.10839814814814815
12 0.5727407407407407 0.14384259259259258 0.1681111111111111 0.11278703703703703
12 0.46114814814814814 0.1659537037037037 0.1609814814814815 0.12614814814814815
9 0.8704999999999999 0.2775648148148148 0.053759259259259264 0.04689814814814815
9 0.9245185185185185 0.40820370370370374 0.09129629629629629 0.04984259259259259
9 0.7774444444444444 0.5768888888888889 0.07679629629629629 0.05814814814814814
9 0.6468055555555555 0.35676851851851854 0.05698148148148148 0.04480555555555556
9 0.47504629629629624 0.30379629629629634 0.05914814814814815 0.05614814814814815
9 0.32387962962962963 0.38249074074074074 0.0703425925925926 0.06423148148148149
9 0.48124074074074075 0.539861111111111 0.06426851851851852 0.04578703703703704
9 0.27912037037037035 0.48687962962962966 0.05619444444444444 0.03960185185185185
9 0.09090740740740741 0.40202777777777776 0.08716666666666667 0.03655555555555555
9 0.12485185185185185 0.5825462962962963 0.06862962962962964 0.053009259259259256
11 0.38145370370370374 0.42156481481481484 0.08184259259259259 0.08798148148148148
11 0.4750555555555555 0.39585185185185184 0.046814814814814816 0.048907407407407406
11 0.5815 0.35059259259259257 0.0683425925925926 0.04480555555555556
11 0.20558333333333334 0.3166481481481482 0.08812037037037038 0.05099074074074074
8 0.293 0.1819074074074074 0.11480555555555555 0.0777962962962963
8 0.7877037037037037 0.5203055555555555 0.10420370370370372 0.06325
8 0.9100925925925926 0.33362037037037034 0.10207407407407407 0.09110185185185185
8 0.6159444444444445 0.4225925925925926 0.11871296296296296 0.053009259259259256
7 0.4493425925925926 0.4729907407407407 0.04476851851851852 0.10440740740740741
8 0.08282407407407408 0.4575648148148148 0.0532962962962963 0.06944444444444445
11 0.18685185185185185 0.602037037037037 0.06505555555555556 0.06950925925925926
11 0.641537037037037 0.6511203703703704 0.06701851851851852 0.05285185185185185
7 0.5347222222222222 0.6143611111111111 0.08735185185185186 0.14287962962962963