14 0.5005185185185185 0.5036018518518518 0.9989722222222223 0.9927962962962963
2 0.6436666666666666 0.5028611111111111 0.3840462962962963 0.3049722222222222
2 0.6247222222222223 0.18707407407407406 0.1415 0.19580555555555557
2 0.3784074074074074 0.25700925925925927 0.1711666666666667 0.14235185185185187
2 0.31002777777777774 0.10888888888888888 0.25237037037037036 0.08057407407407408
2 0.08693518518518518 0.2220462962962963 0.17387037037037037 0.15056481481481482
2 0.09927777777777777 0.3423796296296296 0.19855555555555554 0.0580462962962963
4 0.2529351851851852 0.5112962962962964 0.4787037037037037 0.28802777777777777
4 0.5804259259259259 0.37330555555555556 0.22627777777777777 0.2675925925925926
4 0.49429629629629634 0.16924074074074075 0.11699074074074074 0.18168518518518517
4 0.2245185185185185 0.22912962962962963 0.17742592592592593 0.19035185185185186
4 0.7551296296296296 0.20380555555555557 0.13125 0.12489814814814813