14 0.5050925925925925 0.5 0.850925925925926 1
3 0.5041666666666667 0.15185185185185185 0.24444444444444444 0.287962962962963
3 0.5458333333333333 0.5185185185185185 0.20462962962962963 0.31296296296296294
3 0.7208333333333333 0.7541666666666667 0.23333333333333334 0.375
9 0.46435185185185185 0.5333333333333333 0.07592592592592592 0.075
0 0.7046296296296296 0.4615740740740741 0.1527777777777778 0.1935185185185185
0 0.7388888888888889 0.6333333333333333 0.18611111111111112 0.16296296296296298
0 0.6717592592592593 0.15046296296296297 0.12314814814814815 0.10833333333333334
0 0.6171296296296296 0.29907407407407405 0.1537037037037037 0.12129629629629629
4 0.575462962962963 0.8231481481481482 0.1638888888888889 0.2222222222222222
4 0.663425925925926 0.06388888888888888 0.14537037037037037 0.12777777777777777
4 0.749537037037037 0.4425925925925926 0.09074074074074075 0.1175925925925926
4 0.47685185185185186 0.3189814814814815 0.12407407407407407 0.09907407407407408