14 0.47387962962962965 0.6268444444444444 0.9210185185185186 0.7335259259259259
4 0.4544537037037037 0.44423703703703704 0.22783333333333333 0.14114814814814816
4 0.6581018518518519 0.5314592592592593 0.1413148148148148 0.11806666666666665
4 0.3660277777777778 0.7598074074074074 0.1702685185185185 0.076
6 0.33721296296296294 0.8959925925925926 0.21556481481481482 0.12613333333333335
6 0.6416574074074074 0.703037037037037 0.10841666666666668 0.06121481481481481
6 0.5316018518518518 0.5911185185185185 0.1599074074074074 0.10405185185185185
6 0.6560462962962963 0.3232814814814815 0.1618888888888889 0.07701481481481481
6 0.6601666666666667 0.4195555555555555 0.12074074074074075 0.07203703703703704
6 0.18089814814814814 0.5927629629629629 0.07579629629629629 0.1270888888888889
15 0.4719537037037037 0.32945185185185183 0.13937962962962963 0.10417037037037037
15 0.761 0.619125925925926 0.17140740740740742 0.11648888888888888
15 0.26420370370370366 0.5438 0.09425925925925925 0.15262222222222221
15 0.27965740740740735 0.6684888888888889 0.07237037037037036 0.05726666666666667
6 0.24312037037037038 0.4187333333333333 0.08295370370370371 0.07039259259259259