14 0.5 0.5050925925925925 1 0.6416666666666667
8 0.23333333333333334 0.4930555555555556 0.16018518518518518 0.13796296296296295
8 0.36944444444444446 0.5115740740740741 0.11203703703703703 0.12129629629629629
8 0.49027777777777776 0.5037037037037037 0.10462962962962963 0.0712962962962963
11 0.5921296296296297 0.29398148148148145 0.17222222222222222 0.1287037037037037
11 0.7069444444444445 0.549537037037037 0.2222222222222222 0.21481481481481482
11 0.8560185185185185 0.38333333333333336 0.2064814814814815 0.12962962962962962
11 0.8171296296296297 0.28425925925925927 0.225 0.10833333333333334
11 0.6550925925925926 0.3837962962962963 0.18518518518518517 0.11574074074074074
11 0.4861111111111111 0.33611111111111114 0.14722222222222223 0.12685185185185185
11 0.4925925925925926 0.41388888888888886 0.13703703703703704 0.07962962962962963
11 0.7916666666666666 0.6226851851851852 0.13055555555555556 0.14629629629629629
11 0.35694444444444445 0.4009259259259259 0.125 0.09537037037037037