14 0.5 0.6096296296296296 1 0.7807407407407407
4 0.4462962962962963 0.44925925925925925 0.24722222222222223 0.1622222222222222
4 0.6615740740740741 0.5159259259259259 0.15833333333333333 0.13111111111111112
4 0.4064814814814815 0.7711111111111111 0.18055555555555555 0.09259259259259259
6 0.39861111111111114 0.9088888888888889 0.23333333333333334 0.14666666666666667
6 0.6717592592592593 0.6877777777777778 0.1175925925925926 0.07111111111111111
6 0.5453703703703704 0.5874074074074074 0.17407407407407408 0.11851851851851852
6 0.6277777777777778 0.30925925925925923 0.17222222222222222 0.09259259259259259
6 0.6467592592592593 0.40444444444444444 0.13055555555555556 0.08296296296296296
6 0.19722222222222222 0.6233333333333333 0.09444444444444444 0.13407407407407407
15 0.4462962962962963 0.3333333333333333 0.15462962962962962 0.11703703703703704
15 0.7773148148148148 0.5929629629629629 0.18796296296296297 0.13185185185185186
15 0.2726851851851852 0.5662962962962963 0.11666666666666667 0.16074074074074074
15 0.30694444444444446 0.6888888888888889 0.08055555555555556 0.0637037037037037
6 0.23287037037037037 0.4444444444444444 0.09259259259259259 0.07777777777777778