14 0.4111666666666667 0.504637037037037 0.8202685185185185 0.8496074074074075
2 0.27140740740740743 0.2508666666666667 0.10864814814814815 0.1000888888888889
2 0.09450925925925925 0.37265185185185185 0.07585185185185185 0.08686666666666666
2 0.08735185185185186 0.5438296296296296 0.16069444444444445 0.12385925925925927
2 0.4724722222222222 0.6639407407407408 0.09720370370370371 0.15585925925925925
2 0.550175925925926 0.48334814814814814 0.22269444444444444 0.09174074074074073
8 0.7331851851851852 0.42284444444444447 0.11863888888888889 0.09836296296296296
8 0.16547222222222224 0.24634074074074075 0.10665740740740741 0.10585185185185185
8 0.48635185185185187 0.37224444444444443 0.1434814814814815 0.061362962962962966
8 0.6334351851851852 0.32822222222222225 0.07962037037037037 0.07701481481481481
8 0.5799537037037037 0.6742296296296296 0.07142592592592592 0.07274814814814815
8 0.4267037037037037 0.24513333333333334 0.12294444444444444 0.13854074074074074
8 0.27555555555555555 0.3446962962962963 0.15463888888888888 0.08756296296296295
8 0.25600925925925927 0.4599037037037037 0.11966666666666667 0.14357037037037038
8 0.05339814814814815 0.44425925925925924 0.10513888888888889 0.06621481481481481
12 0.5480648148148148 0.30477037037037036 0.08173148148148147 0.04493333333333333
12 0.4097777777777778 0.4088740740740741 0.15164814814814814 0.0875925925925926
12 0.37839814814814815 0.6582074074074075 0.08476851851851852 0.08277037037037037
12 0.1325925925925926 0.32453333333333334 0.09489814814814815 0.11306666666666666
12 0.3290370370370371 0.3035481481481482 0.1464537037037037 0.08096296296296296