14 0.5 0.5506798623063683 1 0.8986402753872633
4 0.24671296296296294 0.4702065404475043 0.13335185185185186 0.14102409638554217
4 0.42257407407407405 0.5017469879518072 0.1764351851851852 0.16969018932874355
4 0.5048518518518519 0.3626592082616179 0.20517592592592593 0.1382013769363167
4 0.6704444444444445 0.5935370051635113 0.14130555555555557 0.10081755593803787
4 0.7193055555555555 0.4692512908777969 0.10938888888888888 0.13911359724612737
4 0.42418518518518517 0.7116265060240964 0.2215925925925926 0.1391910499139415
2 0.49509259259259264 0.27135972461273666 0.13010185185185183 0.11051635111876075
2 0.6334351851851852 0.44008605851979343 0.06727777777777777 0.18979345955249569
2 0.5383333333333333 0.6064629948364888 0.16612037037037036 0.12002581755593804
2 0.25910185185185186 0.6184251290877797 0.1628611111111111 0.2051118760757315