14 0.5 0.47824074074074074 1 0.8416666666666667
11 0.7300925925925926 0.5444444444444444 0.15185185185185185 0.16666666666666666
11 0.7949074074074074 0.3263888888888889 0.16018518518518518 0.15833333333333333
11 0.6 0.275 0.2037037037037037 0.17222222222222222
11 0.3523148148148148 0.4425925925925926 0.20462962962962963 0.13333333333333333
11 0.1412037037037037 0.5634259259259259 0.2111111111111111 0.20462962962962963
11 0.25555555555555554 0.2412037037037037 0.22870370370370371 0.13703703703703704
11 0.5425925925925926 0.1625 0.1638888888888889 0.11481481481481481
4 0.39861111111111114 0.5638888888888889 0.26296296296296295 0.1537037037037037
4 0.4046296296296296 0.28888888888888886 0.22870370370370371 0.15
4 0.5833333333333334 0.4305555555555556 0.25 0.1425925925925926
11 0.5319444444444444 0.6962962962962963 0.20092592592592592 0.1425925925925926
14 0.06388888888888888 0.1925925925925926 0.12777777777777777 0.2814814814814815
10 0.6462962962962963 0.6467592592592593 0.18333333333333332 0.15925925925925927
10 0.5319444444444444 0.49398148148148147 0.13518518518518519 0.08611111111111111
10 0.7976851851851852 0.22777777777777777 0.10092592592592593 0.12314814814814815