14 0.5 0.5 1 1
2 0.4912609238451935 0.7437582128777924 0.11610486891385768 0.20630749014454666
2 0.583645443196005 0.5696452036793692 0.21348314606741572 0.15637319316688567
2 0.6754057428214731 0.4802890932982917 0.20973782771535582 0.1471747700394218
2 0.4151061173533084 0.32260183968462547 0.08614232209737828 0.1116951379763469
2 0.4250936329588015 0.576215505913272 0.08739076154806492 0.09329829172141918
2 0.37265917602996257 0.44218134034165574 0.12484394506866417 0.08672798948751642
2 0.14544319600499375 0.633377135348226 0.1585518102372035 0.20893561103810776
4 0.6454431960049938 0.668856767411301 0.20848938826466917 0.2049934296977661
4 0.7215980024968789 0.4007884362680683 0.26217228464419473 0.25624178712220763
4 0.4781523096129838 0.19973718791064388 0.16229712858926343 0.15637319316688567
4 0.4975031210986267 0.5597897503285151 0.16354556803995007 0.16688567674113008
4 0.30711610486891383 0.3383705650459921 0.17228464419475656 0.2457293035479632
4 0.381398252184769 0.71419185282523 0.20224719101123595 0.18791064388961892