14 0.42812962962962964 0.5331604938271605 0.8480277777777778 0.8495925925925926
9 0.26163888888888887 0.39885185185185185 0.04591666666666667 0.07067901234567901
9 0.2770648148148148 0.4948518518518518 0.052083333333333336 0.08160493827160493
9 0.29300925925925925 0.3247901234567901 0.05310185185185185 0.08716049382716048
9 0.39894444444444443 0.2137037037037037 0.05508333333333334 0.06253086419753086
9 0.3562592592592593 0.39198765432098764 0.04997222222222222 0.07341975308641975
9 0.32285185185185183 0.4201234567901235 0.07239814814814814 0.09253086419753087
9 0.32025925925925924 0.5579506172839506 0.07673148148148148 0.12139506172839507
9 0.4267037037037037 0.4784197530864197 0.08592592592592592 0.13233333333333333
9 0.5270185185185184 0.4064074074074074 0.13937962962962963 0.11996296296296297
9 0.632425925925926 0.3748641975308642 0.08287962962962964 0.06782716049382716
9 0.42053703703703704 0.3337037037037037 0.09826851851851852 0.08030864197530864
9 0.5069351851851852 0.21301234567901234 0.06118518518518518 0.1022962962962963
9 0.6432314814814816 0.525716049382716 0.12916666666666668 0.06787654320987654