14 0.45787037037037037 0.5 0.9157407407407407 1
9 0.28935185185185186 0.3197530864197531 0.05740740740740741 0.08518518518518518
9 0.28564814814814815 0.41790123456790124 0.06574074074074074 0.0962962962962963
9 0.33425925925925926 0.25925925925925924 0.06759259259259259 0.10246913580246914
9 0.45787037037037037 0.18888888888888888 0.06574074074074074 0.07901234567901234
9 0.3819444444444444 0.34629629629629627 0.062037037037037036 0.08765432098765433
9 0.34444444444444444 0.3617283950617284 0.08796296296296297 0.11481481481481481
9 0.31527777777777777 0.49382716049382713 0.09814814814814815 0.14320987654320988
9 0.43333333333333335 0.4537037037037037 0.10833333333333334 0.15679012345679014
9 0.5444444444444444 0.4191358024691358 0.1574074074074074 0.16419753086419753
9 0.6523148148148148 0.4246913580246914 0.09351851851851851 0.09382716049382717
9 0.45555555555555555 0.3117283950617284 0.11018518518518519 0.1111111111111111
9 0.5625 0.22530864197530864 0.07962962962962963 0.11975308641975309
9 0.6333333333333333 0.5740740740740741 0.13796296296296295 0.10987654320987654