14 0.5 0.5677777777777778 1 0.8644444444444445
11 0.5449074074074074 0.7425925925925926 0.12962962962962962 0.07777777777777778
11 0.33935185185185185 0.75 0.11481481481481481 0.1
11 0.11898148148148148 0.7896296296296297 0.13055555555555556 0.08962962962962963
11 0.7833333333333333 0.7418518518518519 0.11666666666666667 0.09925925925925926
11 0.9467592592592593 0.6488888888888888 0.10648148148148148 0.06222222222222222
11 0.9185185185185185 0.49925925925925924 0.10925925925925926 0.08814814814814814
11 0.7203703703703703 0.5492592592592592 0.09814814814814815 0.057777777777777775
11 0.5939814814814814 0.5411111111111111 0.09537037037037037 0.06518518518518518
11 0.38981481481481484 0.57 0.14537037037037037 0.08148148148148149
11 0.4324074074074074 0.6781481481481482 0.08055555555555556 0.05555555555555555
11 0.1986111111111111 0.6581481481481481 0.09351851851851851 0.06592592592592593
11 0.4981481481481482 0.45740740740740743 0.09814814814814815 0.09407407407407407
11 0.6342592592592593 0.3688888888888889 0.08796296296296297 0.05703703703703704
11 0.7611111111111111 0.3403703703703704 0.0712962962962963 0.04962962962962963
11 0.9055555555555556 0.3411111111111111 0.05740740740740741 0.03925925925925926
11 0.9578703703703704 0.3711111111111111 0.05277777777777778 0.056296296296296296
11 0.8472222222222222 0.27814814814814814 0.10925925925925926 0.042222222222222223
11 0.7606481481481482 0.2722222222222222 0.08796296296296297 0.054814814814814816
11 0.6310185185185185 0.2659259259259259 0.07962962962962963 0.03925925925925926
11 0.562962962962963 0.21444444444444444 0.22592592592592592 0.061481481481481484
11 0.3138888888888889 0.4892592592592593 0.12407407407407407 0.08592592592592592
11 0.1925925925925926 0.5588888888888889 0.09444444444444444 0.06814814814814815
11 0.05416666666666667 0.5081481481481481 0.09351851851851851 0.05703703703703704
11 0.17592592592592593 0.4774074074074074 0.07222222222222222 0.03851851851851852
11 0.029166666666666667 0.44407407407407407 0.058333333333333334 0.07629629629629629
11 0.11944444444444445 0.43592592592592594 0.10648148148148148 0.06074074074074074
11 0.1587962962962963 0.36407407407407405 0.05740740740740741 0.04
11 0.27037037037037037 0.41555555555555557 0.08888888888888889 0.07555555555555556
11 0.33611111111111114 0.31444444444444447 0.07777777777777778 0.04814814814814815
11 0.40925925925925927 0.3814814814814815 0.11481481481481481 0.09259259259259259
9 0.45740740740740743 0.6255555555555555 0.07962962962962963 0.06222222222222222
9 0.31527777777777777 0.6666666666666666 0.07685185185185185 0.054814814814814816
9 0.17037037037037037 0.6144444444444445 0.05185185185185185 0.037037037037037035
9 0.4115740740740741 0.8233333333333334 0.05462962962962963 0.03925925925925926
9 0.6398148148148148 0.642962962962963 0.0962962962962963 0.05555555555555555
9 0.6462962962962963 0.5918518518518519 0.05555555555555555 0.040740740740740744
9 0.7638888888888888 0.5837037037037037 0.08518518518518518 0.03851851851851852
9 0.8439814814814814 0.4074074074074074 0.10462962962962963 0.051111111111111114
9 0.6425925925925926 0.4533333333333333 0.0824074074074074 0.07111111111111111
9 0.8805555555555555 0.5385185185185185 0.06574074074074074 0.04666666666666667
9 0.9439814814814815 0.4066666666666667 0.06759259259259259 0.042222222222222223
9 0.5152777777777777 0.31407407407407406 0.11296296296296296 0.044444444444444446
9 0.6972222222222222 0.5903703703703703 0.046296296296296294 0.04518518518518518
9 0.42777777777777776 0.25703703703703706 0.040740740740740744 0.028148148148148148
9 0.6240740740740741 0.3088888888888889 0.03333333333333333 0.023703703703703703
9 0.21157407407407408 0.3877777777777778 0.058333333333333334 0.03777777777777778
9 0.19768518518518519 0.43703703703703706 0.05277777777777778 0.040740740740740744
9 0.29953703703703705 0.42777777777777776 0.026851851851851852 0.022962962962962963
9 0.3902777777777778 0.36 0.040740740740740744 0.023703703703703703
9 0.4212962962962963 0.38333333333333336 0.027777777777777776 0.024444444444444446
9 0.40879629629629627 0.4025925925925926 0.05092592592592592 0.03185185185185185
9 0.23055555555555557 0.5777777777777777 0.040740740740740744 0.02962962962962963
9 0.24305555555555555 0.5577777777777778 0.022222222222222223 0.02074074074074074
9 0.8078703703703703 0.4962962962962963 0.05277777777777778 0.06
9 0.8708333333333333 0.44925925925925925 0.03148148148148148 0.034074074074074076
9 0.7388888888888889 0.37037037037037035 0.05 0.03777777777777778