14 0.5 0.47824074074074074 1 0.7435185185185185
11 0.7189814814814814 0.5833333333333334 0.13796296296296295 0.15462962962962962
11 0.8203703703703704 0.3800925925925926 0.14629629629629629 0.14444444444444443
11 0.6375 0.29583333333333334 0.19074074074074074 0.15462962962962962
11 0.3648148148148148 0.41805555555555557 0.19537037037037036 0.11388888888888889
11 0.13564814814814816 0.5 0.19444444444444445 0.18703703703703703
11 0.30416666666666664 0.20277777777777778 0.21944444444444444 0.11574074074074074
11 0.600462962962963 0.175 0.15462962962962962 0.1
4 0.3888888888888889 0.5453703703703704 0.2518518518518518 0.1287037037037037
4 0.4425925925925926 0.27546296296296297 0.2175925925925926 0.1287037037037037
4 0.5944444444444444 0.44583333333333336 0.24074074074074073 0.11944444444444445
11 0.49722222222222223 0.6986111111111111 0.18981481481481483 0.12407407407407407
14 0.09166666666666666 0.125 0.16666666666666666 0.25
10 0.6185185185185185 0.6699074074074074 0.17037037037037037 0.1425925925925926
10 0.5324074074074074 0.49953703703703706 0.12962962962962962 0.07407407407407407
10 0.8407407407407408 0.2833333333333333 0.08981481481481482 0.11481481481481481