14 0.5 0.5 1 1
11 0.4273148148148148 0.7133333333333334 0.21388888888888888 0.1711111111111111
11 0.5773148148148148 0.5214814814814814 0.19814814814814816 0.1437037037037037
11 0.7958333333333333 0.42518518518518517 0.18796296296296297 0.1474074074074074
11 0.937962962962963 0.4062962962962963 0.12407407407407407 0.13111111111111112
11 0.7791666666666667 0.17666666666666667 0.16111111111111112 0.1111111111111111
11 0.5787037037037037 0.18296296296296297 0.1648148148148148 0.11481481481481481
11 0.5222222222222223 0.10222222222222223 0.15 0.09925925925925926
11 0.28055555555555556 0.1662962962962963 0.14351851851851852 0.0874074074074074
11 0.6273148148148148 0.35814814814814816 0.19074074074074074 0.1274074074074074
11 0.3902777777777778 0.28074074074074074 0.15185185185185185 0.10074074074074074
11 0.2462962962962963 0.34555555555555556 0.18703703703703703 0.1288888888888889
11 0.04722222222222222 0.34296296296296297 0.09444444444444444 0.1362962962962963
11 0.2884259259259259 0.4514814814814815 0.19907407407407407 0.11925925925925926
11 0.07222222222222222 0.6270370370370371 0.12314814814814815 0.11703703703703704
11 0.055092592592592596 0.5092592592592593 0.11018518518518519 0.1237037037037037