14 0.5005185185185185 0.5097333333333334 0.9989722222222223 0.5920518518518518
9 0.6231481481481481 0.5763185185185185 0.04671296296296296 0.044814814814814814
9 0.7116018518518519 0.5611037037037037 0.03843518518518518 0.03993333333333333
9 0.8597037037037037 0.4763407407407407 0.05067592592592592 0.037451851851851854
9 0.8226944444444444 0.5076148148148147 0.06037037037037037 0.02839259259259259
9 0.6869166666666666 0.4714 0.05078703703703704 0.037451851851851854
9 0.5809814814814815 0.5907185185185185 0.048796296296296296 0.02917037037037037
9 0.4730185185185185 0.6108888888888889 0.09306481481481482 0.04407407407407407
9 0.23594444444444443 0.5668592592592593 0.06719444444444443 0.04817037037037037
9 0.11199999999999999 0.3915851851851852 0.06144444444444445 0.04571851851851852
9 0.21638888888888888 0.43190370370370373 0.054175925925925926 0.037474074074074076
9 0.2549722222222222 0.42944444444444446 0.06000925925925926 0.026711111111111113
9 0.34494444444444444 0.4138 0.05203703703703704 0.030896296296296297
9 0.39793518518518517 0.4586518518518518 0.0580462962962963 0.03248148148148148
9 0.5249444444444445 0.4837481481481481 0.04475925925925926 0.026733333333333335
9 0.5383055555555556 0.4487703703703704 0.04368518518518519 0.03663703703703704
9 0.6082407407407407 0.41832592592592593 0.035416666666666666 0.035007407407407404
9 0.732175925925926 0.38459259259259265 0.042527777777777775 0.03666666666666667
9 0.7342314814814815 0.3327481481481481 0.046648148148148154 0.03175555555555555
9 0.8658703703703704 0.36237037037037034 0.05067592592592592 0.03174074074074074
9 0.625712962962963 0.2924296296296296 0.10739814814814815 0.030125925925925928
9 0.5192685185185185 0.2948962962962963 0.07351851851851852 0.054814814814814816
9 0.3012407407407407 0.3516740740740741 0.044861111111111115 0.030103703703703705
9 0.2240925925925926 0.3167037037037037 0.1004537037037037 0.0441037037037037
9 0.3629351851851852 0.28296296296296297 0.13121296296296298 0.035888888888888894
9 0.40202777777777776 0.2401777777777778 0.07360185185185185 0.0392
9 0.39483333333333337 0.3919925925925926 0.04686111111111111 0.03172592592592592
9 0.4771111111111111 0.4043333333333334 0.03858333333333334 0.046533333333333336
12 0.42360185185185184 0.5409259259259259 0.17849074074074076 0.11230370370370371
12 0.7255185185185185 0.6191185185185185 0.14978703703703705 0.10661481481481482
12 0.8072777777777778 0.3998296296296296 0.14058333333333334 0.10569629629629629
12 0.5634629629629629 0.3487925925925926 0.2606759259259259 0.0589037037037037
12 0.1757962962962963 0.33564444444444447 0.13195370370370368 0.08591851851851852
12 0.04102777777777778 0.4689259259259259 0.08 0.13125925925925924
12 0.2878611111111111 0.5211777777777779 0.10452777777777778 0.09256296296296296
12 0.5141296296296296 0.27226666666666666 0.07558333333333334 0.07374814814814815