14 0.5 0.5696296296296296 1 0.7659259259259259
11 0.4810185185185185 0.7444444444444445 0.12037037037037036 0.06518518518518518
11 0.2777777777777778 0.7177777777777777 0.10092592592592593 0.09111111111111111
11 0.056018518518518516 0.7196296296296296 0.11203703703703703 0.07777777777777778
11 0.7143518518518519 0.7837037037037037 0.10277777777777777 0.08962962962962963
11 0.9018518518518519 0.7207407407407408 0.10555555555555556 0.05185185185185185
11 0.9092592592592592 0.5688888888888889 0.09722222222222222 0.07851851851851852
11 0.7027777777777777 0.5848148148148148 0.09166666666666666 0.04814814814814815
11 0.5810185185185185 0.5559259259259259 0.08703703703703704 0.056296296296296296
11 0.37407407407407406 0.5503703703703704 0.1361111111111111 0.0674074074074074
11 0.3875 0.662962962962963 0.07314814814814814 0.04814814814814815
11 0.16435185185185186 0.6044444444444445 0.08518518518518518 0.057777777777777775
11 0.5092592592592593 0.45814814814814814 0.08518518518518518 0.08666666666666667
11 0.6652777777777777 0.3940740740740741 0.08055555555555556 0.04888888888888889
11 0.7967592592592593 0.3874074074074074 0.06481481481481481 0.04296296296296296
11 0.937962962962963 0.41185185185185186 0.05185185185185185 0.034074074074074076
11 0.9791666666666666 0.45 0.041666666666666664 0.052592592592592594
11 0.8972222222222223 0.34074074074074073 0.10555555555555556 0.03111111111111111
11 0.8143518518518519 0.32037037037037036 0.08148148148148149 0.04666666666666667
11 0.6888888888888889 0.29259259259259257 0.075 0.03185185185185185
11 0.6361111111111111 0.2311111111111111 0.22314814814814815 0.037037037037037035
11 0.32083333333333336 0.4585185185185185 0.11296296296296296 0.07481481481481482
11 0.18425925925925926 0.5066666666666667 0.08611111111111111 0.05925925925925926
11 0.06157407407407407 0.4337037037037037 0.08703703703703704 0.04814814814814815
11 0.1884259259259259 0.42407407407407405 0.06759259259259259 0.03185185185185185
11 0.050462962962962966 0.36666666666666664 0.053703703703703705 0.07185185185185185
11 0.14444444444444443 0.37407407407407406 0.09907407407407408 0.051111111111111114
11 0.2013888888888889 0.31037037037037035 0.05277777777777778 0.03481481481481481
11 0.2972222222222222 0.37925925925925924 0.0787037037037037 0.06814814814814815
11 0.38796296296296295 0.2911111111111111 0.07222222222222222 0.04148148148148148
11 0.44212962962962965 0.3688888888888889 0.10277777777777777 0.08296296296296296
9 0.42592592592592593 0.6159259259259259 0.0712962962962963 0.05555555555555555
9 0.2759259259259259 0.6322222222222222 0.06944444444444445 0.047407407407407405
9 0.1476851851851852 0.557037037037037 0.04722222222222222 0.03259259259259259
9 0.3296296296296296 0.8018518518518518 0.049074074074074076 0.03481481481481481
9 0.5995370370370371 0.662962962962963 0.08981481481481482 0.045925925925925926
9 0.6194444444444445 0.6144444444444445 0.05 0.0362962962962963
9 0.736574074074074 0.6259259259259259 0.08148148148148149 0.02962962962962963
9 0.8601851851851852 0.4666666666666667 0.1 0.040740740740740744
9 0.6513888888888889 0.47814814814814816 0.07314814814814814 0.06444444444444444
9 0.862037037037037 0.6007407407407407 0.06018518518518518 0.040740740740740744
9 0.9583333333333334 0.4825925925925926 0.06296296296296296 0.035555555555555556
9 0.562962962962963 0.3207407407407407 0.10925925925925926 0.03259259259259259
9 0.6694444444444444 0.6211111111111111 0.03981481481481482 0.04148148148148148
9 0.4925925925925926 0.25037037037037035 0.037037037037037035 0.024444444444444446
9 0.6712962962962963 0.3337037037037037 0.030555555555555555 0.02074074074074074
9 0.24675925925925926 0.3422222222222222 0.053703703703703705 0.03259259259259259
9 0.22037037037037038 0.3877777777777778 0.04722222222222222 0.0362962962962963
9 0.3226851851851852 0.3959259259259259 0.024074074074074074 0.02074074074074074
9 0.42916666666666664 0.3448148148148148 0.03796296296296296 0.01925925925925926
9 0.4532407407407407 0.37296296296296294 0.024074074074074074 0.022222222222222223
9 0.4361111111111111 0.3896296296296296 0.04722222222222222 0.027407407407407408
9 0.2162037037037037 0.5311111111111111 0.037037037037037035 0.025925925925925925
9 0.2337962962962963 0.5137037037037037 0.019444444444444445 0.01925925925925926
9 0.8023148148148148 0.5474074074074075 0.044444444444444446 0.05555555555555555
9 0.8759259259259259 0.5118518518518519 0.025925925925925925 0.03185185185185185
9 0.7671296296296296 0.412962962962963 0.04537037037037037 0.034074074074074076