14 0.5 0.5088888888888888 1 0.605925925925926
9 0.6212962962962963 0.5781481481481482 0.04722222222222222 0.04518518518518518
9 0.7101851851851851 0.5640740740740741 0.03888888888888889 0.04
9 0.8601851851851852 0.48148148148148145 0.05185185185185185 0.03777777777777778
9 0.8226851851851852 0.5122222222222222 0.06111111111111111 0.028888888888888888
9 0.6875 0.4740740740740741 0.05185185185185185 0.03851851851851852
9 0.5791666666666667 0.5918518518518519 0.05 0.02962962962962963
9 0.4708333333333333 0.6103703703703703 0.09351851851851851 0.04518518518518518
9 0.23472222222222222 0.5633333333333334 0.06759259259259259 0.04888888888888889
9 0.11435185185185186 0.3862962962962963 0.062037037037037036 0.04666666666666667
9 0.21805555555555556 0.42777777777777776 0.05555555555555555 0.03777777777777778
9 0.2564814814814815 0.42592592592592593 0.06111111111111111 0.027407407407407408
9 0.34675925925925927 0.4114814814814815 0.053703703703703705 0.03111111111111111
9 0.3990740740740741 0.45740740740740743 0.05925925925925926 0.03333333333333333
9 0.5254629629629629 0.4840740740740741 0.04537037037037037 0.027407407407407408
9 0.5393518518518519 0.44925925925925925 0.044444444444444446 0.03777777777777778
9 0.6101851851851852 0.42 0.03611111111111111 0.035555555555555556
9 0.7347222222222223 0.3877777777777778 0.04351851851851852 0.03777777777777778
9 0.7379629629629629 0.3359259259259259 0.04722222222222222 0.03259259259259259
9 0.8689814814814815 0.3674074074074074 0.05185185185185185 0.03259259259259259
9 0.6300925925925925 0.2940740740740741 0.10833333333333334 0.03185185185185185
9 0.5236111111111111 0.29518518518518516 0.075 0.05555555555555555
9 0.30462962962962964 0.3488888888888889 0.046296296296296294 0.03111111111111111
9 0.22824074074074074 0.31296296296296294 0.10092592592592593 0.04518518518518518
9 0.3675925925925926 0.2811111111111111 0.13240740740740742 0.03777777777777778
9 0.4078703703703704 0.2388888888888889 0.075 0.04
9 0.3972222222222222 0.39037037037037037 0.04814814814814815 0.03259259259259259
9 0.4791666666666667 0.4040740740740741 0.03981481481481482 0.047407407407407405
12 0.42268518518518516 0.54 0.1814814814814815 0.11481481481481481
12 0.7226851851851852 0.6222222222222222 0.15185185185185185 0.10888888888888888
12 0.8092592592592592 0.4040740740740741 0.1425925925925926 0.10814814814814815
12 0.5666666666666667 0.3496296296296296 0.2611111111111111 0.06296296296296296
12 0.17962962962962964 0.33111111111111113 0.13333333333333333 0.0874074074074074
12 0.041666666666666664 0.4625925925925926 0.08333333333333333 0.1325925925925926
12 0.2875 0.5181481481481481 0.10648148148148148 0.09407407407407407
12 0.5189814814814815 0.2725925925925926 0.07777777777777778 0.07481481481481482