14 0.5005185185185185 0.47909259259259257 0.9989722222222223 0.709212962962963
11 0.7218703703703704 0.5758425925925925 0.1330462962962963 0.14962037037037038
11 0.8160185185185185 0.36912962962962964 0.14162037037037037 0.14034259259259257
11 0.6303888888888889 0.2909537037037037 0.18572222222222223 0.14853703703703702
11 0.3619537037037037 0.4226111111111111 0.1917222222222222 0.1074537037037037
11 0.13569444444444445 0.5126203703703703 0.18746296296296297 0.18051851851851852
11 0.29400925925925925 0.20966666666666667 0.21559259259259259 0.10863888888888888
11 0.5891944444444445 0.1716111111111111 0.1516388888888889 0.09425925925925925
4 0.3906851851851852 0.5491018518518518 0.24844444444444444 0.12083333333333333
4 0.4349166666666667 0.27755555555555556 0.2134537037037037 0.1209537037037037
4 0.5923425925925926 0.44266666666666665 0.23712037037037034 0.1105462962962963
11 0.5043425925925926 0.6987592592592592 0.1856388888888889 0.11768518518518518
14 0.07900925925925925 0.13127777777777777 0.15802777777777777 0.26255555555555554
10 0.6242500000000001 0.6656388888888889 0.16578703703703704 0.13744444444444445
10 0.532574074074074 0.4983055555555555 0.12687962962962962 0.06946296296296296
10 0.8329166666666666 0.2717222222222222 0.08682407407407407 0.11258333333333334