14 0.5 0.5 1 1
2 0.5199750312109863 0.7431011826544021 0.09612983770287141 0.2049934296977661
2 0.5911360799001248 0.5584756898817346 0.20973782771535582 0.13534822601839686
2 0.6716604244694132 0.4579500657030223 0.20599250936329588 0.12614980289093297
2 0.3951310861423221 0.3344283837056505 0.07740324594257178 0.10643889618922471
2 0.4344569288389513 0.5854139290407359 0.08114856429463171 0.08804204993429698
2 0.36704119850187267 0.4592641261498029 0.12359550561797752 0.0735873850197109
2 0.16354556803995007 0.6780551905387647 0.14232209737827714 0.20105124835742444
4 0.6641697877652933 0.6491458607095927 0.1972534332084894 0.18922470433639949
4 0.7084893882646691 0.3731931668856767 0.24719101123595505 0.2352168199737188
4 0.4431960049937578 0.2049934296977661 0.15355805243445692 0.14323258869908015
4 0.5043695380774033 0.5591327201051248 0.15355805243445692 0.15505913272010513
4 0.28963795255930086 0.3639947437582129 0.15106117353308365 0.240473061760841
4 0.4076154806491885 0.7279894875164258 0.19350811485642946 0.17082785808147175