14 0.5066851851851852 0.5840592592592593 0.9866296296296296 0.6874666666666667
10 0.6364814814814814 0.735162962962963 0.3079444444444444 0.23997037037037036
10 0.8971203703703704 0.5590222222222222 0.20575925925925925 0.15837777777777778
10 0.7687314814814815 0.3529259259259259 0.23621296296296299 0.13035555555555556
10 0.5429814814814814 0.4310962962962963 0.2617777777777778 0.13203703703703704
10 0.4102314814814815 0.30105925925925925 0.21346296296296297 0.10171111111111111
10 0.21798148148148147 0.42204444444444444 0.25745370370370374 0.12051851851851851
10 0.17067592592592593 0.6030814814814814 0.26564814814814813 0.17325925925925925
0 0.41794444444444445 0.6614666666666666 0.21037962962962964 0.18054814814814815
0 0.9193888888888889 0.5602814814814815 0.15094444444444446 0.08108148148148148
0 0.7856296296296297 0.38460740740740745 0.1864814814814815 0.10157037037037038
0 0.5727407407407407 0.29860000000000003 0.1681111111111111 0.06715555555555555
0 0.6087407407407408 0.5750740740740741 0.10432407407407407 0.0769037037037037
0 0.36657407407407405 0.4500222222222222 0.12693518518518518 0.11394814814814816
0 0.26007407407407407 0.5051333333333333 0.20944444444444443 0.055540740740740745
0 0.7054259259259259 0.7100148148148148 0.11657407407407408 0.15913333333333335
14 0.5156666666666666 0.07477037037037036 0.7242407407407407 0.1408962962962963