14 0.5 0.5231111111111111 1 0.9537777777777777
11 0.6188888888888889 0.41555555555555557 0.23 0.14044444444444446
11 0.8394444444444444 0.5435555555555556 0.29333333333333333 0.17244444444444446
11 0.29444444444444445 0.404 0.30666666666666664 0.12355555555555556
11 0.12055555555555555 0.2657777777777778 0.23222222222222222 0.13066666666666665
11 0.84 0.19333333333333333 0.19777777777777777 0.10222222222222223
11 0.5061111111111111 0.25066666666666665 0.1688888888888889 0.05422222222222222
2 0.5633333333333334 0.712 0.38222222222222224 0.15911111111111112
2 0.4444444444444444 0.564 0.18222222222222223 0.15288888888888888
2 0.08555555555555555 0.5071111111111111 0.1711111111111111 0.088
2 0.9366666666666666 0.44133333333333336 0.12666666666666668 0.072
2 0.9155555555555556 0.3164444444444444 0.1688888888888889 0.10311111111111111
2 0.7233333333333334 0.18711111111111112 0.12666666666666668 0.08888888888888889
2 0.5383333333333333 0.18711111111111112 0.20777777777777778 0.08
2 0.3022222222222222 0.21777777777777776 0.13333333333333333 0.07288888888888889
2 0.3161111111111111 0.12977777777777777 0.09333333333333334 0.04711111111111111
2 0.10777777777777778 0.356 0.2088888888888889 0.08977777777777778
2 0.4672222222222222 0.412 0.12777777777777777 0.08
2 0.6261111111111111 0.27955555555555556 0.09555555555555556 0.104