14 0.5 0.5755555555555556 1 0.8488888888888889
10 0.7037037037037037 0.7018518518518518 0.3712962962962963 0.29259259259259257
10 0.8898148148148148 0.4803703703703704 0.22037037037037038 0.19333333333333333
10 0.7162037037037037 0.30518518518518517 0.26851851851851855 0.17185185185185184
10 0.5208333333333334 0.4248148148148148 0.29444444444444445 0.17851851851851852
10 0.3527777777777778 0.3244444444444444 0.23703703703703705 0.14
10 0.20277777777777778 0.47888888888888886 0.2861111111111111 0.16666666666666666
10 0.21157407407407408 0.6637037037037037 0.3101851851851852 0.21925925925925926
0 0.4689814814814815 0.6725925925925926 0.25833333333333336 0.2162962962962963
0 0.9194444444444444 0.4774074074074074 0.16111111111111112 0.10740740740740741
0 0.7421296296296296 0.3325925925925926 0.2111111111111111 0.1348148148148148
0 0.5097222222222222 0.2903703703703704 0.18333333333333332 0.09703703703703703
0 0.6282407407407408 0.5518518518518518 0.125 0.09481481481481481
0 0.35555555555555557 0.4774074074074074 0.1574074074074074 0.1348148148148148
0 0.2689814814814815 0.5514814814814815 0.21944444444444444 0.09407407407407407
0 0.762962962962963 0.664074074074074 0.16111111111111112 0.17703703703703705
14 0.38657407407407407 0.11148148148148149 0.7453703703703703 0.22296296296296297