14 0.4601851851851852 0.5061728395061729 0.9203703703703704 0.9876543209876543
9 0.25046296296296294 0.4728395061728395 0.05648148148148148 0.08271604938271605
9 0.28194444444444444 0.5617283950617284 0.06388888888888888 0.09506172839506173
9 0.2689814814814815 0.391358024691358 0.06574074074074074 0.1
9 0.35324074074074074 0.25123456790123455 0.06481481481481481 0.07654320987654321
9 0.3416666666666667 0.43765432098765433 0.06111111111111111 0.08641975308641975
9 0.3138888888888889 0.47530864197530864 0.08611111111111111 0.11234567901234568
9 0.3347222222222222 0.6104938271604938 0.09537037037037037 0.14074074074074075
9 0.425 0.5012345679012346 0.10648148148148148 0.15432098765432098
9 0.5106481481481482 0.4006172839506173 0.15555555555555556 0.1580246913580247
9 0.6078703703703704 0.33827160493827163 0.09259259259259259 0.09135802469135802
9 0.39444444444444443 0.3617283950617284 0.10925925925925926 0.10740740740740741
9 0.4583333333333333 0.21851851851851853 0.07777777777777778 0.11851851851851852
9 0.6439814814814815 0.4820987654320988 0.13703703703703704 0.10493827160493827