14 0.4953125 0.6322916666666667 0.990625 0.7354166666666667
9 0.38125 0.6770833333333334 0.11875 0.078125
9 0.11302083333333333 0.6932291666666667 0.096875 0.084375
9 0.2520833333333333 0.7630208333333334 0.12708333333333333 0.08645833333333333
9 0.46770833333333334 0.8 0.14270833333333333 0.10833333333333334
9 0.7765625 0.6078125 0.052083333333333336 0.059375
9 0.5640625 0.4166666666666667 0.07604166666666666 0.06041666666666667
9 0.5416666666666666 0.5572916666666666 0.14895833333333333 0.08229166666666667
9 0.3020833333333333 0.41875 0.09166666666666666 0.06875
9 0.2713541666666667 0.5328125 0.159375 0.10104166666666667
9 0.39739583333333334 0.5546875 0.06458333333333334 0.06875
9 0.24791666666666667 0.6333333333333333 0.10520833333333333 0.07083333333333333
7 0.6192708333333333 0.6416666666666667 0.1 0.07708333333333334
7 0.578125 0.471875 0.09479166666666666 0.04583333333333333
7 0.5614583333333333 0.5114583333333333 0.05625 0.057291666666666664
7 0.6604166666666667 0.5489583333333333 0.115625 0.08645833333333333
7 0.6994791666666667 0.6109375 0.09895833333333333 0.04375
7 0.7635416666666667 0.675 0.07083333333333333 0.06354166666666666
7 0.840625 0.7151041666666667 0.07291666666666667 0.059375
7 0.7859375 0.7869791666666667 0.07395833333333333 0.0625
7 0.7213541666666666 0.7359375 0.08020833333333334 0.08125
7 0.6848958333333334 0.9005208333333333 0.07083333333333333 0.11666666666666667
7 0.8125 0.9411458333333333 0.11458333333333333 0.09166666666666666
7 0.8385416666666666 0.8776041666666666 0.121875 0.06354166666666666
7 0.8682291666666667 0.8135416666666667 0.084375 0.04791666666666667
7 0.5036458333333333 0.8765625 0.11666666666666667 0.1125
7 0.5145833333333333 0.9552083333333333 0.17916666666666667 0.08958333333333333
7 0.4041666666666667 0.8645833333333334 0.10416666666666667 0.11770833333333333
7 0.2869791666666667 0.9083333333333333 0.11458333333333333 0.14375
7 0.27708333333333335 0.8125 0.06979166666666667 0.06979166666666667
7 0.18072916666666666 0.8416666666666667 0.121875 0.07708333333333334
7 0.13958333333333334 0.7697916666666667 0.11458333333333333 0.09270833333333334
7 0.18177083333333333 0.7098958333333333 0.071875 0.07708333333333334
7 0.09166666666666666 0.6005208333333333 0.11979166666666667 0.109375
7 0.196875 0.5942708333333333 0.121875 0.13333333333333333
7 0.15364583333333334 0.47604166666666664 0.08541666666666667 0.08854166666666667
7 0.2833333333333333 0.46041666666666664 0.17708333333333334 0.08333333333333333
7 0.4296875 0.440625 0.13125 0.09375
7 0.5026041666666666 0.3885416666666667 0.06458333333333334 0.04791666666666667
8 0.4197916666666667 0.38958333333333334 0.0625 0.034375
8 0.38333333333333336 0.9307291666666667 0.06354166666666666 0.04895833333333333
8 0.659375 0.7526041666666666 0.06145833333333333 0.07083333333333333
8 0.6880208333333333 0.8119791666666667 0.084375 0.10833333333333334
8 0.7536458333333333 0.9119791666666667 0.052083333333333336 0.05520833333333333
8 0.5947916666666667 0.8677083333333333 0.04479166666666667 0.04375
8 0.6026041666666667 0.9427083333333334 0.09583333333333334 0.078125
8 0.7348958333333333 0.69375 0.08854166666666667 0.075
7 0.6479166666666667 0.4609375 0.084375 0.09479166666666666