14 0.5 0.5120370370370371 1 0.975925925925926
11 0.3523148148148148 0.6861111111111111 0.15648148148148147 0.1712962962962963
11 0.6129629629629629 0.8009259259259259 0.21574074074074073 0.19907407407407407
11 0.8018518518518518 0.6064814814814815 0.1925925925925926 0.17777777777777778
11 0.8134259259259259 0.46620370370370373 0.15833333333333333 0.13518518518518519
11 0.6967592592592593 0.3486111111111111 0.3 0.14907407407407408
11 0.7143518518518519 0.22407407407407406 0.1675925925925926 0.10833333333333334
11 0.5398148148148149 0.23472222222222222 0.14722222222222223 0.14074074074074075
11 0.4759259259259259 0.3611111111111111 0.09537037037037037 0.11574074074074074
11 0.49722222222222223 0.6055555555555555 0.18888888888888888 0.12129629629629629
11 0.6458333333333334 0.4828703703703704 0.15462962962962962 0.11666666666666667
11 0.462037037037037 0.4726851851851852 0.1537037037037037 0.12314814814814815
11 0.2324074074074074 0.5939814814814814 0.14074074074074075 0.0824074074074074
11 0.31851851851851853 0.29907407407407405 0.125 0.14444444444444443
11 0.25092592592592594 0.425462962962963 0.17037037037037037 0.14537037037037037
4 0.4152777777777778 0.20694444444444443 0.1685185185185185 0.12037037037037036
4 0.18564814814814815 0.5458333333333333 0.11666666666666667 0.21203703703703702
4 0.637962962962963 0.6055555555555555 0.19166666666666668 0.18796296296296297
4 0.4740740740740741 0.7898148148148149 0.13703703703703704 0.21944444444444444