14 0.5 0.5 1 1
11 0.9337962962962963 0.624537037037037 0.13240740740740742 0.2101851851851852
11 0.7509259259259259 0.5481481481481482 0.20092592592592592 0.16111111111111112
11 0.9342592592592592 0.45601851851851855 0.13148148148148148 0.12129629629629629
11 0.45555555555555555 0.4601851851851852 0.14537037037037037 0.1259259259259259
11 0.1962962962962963 0.6796296296296296 0.21388888888888888 0.1925925925925926
11 0.5828703703703704 0.21666666666666667 0.11203703703703703 0.09259259259259259
11 0.8578703703703704 0.1962962962962963 0.125 0.10462962962962963
11 0.7680555555555556 0.05462962962962963 0.10925925925925926 0.09537037037037037
11 0.6300925925925925 0.019444444444444445 0.11018518518518519 0.03888888888888889
11 0.5402777777777777 0.047685185185185185 0.09444444444444444 0.0712962962962963
11 0.5074074074074074 0.1388888888888889 0.12962962962962962 0.09351851851851851
11 0.03148148148148148 0.47453703703703703 0.06296296296296296 0.10092592592592593
11 0.32037037037037036 0.3611111111111111 0.14074074074074075 0.11481481481481481
11 0.0962962962962963 0.39444444444444443 0.15185185185185185 0.09166666666666666
11 0.1814814814814815 0.2689814814814815 0.10185185185185185 0.07777777777777778
11 0.2902777777777778 0.14351851851851852 0.11851851851851852 0.1111111111111111
12 0.5027777777777778 0.6421296296296296 0.3074074074074074 0.33796296296296297
12 0.8208333333333333 0.1175925925925926 0.12962962962962962 0.09444444444444444
12 0.06620370370370371 0.3226851851851852 0.13240740740740742 0.13240740740740742
12 0.18101851851851852 0.11342592592592593 0.1638888888888889 0.09814814814814815
12 0.36435185185185187 0.26296296296296295 0.2351851851851852 0.15092592592592594
11 0.4787037037037037 0.6439814814814815 0.2462962962962963 0.1685185185185185