14 0.4722222222222222 0.4862962962962963 0.9037037037037037 0.7362962962962963
2 0.40555555555555556 0.3414814814814815 0.20277777777777778 0.18518518518518517
2 0.5550925925925926 0.4862962962962963 0.25277777777777777 0.19333333333333333
2 0.6981481481481482 0.3888888888888889 0.20092592592592592 0.16592592592592592
2 0.6791666666666667 0.5325925925925926 0.10462962962962963 0.1037037037037037
2 0.5212962962962963 0.6566666666666666 0.2462962962962963 0.1688888888888889
2 0.29814814814814816 0.5518518518518518 0.27037037037037037 0.18296296296296297
2 0.33055555555555555 0.39185185185185184 0.262037037037037 0.1711111111111111
15 0.6032407407407407 0.26222222222222225 0.09537037037037037 0.06518518518518518
15 0.3277777777777778 0.6866666666666666 0.0824074074074074 0.07185185185185185
15 0.6703703703703704 0.6025925925925926 0.10092592592592593 0.061481481481481484
15 0.5041666666666667 0.32851851851851854 0.06296296296296296 0.056296296296296296
15 0.35694444444444445 0.3751851851851852 0.06944444444444445 0.05185185185185185
15 0.3824074074074074 0.2777777777777778 0.06944444444444445 0.06074074074074074
15 0.5736111111111111 0.5025925925925926 0.062037037037037036 0.03481481481481481