14 0.46979629629629627 0.4902592592592593 0.7770370370370371 0.6381333333333333
2 0.37269444444444444 0.3570074074074074 0.1692685185185185 0.16422222222222221
2 0.5512037037037036 0.4788296296296296 0.22063888888888888 0.16497777777777778
2 0.6710092592592594 0.3632148148148148 0.1723796296296296 0.14435555555555554
2 0.6833425925925926 0.5072074074074074 0.086 0.0934
2 0.5548055555555556 0.6512148148148148 0.21962037037037035 0.1411851851851852
2 0.31260185185185185 0.5792148148148148 0.24105555555555552 0.15185185185185185
2 0.30950925925925926 0.41711111111111115 0.2348888888888889 0.14025925925925925
15 0.5499722222222222 0.25165185185185185 0.08450925925925926 0.053918518518518525
15 0.3709351851851852 0.707925925925926 0.06903703703703704 0.06276296296296296
15 0.690037037037037 0.5773407407407407 0.09149074074074075 0.04973333333333333
15 0.4670092592592593 0.3306814814814815 0.05285185185185185 0.04901481481481482
15 0.33196296296296296 0.3970518518518518 0.060537037037037035 0.04471851851851852
15 0.33582407407407405 0.29764444444444443 0.059 0.05331851851851852
15 0.5731203703703704 0.4921333333333333 0.056740740740740744 0.027474074074074078