14 0.5 0.5 1 1
9 0.12962962962962962 0.3773006134969325 0.08518518518518518 0.06237218813905931
9 0.7152777777777778 0.7556237218813906 0.075 0.0787321063394683
9 0.37407407407407406 0.6876278118609407 0.07685185185185185 0.08077709611451943
9 0.08333333333333333 0.5746421267893661 0.062037037037037036 0.06339468302658487
9 0.8 0.17535787321063395 0.06666666666666667 0.06646216768916155
9 0.9606481481481481 0.3502044989775051 0.0787037037037037 0.06646216768916155
9 0.8175925925925925 0.4601226993865031 0.11851851851851852 0.08077709611451943
9 0.5773148148148148 0.21830265848670757 0.13425925925925927 0.06646216768916155
9 0.39675925925925926 0.25255623721881393 0.07222222222222222 0.06952965235173825
9 0.262037037037037 0.200920245398773 0.07962962962962963 0.06952965235173825
9 0.3351851851851852 0.46932515337423314 0.06851851851851852 0.050102249488752554
9 0.412962962962963 0.44631901840490795 0.0824074074074074 0.06032719836400818
15 0.2111111111111111 0.5797546012269938 0.15925925925925927 0.14621676891615543
15 0.21944444444444444 0.3006134969325153 0.12685185185185185 0.12065439672801637
15 0.5032407407407408 0.19376278118609408 0.12222222222222222 0.09815950920245399
15 0.6083333333333333 0.5838445807770961 0.1824074074074074 0.15439672801635992
15 0.6731481481481482 0.3052147239263804 0.14537037037037037 0.11247443762781185