14 0.5170740740740741 0.5130185185185184 0.9580185185185186 0.9005185185185185
11 0.36910185185185185 0.6982407407407407 0.14355555555555555 0.15985185185185183
11 0.6385555555555555 0.7897777777777778 0.20098148148148148 0.18244444444444444
11 0.8098611111111111 0.5799907407407408 0.1786388888888889 0.16306481481481483
11 0.809287037037037 0.4390462962962963 0.1473888888888889 0.12294444444444444
11 0.6828611111111111 0.3320925925925926 0.2906666666666667 0.12385185185185184
11 0.6895185185185184 0.2066111111111111 0.1600462962962963 0.09501851851851852
11 0.5166944444444445 0.23229629629629628 0.13625925925925925 0.1292037037037037
11 0.46373148148148147 0.3639537037037037 0.08589814814814814 0.10857407407407407
11 0.5064537037037037 0.6051851851851852 0.1805 0.10650925925925926
11 0.64375 0.4704351851851852 0.14664814814814814 0.10438888888888888
11 0.4596574074074074 0.4761018518518519 0.14447222222222222 0.11159259259259259
11 0.24157407407407405 0.6169907407407408 0.13540740740740742 0.07143518518518518
11 0.30174074074074075 0.3156111111111111 0.11376851851851852 0.13534259259259257
11 0.2452222222222222 0.4472962962962963 0.15976851851851853 0.13214814814814815
4 0.389962962962963 0.21523148148148147 0.16017592592592594 0.107
4 0.19086111111111112 0.5730277777777778 0.09900925925925927 0.20409259259259258
4 0.646787037037037 0.5930925925925925 0.17752777777777776 0.1738425925925926
4 0.49923148148148144 0.7909814814814815 0.11946296296296298 0.2103611111111111