14 0.5 0.6151851851851852 1 0.7696296296296297
15 0.6356481481481482 0.5644444444444444 0.09351851851851851 0.09185185185185185
15 0.4685185185185185 0.5048148148148148 0.09814814814814815 0.08074074074074074
15 0.7865740740740741 0.6811111111111111 0.11296296296296296 0.1037037037037037
15 0.7476851851851852 0.9685185185185186 0.11203703703703703 0.06296296296296296
15 0.5347222222222222 0.8381481481481482 0.18888888888888888 0.12296296296296297
15 0.3814814814814815 0.9003703703703704 0.12314814814814815 0.08148148148148149
15 0.2935185185185185 0.6433333333333333 0.08981481481481482 0.08666666666666667
15 0.3143518518518518 0.36666666666666664 0.09814814814814815 0.06444444444444444
15 0.31342592592592594 0.48703703703703705 0.12222222222222222 0.0837037037037037
15 0.09398148148148149 0.6411111111111111 0.18796296296296297 0.1637037037037037
15 0.29212962962962963 0.42185185185185187 0.08703703703703704 0.0637037037037037