14 0.5 0.5022699386503068 1 0.9954601226993864
9 0.11764814814814815 0.43541922290388546 0.07892592592592593 0.050572597137014313
9 0.7455555555555556 0.7199693251533742 0.06649074074074074 0.06881390593047035
9 0.39896296296296296 0.7052044989775051 0.06833333333333333 0.07108384458077709
9 0.09659259259259259 0.6381799591002045 0.055796296296296295 0.055153374233128834
9 0.7563333333333334 0.1321472392638037 0.06 0.05752556237218814
9 0.9388888888888889 0.2809406952965235 0.07325 0.0551840490797546
9 0.8093333333333333 0.4115848670756646 0.11178703703703705 0.0652760736196319
9 0.5408981481481481 0.20939672801635992 0.13012962962962962 0.04701431492842535
9 0.3665648148148148 0.27073619631901835 0.06522222222222222 0.060664621676891614
9 0.22669444444444445 0.24063394683026584 0.07336111111111111 0.059519427402862986
9 0.33313888888888893 0.49506134969325155 0.06417592592592593 0.041451942740286296
9 0.4071944444444444 0.4604192229038855 0.07656481481481481 0.04939672801635992
15 0.22387037037037036 0.6233333333333333 0.14424074074074075 0.12533742331288344
15 0.1971111111111111 0.34549079754601225 0.11542592592592592 0.1036196319018405
15 0.4646388888888889 0.19634969325153373 0.1134351851851852 0.08140081799591002
15 0.6179537037037037 0.566523517382413 0.16697222222222224 0.12985685071574643
15 0.6470185185185185 0.28043967280163595 0.13560185185185183 0.09280163599182005