14 0.5026666666666667 0.49742592592592594 0.9909351851851852 0.9948518518518519
11 0.9090462962962963 0.7640648148148149 0.1617222222222222 0.16805555555555557
11 0.723925925925926 0.6231851851851852 0.1741851851851852 0.11371296296296296
11 0.9316851851851852 0.5943611111111111 0.12056481481481482 0.08789814814814816
11 0.4698981481481482 0.44830555555555557 0.12291666666666666 0.09208333333333334
11 0.15574074074074074 0.5768981481481481 0.17822222222222223 0.1445462962962963
11 0.6663425925925925 0.25596296296296295 0.09605555555555555 0.06542592592592593
11 0.9342592592592592 0.32180555555555557 0.10719444444444444 0.07449074074074075
11 0.8926018518518518 0.1592777777777778 0.09179629629629629 0.06958333333333334
11 0.7815277777777777 0.05538888888888889 0.09187037037037037 0.07168518518518519
11 0.6781944444444444 0.08214814814814815 0.0839351851851852 0.04764814814814815
11 0.6185462962962963 0.15877777777777777 0.11680555555555557 0.0610462962962963
11 0.06674074074074074 0.06207407407407408 0.09437962962962963 0.06653703703703703
11 0.048231481481481486 0.32693518518518516 0.06971296296296296 0.08390740740740742
11 0.3722314814814815 0.3125462962962963 0.12179629629629629 0.08065740740740741
11 0.14853703703703702 0.275 0.14325000000000002 0.05081481481481482
11 0.2683240740740741 0.1819074074074074 0.09013888888888888 0.05311111111111111
11 0.41075925925925927 0.09601851851851852 0.09725 0.08503703703703704
12 0.4586388888888889 0.6360555555555556 0.23292592592592593 0.2793240740740741
12 0.9234537037037037 0.2353888888888889 0.11646296296296296 0.061314814814814815
12 0.11917592592592594 0.18962037037037036 0.16223148148148148 0.08705555555555555
12 0.3161388888888889 0.03378703703703704 0.15489814814814815 0.053175925925925925
12 0.44416666666666665 0.2328148148148148 0.21961111111111112 0.08703703703703704
11 0.4353425925925926 0.6304444444444445 0.22500925925925924 0.1040925925925926