14 0.5057291666666667 0.6208333333333333 0.9885416666666667 0.7583333333333333
9 0.43802083333333336 0.7036458333333333 0.12083333333333333 0.084375
9 0.18645833333333334 0.7984375 0.1 0.08854166666666667
9 0.34010416666666665 0.8239583333333333 0.12916666666666668 0.09166666666666666
9 0.5567708333333333 0.7963541666666667 0.146875 0.11458333333333333
9 0.7963541666666667 0.521875 0.05416666666666667 0.06145833333333333
9 0.5369791666666667 0.4015625 0.078125 0.06354166666666666
9 0.5567708333333333 0.5427083333333333 0.15104166666666666 0.08958333333333333
9 0.2869791666666667 0.48020833333333335 0.09375 0.071875
9 0.2911458333333333 0.5984375 0.1625 0.10833333333333334
9 0.41770833333333335 0.5822916666666667 0.06770833333333333 0.07083333333333333
9 0.29791666666666666 0.7010416666666667 0.10729166666666666 0.07604166666666666
7 0.6557291666666667 0.6005208333333333 0.103125 0.08229166666666667
7 0.5666666666666667 0.45 0.096875 0.051041666666666666
7 0.5619791666666667 0.49322916666666666 0.058333333333333334 0.06041666666666667
7 0.6677083333333333 0.49947916666666664 0.11875 0.09166666666666666
7 0.7229166666666667 0.5479166666666667 0.1 0.04791666666666667
7 0.8036458333333333 0.5901041666666667 0.07395833333333333 0.06666666666666667
7 0.8885416666666667 0.60625 0.075 0.0625
7 0.8578125 0.6911458333333333 0.07604166666666666 0.065625
7 0.7807291666666667 0.6609375 0.08333333333333333 0.084375
7 0.7942708333333334 0.8291666666666667 0.07604166666666666 0.11875
7 0.9276041666666667 0.8307291666666666 0.11770833333333333 0.096875
7 0.934375 0.7619791666666667 0.12395833333333334 0.06979166666666667
7 0.94375 0.6921875 0.08541666666666667 0.052083333333333336
7 0.6135416666666667 0.859375 0.12083333333333333 0.11666666666666667
7 0.65 0.9385416666666667 0.18125 0.1125
7 0.5151041666666667 0.8765625 0.109375 0.121875
7 0.415625 0.9395833333333333 0.12083333333333333 0.12083333333333333
7 0.378125 0.8640625 0.07291666666666667 0.07291666666666667
7 0.2942708333333333 0.9197916666666667 0.12395833333333334 0.08229166666666667
7 0.23385416666666667 0.8635416666666667 0.11875 0.09791666666666667
7 0.25677083333333334 0.79375 0.075 0.08020833333333334
7 0.1390625 0.715625 0.12395833333333334 0.11458333333333333
7 0.23802083333333332 0.6786458333333333 0.12708333333333333 0.1375
7 0.16197916666666667 0.578125 0.08854166666666667 0.09270833333333334
7 0.28125 0.525 0.17916666666666667 0.09166666666666666
7 0.415625 0.4640625 0.134375 0.09895833333333333
7 0.46979166666666666 0.3927083333333333 0.06666666666666667 0.051041666666666666
8 0.390625 0.41770833333333335 0.06354166666666666 0.0375
8 0.5140625 0.9463541666666667 0.06458333333333334 0.051041666666666666
8 0.7265625 0.6947916666666667 0.06458333333333334 0.07291666666666667
8 0.7708333333333334 0.7432291666666667 0.08958333333333333 0.11145833333333334
8 0.8625 0.8197916666666667 0.05520833333333333 0.057291666666666664
8 0.6984375 0.8239583333333333 0.046875 0.04479166666666667
8 0.7276041666666667 0.8932291666666666 0.09895833333333333 0.08229166666666667
8 0.78125 0.6166666666666667 0.09166666666666666 0.07916666666666666
7 0.6302083333333334 0.4197916666666667 0.0875 0.09791666666666667