14 0.5 0.5 1 1
15 0.39861111111111114 0.43283582089552236 0.16296296296296298 0.15803336259877085
15 0.913425925925926 0.7651448639157156 0.17314814814814813 0.2080772607550483
15 0.6768518518518518 0.8621597892888498 0.30648148148148147 0.2589991220368745
15 0.5916666666666667 0.26251097453906935 0.1962962962962963 0.23266022827041263
11 0.6949074074074074 0.5952589991220368 0.3712962962962963 0.1984196663740123
11 0.2796296296296296 0.8090430201931519 0.41944444444444445 0.295873573309921
11 0.774537037037037 0.10974539069359086 0.2324074074074074 0.17822651448639157
11 0.6875 0.4490781387181738 0.3277777777777778 0.20368744512730466
15 0.1912037037037037 0.49692712906057945 0.1175925925925926 0.09833187006145742
15 0.12083333333333333 0.25065847234416155 0.13796296296296295 0.09745390693590869
15 0.06296296296296296 0.6251097453906936 0.1175925925925926 0.1360842844600527
15 0.9263888888888889 0.6194029850746269 0.14722222222222223 0.26251097453906935