14 0.5 0.5 1 1
11 0.9236111111111112 0.712037037037037 0.1527777777777778 0.18703703703703703
11 0.7375 0.5949074074074074 0.18703703703703703 0.13333333333333333
11 0.937037037037037 0.5407407407407407 0.1259259259259259 0.10185185185185185
11 0.4638888888888889 0.45231481481481484 0.13333333333333333 0.10648148148148148
11 0.1675925925925926 0.6180555555555556 0.19444444444444445 0.1648148148148148
11 0.6351851851851852 0.2375 0.1037037037037037 0.07685185185185185
11 0.9092592592592592 0.27037037037037037 0.11574074074074074 0.08703703703703704
11 0.8481481481481481 0.11388888888888889 0.1 0.08055555555555556
11 0.725462962962963 0.03287037037037037 0.10092592592592593 0.06574074074074074
11 0.6259259259259259 0.06342592592592593 0.08888888888888889 0.05740740740740741
11 0.575925925925926 0.14675925925925926 0.12314814814814815 0.07407407407407407
11 0.033796296296296297 0.1175925925925926 0.06759259259259259 0.07777777777777778
11 0.03518518518518519 0.38287037037037036 0.07037037037037037 0.09166666666666666
11 0.350462962962963 0.3296296296296296 0.13148148148148148 0.09444444444444444
11 0.12361111111111112 0.3194444444444444 0.14814814814814814 0.06759259259259259
11 0.23148148148148148 0.2125 0.09537037037037037 0.06296296296296296
11 0.36203703703703705 0.10972222222222222 0.10648148148148148 0.0962962962962963
12 0.475462962962963 0.6402777777777777 0.26481481481481484 0.3055555555555556
12 0.887962962962963 0.18564814814814815 0.12314814814814815 0.075
12 0.08472222222222223 0.23842592592592593 0.16944444444444445 0.10648148148148148
12 0.26064814814814813 0.059722222222222225 0.16018518518518518 0.0712962962962963
12 0.41203703703703703 0.24166666666666667 0.22870370370370371 0.11296296296296296
11 0.45185185185185184 0.6375 0.2361111111111111 0.13055555555555556