14 0.5 0.5 1 1
15 0.399537037037037 0.4310798946444249 0.16111111111111112 0.15715539947322213
15 0.9115740740740741 0.7726075504828798 0.17685185185185184 0.20719929762949957
15 0.6699074074074074 0.8647936786654961 0.30462962962962964 0.25548726953467954
15 0.5958333333333333 0.2642669007901668 0.1935185185185185 0.2317822651448639
11 0.6930555555555555 0.5983318700614574 0.3712962962962963 0.19315188762071994
11 0.27361111111111114 0.8050921861281826 0.41759259259259257 0.2906057945566286
11 0.7814814814814814 0.1141352063213345 0.23148148148148148 0.17559262510974538
11 0.6884259259259259 0.45215100965759436 0.3277777777777778 0.199297629499561
15 0.1912037037037037 0.49209833187006147 0.11666666666666667 0.09657594381035997
15 0.12546296296296297 0.24451273046532046 0.13796296296296295 0.09569798068481124
15 0.060648148148148145 0.6180860403863038 0.11574074074074074 0.13520632133450394
15 0.9263888888888889 0.6277436347673397 0.14722222222222223 0.26163301141352063