14 0.5 0.5 1 1
7 0.4722222222222222 0.7485779294653014 0.10277777777777777 0.1285551763367463
7 0.7185185185185186 0.7718998862343572 0.11481481481481481 0.1217292377701934
7 0.5722222222222222 0.626848691695108 0.11481481481481481 0.13765642775881684
7 0.2884259259259259 0.7417519908987485 0.12777777777777777 0.161547212741752
7 0.14212962962962963 0.5534698521046644 0.06574074074074074 0.09442548350398179
7 0.20046296296296295 0.3191126279863481 0.1 0.15927189988623436
7 0.3106481481481482 0.39761092150170646 0.09166666666666666 0.10011376564277588
7 0.8078703703703703 0.2775881683731513 0.1111111111111111 0.10352673492605233
7 0.6689814814814815 0.1626848691695108 0.23981481481481481 0.16609783845278725
7 0.44212962962962965 0.4664391353811149 0.08981481481481482 0.11945392491467577
4 0.43148148148148147 0.2025028441410694 0.16666666666666666 0.17633674630261661
4 0.2074074074074074 0.4709897610921502 0.1287037037037037 0.16609783845278725
4 0.6087962962962963 0.4391353811149033 0.25833333333333336 0.2434584755403868
7 0.8722222222222222 0.42775881683731515 0.07037037037037037 0.08873720136518772
7 0.7907407407407407 0.47042093287827075 0.08333333333333333 0.06257110352673492
7 0.8240740740740741 0.5193401592718999 0.0787037037037037 0.06825938566552901
7 0.8425925925925926 0.33276450511945393 0.06759259259259259 0.048919226393629126
7 0.6759259259259259 0.2906712172923777 0.05462962962962963 0.03981797497155859
7 0.44722222222222224 0.08873720136518772 0.058333333333333334 0.06029579067121729
7 0.40370370370370373 0.07963594994311718 0.026851851851851852 0.03754266211604096
7 0.26435185185185184 0.1552901023890785 0.05185185185185185 0.05005688282138794
7 0.3282407407407407 0.24914675767918087 0.06296296296296296 0.06939704209328783
7 0.2518518518518518 0.27986348122866894 0.05740740740740741 0.038680318543799774
7 0.1361111111111111 0.4732650739476678 0.04814814814814815 0.04778156996587031
7 0.11388888888888889 0.5335608646188851 0.06759259259259259 0.07053469852104664
7 0.26064814814814813 0.8850967007963595 0.0787037037037037 0.0875995449374289
7 0.375 0.8196814562002275 0.05740740740740741 0.0875995449374289
7 0.3800925925925926 0.7059158134243458 0.05648148148148148 0.06370875995449374
7 0.300462962962963 0.5995449374288965 0.09259259259259259 0.07622298065984073
7 0.37083333333333335 0.47440273037542663 0.06944444444444445 0.07167235494880546
7 0.41944444444444445 0.3981797497155859 0.05462962962962963 0.051194539249146756
7 0.2962962962962963 0.47952218430034127 0.07962962962962963 0.08418657565415244
7 0.25324074074074077 0.24004550625711035 0.04537037037037037 0.055745164960182024
7 0.2111111111111111 0.35381114903299204 0.06296296296296296 0.05915813424345848