14 0.5 0.5 1 1
0 0.6588235294117647 0.40041710114702816 0.2568627450980392 0.17205422314911367
0 0.5446078431372549 0.7554744525547445 0.14313725490196078 0.13555787278415016
0 0.615686274509804 0.1454640250260688 0.14215686274509803 0.1678832116788321
11 0.7455882352941177 0.12356621480709072 0.10490196078431373 0.16579770594369134
11 0.8509803921568627 0.2273201251303441 0.13529411764705881 0.1386861313868613
11 0.8754901960784314 0.47184567257559956 0.12352941176470589 0.15224191866527634
11 0.4387254901960784 0.2523461939520334 0.1607843137254902 0.12825860271115747
11 0.4176470588235294 0.6261730969760166 0.14019607843137255 0.19290928050052136
4 0.41127450980392155 0.42179353493222105 0.2784313725490196 0.28258602711157454
4 0.5632352941176471 0.5964546402502607 0.18823529411764706 0.1908237747653806
4 0.8279411764705882 0.7038581856100105 0.34411764705882353 0.21689259645464026
4 0.4661764705882353 0.11783107403545359 0.15294117647058825 0.11887382690302398