14 0.5082314814814815 0.4875085324232082 0.9835370370370371 0.9421501706484642
7 0.44110185185185186 0.7403640500568828 0.09002777777777778 0.11300341296928328
7 0.681287037037037 0.8105233219567691 0.10245370370370371 0.10313993174061432
7 0.5552962962962963 0.6392832764505119 0.1013425925925926 0.11948805460750854
7 0.2600925925925926 0.6980204778156996 0.11071296296296296 0.14208191126279865
7 0.13976851851851851 0.483811149032992 0.05525 0.08531285551763367
7 0.22718518518518518 0.2639135381114903 0.08193518518518518 0.14607508532423208
7 0.3259166666666667 0.3624914675767918 0.08187037037037037 0.08536973833902162
7 0.8324351851851851 0.3397383390216155 0.1010925925925926 0.08538111490329921
7 0.7100277777777778 0.19945392491467576 0.22664814814814815 0.12335608646188852
7 0.4472777777777778 0.45600682593856656 0.07768518518518519 0.10554038680318543
4 0.4702962962962963 0.1928782707622298 0.14944444444444446 0.14937428896473268
4 0.2148611111111111 0.41540386803185436 0.1107962962962963 0.14693970420932878
4 0.6153796296296297 0.4609215017064846 0.2359074074074074 0.20006825938566555
7 0.8767222222222222 0.5004209328782707 0.06105555555555555 0.07807736063708759
7 0.7910648148148148 0.5269624573378839 0.07800925925925926 0.047736063708759956
7 0.8175555555555556 0.5816496018202503 0.07236111111111111 0.05472127417519909
7 0.8597407407407407 0.4005346985210466 0.06413888888888888 0.03756541524459613
7 0.7005185185185184 0.32688282138794084 0.051240740740740746 0.030580204778156997
7 0.5001296296296296 0.08382252559726963 0.05273148148148148 0.05134243458475541
7 0.4582037037037037 0.06642775881683731 0.023398148148148147 0.03300341296928328
7 0.3113240740740741 0.11416382252559726 0.047546296296296295 0.04124004550625711
7 0.3622592592592593 0.21941979522184302 0.05681481481481481 0.05835039817974971
7 0.28276851851851853 0.23458475540386803 0.05525 0.02802047781569966
7 0.1438611111111111 0.4033788395904437 0.04287037037037037 0.03946530147895335
7 0.11428703703703705 0.45901023890784987 0.060870370370370366 0.059726962457337884
7 0.21460185185185185 0.8345164960182024 0.0701574074074074 0.07506257110352674
7 0.3360185185185185 0.7915358361774744 0.047546296296296295 0.08010238907849829
7 0.35556481481481483 0.6802730375426621 0.04961111111111111 0.054766780432309446
7 0.2902314814814815 0.5598407281001138 0.08561111111111111 0.06039817974971559
7 0.3758888888888889 0.4498407281001138 0.062481481481481485 0.06035267349260523
7 0.43325 0.38409556313993176 0.05065740740740741 0.04261660978384528
7 0.3015462962962963 0.4403640500568828 0.07120370370370371 0.0717292377701934
7 0.2892037037037037 0.19602957906712173 0.04033333333333333 0.04948805460750853
7 0.23312037037037037 0.3000227531285552 0.05781481481481481 0.048907849829351535