14 0.5 0.5003703703703704 1 0.9962962962962963
2 0.22685185185185186 0.5618518518518518 0.26666666666666666 0.1325925925925926
2 0.6347222222222222 0.6277777777777778 0.3398148148148148 0.17333333333333334
2 0.6106481481481482 0.35444444444444445 0.20925925925925926 0.20814814814814814
2 0.3 0.3359259259259259 0.3537037037037037 0.1674074074074074
2 0.48657407407407405 0.21851851851851853 0.14074074074074075 0.10444444444444445
2 0.8652777777777778 0.3118518518518518 0.14074074074074075 0.15407407407407409
4 0.11898148148148148 0.45037037037037037 0.21296296296296297 0.10148148148148148
4 0.4634259259259259 0.4551851851851852 0.1425925925925926 0.1348148148148148
4 0.42268518518518516 0.7559259259259259 0.20925925925925926 0.18444444444444444
4 0.6046296296296296 0.21518518518518517 0.12222222222222222 0.11259259259259259
4 0.36574074074074076 0.22481481481481483 0.16944444444444445 0.09111111111111111
4 0.7138888888888889 0.5040740740740741 0.17407407407407408 0.1111111111111111