14 0.5106481481481482 0.4199074074074074 0.8814814814814815 0.7935185185185185
4 0.55 0.3472222222222222 0.09907407407407408 0.10555555555555556
4 0.5842592592592593 0.5666666666666667 0.09814814814814815 0.09537037037037037
4 0.46296296296296297 0.4337962962962963 0.13333333333333333 0.1361111111111111
4 0.325 0.5319444444444444 0.15648148148148147 0.125
4 0.55 0.6523148148148148 0.09351851851851851 0.07222222222222222
4 0.7509259259259259 0.40694444444444444 0.11481481481481481 0.17407407407407408
4 0.4050925925925926 0.2800925925925926 0.1 0.11018518518518519
4 0.2263888888888889 0.2587962962962963 0.09074074074074075 0.08055555555555556
4 0.34120370370370373 0.35833333333333334 0.11481481481481481 0.08333333333333333
4 0.42314814814814816 0.1310185185185185 0.11851851851851852 0.07685185185185185
4 0.5856481481481481 0.16527777777777777 0.09722222222222222 0.11574074074074074
4 0.6625 0.24259259259259258 0.12962962962962962 0.11944444444444445
4 0.6162037037037037 0.399537037037037 0.11944444444444445 0.10833333333333334
4 0.6643518518518519 0.6078703703703704 0.08796296296296297 0.11203703703703703