14 0.5062962962962962 0.4194259259259259 0.8438611111111111 0.7503796296296296
4 0.5418981481481482 0.3449259259259259 0.09407407407407407 0.10137962962962963
4 0.5876666666666667 0.5619629629629629 0.09301851851851851 0.091
4 0.4596111111111111 0.4359537037037037 0.1270462962962963 0.12911111111111112
4 0.3269814814814815 0.5408981481481481 0.15056481481481482 0.11778703703703704
4 0.5578611111111111 0.6494074074074074 0.09002777777777778 0.06743518518518518
4 0.7455277777777778 0.3937777777777777 0.10628703703703704 0.16822222222222222
4 0.3937962962962963 0.2852685185185185 0.09417592592592593 0.10552777777777778
4 0.21432407407407408 0.27344444444444443 0.0870925925925926 0.0757037037037037
4 0.3341388888888889 0.3670462962962963 0.11066666666666666 0.07771296296296297
4 0.40407407407407403 0.13562037037037036 0.11473148148148148 0.07164814814814814
4 0.5681203703703704 0.16132407407407406 0.09097222222222222 0.11072222222222222
4 0.6488888888888888 0.23437962962962963 0.12402777777777776 0.11353703703703705
4 0.6108333333333333 0.3938148148148148 0.11372222222222221 0.10332407407407408
4 0.6696203703703704 0.5989537037037037 0.08246296296296296 0.10778703703703703