14 0.5 0.4486111111111111 1 0.5342592592592592
7 0.2986111111111111 0.41759259259259257 0.3287037037037037 0.13518518518518519
7 0.9629629629629629 0.5601851851851852 0.07407407407407407 0.09814814814814815
7 0.41388888888888886 0.34120370370370373 0.14444444444444443 0.07314814814814814
7 0.1837962962962963 0.31157407407407406 0.13240740740740742 0.1111111111111111
9 0.5671296296296297 0.40694444444444444 0.10462962962962963 0.08055555555555556
9 0.6453703703703704 0.3 0.08148148148148149 0.07037037037037037
9 0.9518518518518518 0.48564814814814816 0.0962962962962963 0.06388888888888888
9 0.7875 0.5231481481481481 0.07314814814814814 0.06666666666666667
9 0.6856481481481481 0.49537037037037035 0.08703703703703704 0.06296296296296296
9 0.10648148148148148 0.3680555555555556 0.06759259259259259 0.04259259259259259
4 0.07453703703703704 0.425462962962963 0.14907407407407408 0.2175925925925926
4 0.33194444444444443 0.5310185185185186 0.36203703703703705 0.14351851851851852
4 0.6509259259259259 0.5680555555555555 0.28425925925925927 0.10925925925925926
4 0.7430555555555556 0.4287037037037037 0.1787037037037037 0.1388888888888889