14 0.5002314814814814 0.44878703703703704 0.999537037037037 0.4660925925925926
7 0.30498148148148146 0.40371296296296294 0.322 0.11206481481481481
7 0.9588703703703703 0.5923148148148148 0.0695925925925926 0.09390740740740741
7 0.42512037037037037 0.3354537037037037 0.14097222222222222 0.06350925925925927
7 0.1975925925925926 0.2900925925925926 0.12573148148148147 0.1024074074074074
9 0.5734814814814815 0.4118148148148148 0.09975 0.07364814814814816
9 0.6588981481481482 0.31069444444444444 0.0770462962962963 0.0649074074074074
9 0.9523888888888888 0.5178055555555555 0.09366666666666666 0.05784259259259259
9 0.7850462962962963 0.5432685185185185 0.0691574074074074 0.062453703703703706
9 0.6855092592592593 0.5085555555555555 0.08306481481481481 0.05785185185185185
9 0.11658333333333333 0.34101851851851855 0.06556481481481481 0.03758333333333334
4 0.07723148148148148 0.3962962962962963 0.14426851851851852 0.20833333333333334
4 0.3302407407407408 0.5194537037037037 0.3543425925925926 0.11941666666666667
4 0.6459444444444444 0.578462962962963 0.27847222222222223 0.08937037037037036
4 0.7475370370370371 0.4460648148148148 0.17008333333333334 0.12730555555555556