14 0.4979166666666667 0.4979166666666667 0.9958333333333333 0.9958333333333333
12 0.49849074074074073 0.42153703703703704 0.11642592592592592 0.1245462962962963
12 0.6158518518518519 0.5085740740740741 0.10718518518518519 0.07174074074074074
12 0.6706944444444445 0.36483333333333334 0.10899074074074074 0.1454074074074074
12 0.7496388888888889 0.4794259259259259 0.08962037037037038 0.1392962962962963
12 0.8334166666666667 0.3220648148148148 0.12424074074074075 0.10217592592592592
12 0.729037037037037 0.6543703703703704 0.12618518518518518 0.12274074074074075
12 0.6725462962962964 0.09710185185185186 0.16824074074074072 0.07753703703703703
12 0.8163055555555556 0.14225 0.2340648148148148 0.06827777777777777
12 0.4137777777777778 0.23339814814814813 0.08588888888888889 0.12326851851851851
12 0.4647037037037037 0.08621296296296296 0.021064814814814814 0.16224074074074074
12 0.1515277777777778 0.46458333333333335 0.08453703703703704 0.07175925925925926
12 0.06287962962962963 0.581212962962963 0.08779629629629629 0.0827962962962963
12 0.0349537037037037 0.6719444444444445 0.0699074074074074 0.061648148148148146
12 0.06705555555555556 0.7545648148148147 0.0982962962962963 0.07512962962962963
13 0.08162962962962962 0.020287037037037037 0.0651111111111111 0.0390462962962963
13 0.23300925925925928 0.10242592592592593 0.06230555555555556 0.05577777777777778
13 0.25707407407407407 0.2067962962962963 0.09192592592592592 0.046925925925925926
13 0.3003611111111111 0.2699814814814815 0.0535 0.05354629629629629
13 0.36887037037037035 0.10312037037037038 0.060898148148148146 0.08030555555555556
13 0.22723148148148148 0.03718518518518518 0.20387037037037037 0.0654351851851852
7 0.28810185185185183 0.14319444444444446 0.15157407407407406 0.1960185185185185
2 0.18602777777777776 0.3248333333333333 0.11035185185185185 0.09662037037037037
2 0.08650000000000001 0.21237037037037038 0.13348148148148148 0.09007407407407407
2 0.04652777777777778 0.3419537037037037 0.09305555555555556 0.07163888888888889
8 0.603574074074074 0.22298148148148147 0.0951111111111111 0.10708333333333334
8 0.7463981481481482 0.20264814814814816 0.10535185185185185 0.06322222222222222
8 0.8241574074074074 0.08251851851851852 0.08720370370370371 0.11781481481481482
8 0.5855277777777778 0.05639814814814814 0.11690740740740742 0.09646296296296297
8 0.6466388888888889 0.1334537037037037 0.08728703703703704 0.07660185185185185
8 0.5022037037037037 0.1397037037037037 0.09466666666666666 0.1224074074074074
9 0.3251296296296296 0.503462962962963 0.052111111111111115 0.05692592592592592
9 0.4397037037037037 0.5876944444444445 0.06365740740740741 0.058722222222222224
9 0.2855462962962963 0.6261111111111112 0.06090740740740741 0.05222222222222222
9 0.3438796296296296 0.64325 0.06316666666666666 0.05238888888888889
9 0.5285833333333333 0.6932222222222222 0.056240740740740744 0.06606481481481481
9 0.6058888888888889 0.8181851851851851 0.0534537037037037 0.05673148148148149
9 0.44757407407407407 0.8427314814814815 0.059481481481481475 0.0700925925925926
9 0.3457222222222222 0.7591666666666667 0.08867592592592592 0.08222222222222222
9 0.22398148148148148 0.723537037037037 0.058138888888888886 0.057249999999999995
11 0.4279351851851852 0.7267592592592592 0.1361111111111111 0.1337685185185185
11 0.5668333333333333 0.8354259259259259 0.13985185185185184 0.13628703703703704
11 0.23130555555555557 0.7431203703703704 0.13174074074074074 0.13315740740740742
11 0.32360185185185186 0.5409166666666667 0.13485185185185183 0.1324537037037037
11 0.3606388888888889 0.8922314814814815 0.15708333333333332 0.11655555555555555
11 0.185 0.8737037037037038 0.1354351851851852 0.1239537037037037