14 0.5094907407407407 0.4669243287225387 0.9810185185185185 0.884206672091131
2 0.25128703703703703 0.7181855166802278 0.14053703703703704 0.1214727420667209
2 0.1762962962962963 0.5557038242473556 0.17573148148148146 0.11790886899918633
2 0.22512962962962962 0.4040032546786005 0.11137962962962963 0.08302685109845404
2 0.4494166666666667 0.37776240846216436 0.14791666666666667 0.1159886086248983
2 0.7554074074074074 0.39708706265256305 0.1765648148148148 0.10987794955248169
2 0.7521666666666667 0.17502034174125305 0.1978611111111111 0.1376647681041497
2 0.46423148148148147 0.20755085435313264 0.1405 0.13764849471114726
4 0.6794907407407408 0.45766476810414974 0.28397222222222224 0.2229048006509357
4 0.2559166666666667 0.6711960943856794 0.18683333333333332 0.18616761594792516
4 0.21332407407407405 0.4497558991049634 0.13869444444444443 0.10537021969080554
4 0.4829814814814815 0.1866232709519935 0.1918888888888889 0.14697314890154597