14 0.5 0.5 1 1
11 0.6351851851851852 0.7298507462686568 0.24537037037037038 0.1962686567164179
11 0.549074074074074 0.41940298507462687 0.20185185185185187 0.15597014925373134
11 0.8763888888888889 0.4380597014925373 0.17222222222222222 0.14925373134328357
11 0.950462962962963 0.19552238805970149 0.09907407407407408 0.10298507462686567
11 0.6300925925925925 0.13582089552238805 0.1574074074074074 0.1044776119402985
11 0.2949074074074074 0.23134328358208955 0.16296296296296298 0.10149253731343283
11 0.07962962962962963 0.4619402985074627 0.15925925925925927 0.19701492537313434
12 0.2050925925925926 0.6712686567164179 0.2518518518518518 0.16865671641791044
12 0.32546296296296295 0.36902985074626865 0.1361111111111111 0.08955223880597014
12 0.4199074074074074 0.12462686567164179 0.1638888888888889 0.10597014925373134
12 0.8453703703703703 0.0962686567164179 0.12777777777777777 0.07238805970149254
12 0.8143518518518519 0.2608208955223881 0.1388888888888889 0.1
12 0.9537037037037037 0.3440298507462687 0.09259259259259259 0.08656716417910448
12 0.8393518518518519 0.5835820895522388 0.20185185185185187 0.14402985074626865
4 0.6222222222222222 0.2638059701492537 0.2916666666666667 0.18208955223880596
4 0.38564814814814813 0.5582089552238806 0.2814814814814815 0.21641791044776118
4 0.8023148148148148 0.16343283582089552 0.17407407407407408 0.11567164179104478
4 0.7203703703703703 0.43843283582089554 0.18425925925925926 0.14253731343283582
4 0.20925925925925926 0.3996268656716418 0.16944444444444445 0.14850746268656717