14 0.5995370370370371 0.43287037037037035 0.8009259259259259 0.7324074074074074
7 0.4263888888888889 0.5148148148148148 0.10277777777777777 0.11574074074074074
7 0.6898148148148148 0.33101851851851855 0.14074074074074075 0.10555555555555556
7 0.8421296296296297 0.2611111111111111 0.13333333333333333 0.11388888888888889
7 0.8314814814814815 0.3851851851851852 0.10648148148148148 0.07037037037037037
7 0.44305555555555554 0.29768518518518516 0.06851851851851852 0.04259259259259259
6 0.3763888888888889 0.3537037037037037 0.10462962962962963 0.07777777777777778
6 0.3449074074074074 0.42083333333333334 0.04351851851851852 0.040740740740740744
6 0.537962962962963 0.45416666666666666 0.13333333333333333 0.10462962962962963
6 0.5763888888888888 0.5717592592592593 0.06666666666666667 0.04814814814814815
6 0.6171296296296296 0.5337962962962963 0.06666666666666667 0.04814814814814815
6 0.7393518518518518 0.562037037037037 0.11481481481481481 0.05925925925925926
6 0.8731481481481481 0.4648148148148148 0.028703703703703703 0.002777777777777778
6 0.9217592592592593 0.600462962962963 0.11666666666666667 0.06111111111111111
6 0.9222222222222223 0.4601851851851852 0.05925925925925926 0.05277777777777778
6 0.7930555555555555 0.43148148148148147 0.09444444444444444 0.040740740740740744
6 0.7601851851851852 0.2490740740740741 0.04814814814814815 0.03981481481481482
6 0.8282407407407407 0.32592592592592595 0.09259259259259259 0.04351851851851852
6 0.9314814814814815 0.29212962962962963 0.05740740740740741 0.06944444444444445
6 0.875462962962963 0.18194444444444444 0.06296296296296296 0.07685185185185185
6 0.6726851851851852 0.13657407407407407 0.10833333333333334 0.053703703703703705
6 0.49907407407407406 0.21944444444444444 0.07777777777777778 0.09074074074074075
6 0.6129629629629629 0.20555555555555555 0.041666666666666664 0.03148148148148148
6 0.9305555555555556 0.08101851851851852 0.046296296296296294 0.027777777777777776
6 0.9013888888888889 0.12361111111111112 0.04722222222222222 0.023148148148148147
6 0.9486111111111111 0.37453703703703706 0.09074074074074075 0.05277777777777778
7 0.8 0.5208333333333334 0.09444444444444444 0.07037037037037037
7 0.6888888888888889 0.42777777777777776 0.07685185185185185 0.09907407407407408
6 0.5972222222222222 0.3143518518518518 0.08518518518518518 0.062037037037037036
6 0.6967592592592593 0.2152777777777778 0.05092592592592592 0.025925925925925925
6 0.95 0.17314814814814813 0.07407407407407407 0.05092592592592592
6 0.9796296296296296 0.1287037037037037 0.023148148148148147 0.03611111111111111
6 0.43333333333333335 0.24861111111111112 0.06759259259259259 0.03518518518518519
6 0.6199074074074075 0.46805555555555556 0.040740740740740744 0.03981481481481482
6 0.3972222222222222 0.4162037037037037 0.041666666666666664 0.027777777777777776
6 0.6722222222222223 0.3731481481481482 0.08518518518518518 0.049074074074074076
6 0.4703703703703704 0.362962962962963 0.05925925925925926 0.04259259259259259