14 0.5 0.5 1 1
12 0.4875 0.42268518518518516 0.13240740740740742 0.1398148148148148
12 0.6157407407407407 0.4925925925925926 0.11666666666666667 0.08611111111111111
12 0.65 0.3425925925925926 0.1287037037037037 0.15925925925925927
12 0.7444444444444445 0.4449074074074074 0.10833333333333334 0.15
12 0.8055555555555556 0.2773148148148148 0.13703703703703704 0.11851851851851852
12 0.7481481481481481 0.6208333333333333 0.1425925925925926 0.1398148148148148
12 0.6148148148148148 0.07685185185185185 0.17685185185185184 0.1
12 0.763425925925926 0.10185185185185185 0.24166666666666667 0.1
12 0.3773148148148148 0.24814814814814815 0.10277777777777777 0.13425925925925927
12 0.4074074074074074 0.09537037037037037 0.04259259259259259 0.16296296296296298
12 0.15 0.513425925925926 0.09351851851851851 0.0824074074074074
12 0.07824074074074074 0.6412037037037037 0.09814814814814815 0.09351851851851851
12 0.06296296296296296 0.7347222222222223 0.07777777777777778 0.0712962962962963
12 0.10648148148148148 0.8125 0.10833333333333334 0.08888888888888889
13 0.026851851851851852 0.08287037037037037 0.053703703703703705 0.04722222222222222
13 0.18009259259259258 0.14351851851851852 0.06944444444444445 0.06481481481481481
13 0.21851851851851853 0.24351851851851852 0.09722222222222222 0.05925925925925926
13 0.27037037037037037 0.3 0.06018518518518518 0.06018518518518518
13 0.3148148148148148 0.12546296296296297 0.0712962962962963 0.08796296296296297
13 0.16527777777777777 0.07962962962962963 0.2111111111111111 0.09259259259259259
7 0.24027777777777778 0.17592592592592593 0.17777777777777778 0.21481481481481482
2 0.1648148148148148 0.37037037037037035 0.12222222222222222 0.1111111111111111
2 0.06157407407407407 0.2722222222222222 0.12314814814814815 0.10740740740740741
2 0.03981481481481482 0.4064814814814815 0.07962962962962963 0.08333333333333333
8 0.5638888888888889 0.2111111111111111 0.10925925925925926 0.11944444444444445
8 0.7027777777777777 0.1712962962962963 0.11296296296296296 0.07685185185185185
8 0.7625 0.05277777777777778 0.10277777777777777 0.10555555555555556
8 0.5231481481481481 0.052314814814814814 0.12962962962962962 0.10462962962962963
8 0.5939814814814814 0.11666666666666667 0.09722222222222222 0.08796296296296297
8 0.45185185185185184 0.14305555555555555 0.1111111111111111 0.13425925925925927
9 0.32731481481481484 0.5277777777777778 0.05925925925925926 0.06296296296296296
9 0.45231481481481484 0.5953703703703703 0.07037037037037037 0.06666666666666667
9 0.3050925925925926 0.6546296296296297 0.06666666666666667 0.06018518518518518
9 0.36527777777777776 0.663425925925926 0.07037037037037037 0.06111111111111111
9 0.5550925925925926 0.6875 0.06481481481481481 0.07314814814814814
9 0.649074074074074 0.8004629629629629 0.06111111111111111 0.06388888888888888
9 0.49583333333333335 0.8467592592592592 0.06944444444444445 0.07777777777777778
9 0.38333333333333336 0.7782407407407408 0.09907407407407408 0.09351851851851851
9 0.25787037037037036 0.7597222222222222 0.06481481481481481 0.06388888888888888
11 0.4601851851851852 0.7347222222222223 0.1537037037037037 0.15092592592592594
11 0.6129629629629629 0.8226851851851852 0.1574074074074074 0.15462962962962962
11 0.2675925925925926 0.7782407407407408 0.14907407407407408 0.15
11 0.33101851851851855 0.5652777777777778 0.15185185185185185 0.15
11 0.4166666666666667 0.9078703703703703 0.1712962962962963 0.13703703703703704
11 0.24027777777777778 0.9138888888888889 0.15092592592592594 0.14166666666666666