14 0.598925925925926 0.14767826086956523 0.5487777777777777 0.22927826086956524
14 0.544212962962963 0.6947826086956522 0.9115740740740741 0.6104347826086957
2 0.49014814814814817 0.7131826086956522 0.2664166666666667 0.11679130434782609
2 0.8526296296296296 0.5834434782608696 0.1487685185185185 0.08774782608695651
2 0.8977592592592593 0.7929739130434782 0.09552777777777778 0.10188695652173914
2 0.9253055555555556 0.920095652173913 0.1330185185185185 0.050234782608695655
2 0.9666666666666667 0.6549391304347826 0.06666666666666667 0.10466086956521739
2 0.7618981481481482 0.6525478260869565 0.05990740740740741 0.07814782608695653
2 0.7943055555555556 0.7766521739130434 0.004907407407407407 0.0002695652173913043
4 0.5254814814814814 0.5961217391304348 0.21268518518518517 0.10586086956521738
4 0.6137777777777778 0.8796695652173913 0.44112962962962965 0.21383478260869565
4 0.8131574074074075 0.7257130434782609 0.07693518518518519 0.10418260869565217