14 0.500244140625 0.51001953125 0.99951171875 0.9799609375
5 0.154931640625 0.692548828125 0.162392578125 0.14388671875
5 0.763291015625 0.661591796875 0.12478515625 0.11822265625
5 0.45349609375 0.21052734375 0.080810546875 0.092919921875
12 0.150771484375 0.548056640625 0.29568359375 0.186923828125
12 0.3109375 0.785078125 0.145712890625 0.076318359375
12 0.605576171875 0.7962890625 0.214072265625 0.073037109375
12 0.514033203125 0.693291015625 0.08470703125 0.091650390625
12 0.9384765625 0.5417578125 0.123046875 0.1479296875
12 0.788916015625 0.40650390625 0.116884765625 0.099150390625
12 0.629248046875 0.1473046875 0.217490234375 0.1178515625
12 0.465458984375 0.12291015625 0.041259765625 0.069052734375
12 0.363896484375 0.110703125 0.072529296875 0.0739453125
12 0.419794921875 0.457275390625 0.198974609375 0.103017578125
8 0.647080078125 0.69181640625 0.162314453125 0.1180078125
8 0.837001953125 0.52755859375 0.16912109375 0.12640625
8 0.688583984375 0.1866015625 0.087119140625 0.093916015625
8 0.4217578125 0.36013671875 0.105224609375 0.074765625
8 0.158349609375 0.14853515625 0.06181640625 0.0568359375
10 0.188134765625 0.416025390625 0.092080078125 0.084013671875
10 0.552119140625 0.433837890625 0.102275390625 0.13427734375
10 0.074619140625 0.59615234375 0.084775390625 0.043876953125
10 0.7974609375 0.280087890625 0.080263671875 0.07091796875
10 0.8641015625 0.21125 0.150078125 0.157841796875
10 0.417109375 0.261044921875 0.169189453125 0.062138671875
12 0.147587890625 0.292451171875 0.164970703125 0.138291015625
12 0.25501953125 0.24068359375 0.13765625 0.11677734375
12 0.39044921875 0.195087890625 0.072578125 0.072470703125
12 0.660341796875 0.324345703125 0.077197265625 0.045830078125
12 0.760615234375 0.316533203125 0.105869140625 0.07708984375