14 0.5 0.5 1 1
15 0.296875 0.41875 0.14270833333333333 0.15833333333333333
15 0.4317708333333333 0.15885416666666666 0.15520833333333334 0.09895833333333333
15 0.5776041666666667 0.24322916666666666 0.10833333333333334 0.11875
15 0.8333333333333334 0.32916666666666666 0.15833333333333333 0.14270833333333333
15 0.64375 0.3796875 0.128125 0.1375
15 0.47604166666666664 0.6614583333333334 0.12916666666666668 0.13958333333333334
2 0.4661458333333333 0.42239583333333336 0.18541666666666667 0.19895833333333332
2 0.578125 0.434375 0.11770833333333333 0.11770833333333333
4 0.38385416666666666 0.553125 0.31666666666666665 0.14895833333333333
4 0.6958333333333333 0.571875 0.246875 0.22395833333333334
4 0.9458333333333333 0.4552083333333333 0.10833333333333334 0.33958333333333335
4 0.8520833333333333 0.5666666666666667 0.17395833333333333 0.22291666666666668
4 0.4322916666666667 0.2786458333333333 0.22708333333333333 0.12083333333333333
4 0.7255208333333333 0.278125 0.17083333333333334 0.10729166666666666