14 0.5303240740740741 0.5060185185185185 0.9393518518518519 0.9879629629629629
2 0.5026481481481482 0.30489814814814814 0.22660185185185183 0.16904629629629628
2 0.7855 0.2394074074074074 0.19044444444444444 0.16307407407407407
2 0.9539351851851852 0.3423796296296296 0.09212962962962963 0.19772222222222222
2 0.9019259259259259 0.7494351851851851 0.11312037037037037 0.18312962962962964
2 0.7591111111111112 0.7427222222222222 0.1469351851851852 0.19285185185185186
2 0.6646851851851852 0.4907314814814815 0.06917592592592592 0.08238888888888889
2 0.7202314814814815 0.5191944444444445 0.043240740740740746 0.06987037037037036
2 0.7968518518518519 0.4305648148148148 0.04184259259259259 0.07316666666666666
2 0.9840277777777777 0.5404814814814815 0.03194444444444444 0.11244444444444444
2 0.4100740740740741 0.42106481481481484 0.13402777777777777 0.13287962962962963
2 0.31239814814814815 0.5495092592592593 0.059055555555555556 0.09809259259259259
10 0.4480277777777778 0.5756481481481482 0.13587962962962963 0.16425925925925927
10 0.905175925925926 0.5108981481481482 0.09334259259259259 0.1689351851851852
15 0.5496481481481481 0.8112314814814815 0.06595370370370371 0.10764814814814816
15 0.7058796296296297 0.42524074074074075 0.04973148148148148 0.07640740740740741
15 0.524425925925926 0.4132314814814815 0.05393518518518518 0.040212962962962964
15 0.4447962962962963 0.15912037037037036 0.06458333333333334 0.07194444444444445
15 0.592 0.5971851851851853 0.08123148148148149 0.05455555555555556
15 0.6734814814814815 0.6071481481481482 0.07062037037037036 0.050509259259259254
15 0.39573148148148146 0.7689166666666666 0.11872222222222222 0.12975
2 0.5943240740740741 0.6858333333333334 0.10857407407407407 0.09684259259259259
10 0.1200462962962963 0.5117870370370371 0.11417592592592593 0.09209259259259259
4 0.28655555555555556 0.643425925925926 0.18670370370370368 0.2708055555555556
4 0.3288518518518519 0.3377962962962963 0.1860925925925926 0.17805555555555558
4 0.6859907407407407 0.1445462962962963 0.18556481481481482 0.21377777777777776
4 0.7495833333333333 0.654537037037037 0.2979351851851852 0.2708055555555556
4 0.8860092592592592 0.2933425925925926 0.14856481481481482 0.18544444444444444