14 0.5259259259259259 0.5013888888888889 0.9481481481481482 0.9972222222222222
2 0.49907407407407406 0.3050925925925926 0.22962962962962963 0.17314814814814813
2 0.7810185185185186 0.23425925925925925 0.1925925925925926 0.16666666666666666
2 0.950925925925926 0.3337962962962963 0.0962962962962963 0.2
2 0.9060185185185186 0.7425925925925926 0.11574074074074074 0.18518518518518517
2 0.763425925925926 0.7379629629629629 0.15092592592592594 0.19537037037037036
2 0.6643518518518519 0.487962962962963 0.07037037037037037 0.08333333333333333
2 0.7203703703703703 0.5152777777777777 0.044444444444444446 0.07037037037037037
2 0.7953703703703704 0.425462962962963 0.04259259259259259 0.07407407407407407
2 0.9837962962962963 0.5314814814814814 0.032407407407407406 0.11296296296296296
2 0.40879629629629627 0.42268518518518516 0.1361111111111111 0.13518518518518519
2 0.31342592592592594 0.5527777777777778 0.06018518518518518 0.09907407407407408
10 0.449537037037037 0.5763888888888888 0.1388888888888889 0.16666666666666666
10 0.9050925925925926 0.5037037037037037 0.0962962962962963 0.17037037037037037
15 0.5550925925925926 0.8101851851851852 0.06759259259259259 0.10833333333333334
15 0.7046296296296296 0.4217592592592593 0.05092592592592592 0.07777777777777778
15 0.5226851851851851 0.412962962962963 0.05555555555555555 0.040740740740740744
15 0.4388888888888889 0.16018518518518518 0.06574074074074074 0.07314814814814814
15 0.5935185185185186 0.5953703703703703 0.0824074074074074 0.05555555555555555
15 0.6754629629629629 0.6041666666666666 0.0712962962962963 0.05185185185185185
15 0.40046296296296297 0.7708333333333334 0.12129629629629629 0.13148148148148148
2 0.5976851851851852 0.6842592592592592 0.11018518518518519 0.09907407407407408
10 0.12037037037037036 0.5185185185185185 0.11574074074074074 0.09351851851851851
4 0.28888888888888886 0.6472222222222223 0.19074074074074074 0.2740740740740741
4 0.32592592592592595 0.34074074074074073 0.18888888888888888 0.1814814814814815
4 0.6796296296296296 0.1412037037037037 0.18888888888888888 0.21666666666666667
4 0.7523148148148148 0.65 0.30185185185185187 0.2759259259259259
4 0.8824074074074074 0.2865740740740741 0.15185185185185185 0.18796296296296297