14 0.5402777777777777 0.6300925925925925 0.9194444444444444 0.7398148148148148
14 0.29398148148148145 0.22037037037037038 0.537962962962963 0.44074074074074077
4 0.20833333333333334 0.1875 0.32685185185185184 0.2916666666666667
4 0.5185185185185185 0.6893518518518519 0.2074074074074074 0.10185185185185185
4 0.7944444444444444 0.6458333333333334 0.14907407407407408 0.11296296296296296
4 0.7847222222222222 0.9263888888888889 0.2675925925925926 0.14722222222222223
2 0.6680555555555555 0.5731481481481482 0.1037037037037037 0.10648148148148148
2 0.3314814814814815 0.6421296296296296 0.12129629629629629 0.1259259259259259
2 0.8495370370370371 0.7787037037037037 0.1388888888888889 0.1
2 0.6726851851851852 0.9416666666666667 0.22870370370370371 0.11666666666666667
2 0.9074074074074074 0.674074074074074 0.10092592592592593 0.1361111111111111
4 0.47962962962962963 0.8388888888888889 0.24074074074074073 0.21481481481481482
4 0.6972222222222222 0.7930555555555555 0.14814814814814814 0.2111111111111111
4 0.5430555555555555 0.5587962962962963 0.2111111111111111 0.1962962962962963