14 0.5 0.49444444444444446 1 0.9888888888888889
8 0.12824074074074074 0.42777777777777776 0.1259259259259259 0.11296296296296296
8 0.25925925925925924 0.4027777777777778 0.18425925925925926 0.1537037037037037
8 0.1763888888888889 0.26851851851851855 0.11851851851851852 0.13703703703703704
8 0.26851851851851855 0.2310185185185185 0.0824074074074074 0.09259259259259259
8 0.33101851851851855 0.16018518518518518 0.10462962962962963 0.08055555555555556
8 0.42407407407407405 0.29398148148148145 0.10833333333333334 0.1
8 0.5449074074074074 0.30092592592592593 0.12962962962962962 0.14907407407407408
8 0.4652777777777778 0.21944444444444444 0.1259259259259259 0.09351851851851851
8 0.7143518518518519 0.30648148148148147 0.1388888888888889 0.1388888888888889
8 0.7893518518518519 0.15231481481481482 0.1175925925925926 0.13055555555555556
8 0.6689814814814815 0.11157407407407408 0.11851851851851852 0.10833333333333334
8 0.5009259259259259 0.043055555555555555 0.14444444444444443 0.08611111111111111
8 0.45694444444444443 0.11712962962962963 0.14351851851851852 0.11481481481481481
8 0.5513888888888889 0.14212962962962963 0.20925925925925926 0.14722222222222223
4 0.6351851851851852 0.5787037037037037 0.7296296296296296 0.49444444444444446