14 0.5928240740740741 0.663425925925926 0.8143518518518519 0.6731481481481482
14 0.23299074074074075 0.2595092592592592 0.4659814814814815 0.3745648148148148
4 0.14573148148148146 0.2611481481481482 0.28128703703703706 0.23433333333333334
4 0.56075 0.6802592592592592 0.19927777777777778 0.058666666666666666
4 0.8195277777777779 0.5758888888888889 0.1335 0.08603703703703704
4 0.8760833333333333 0.8605185185185186 0.24783333333333335 0.11272222222222222
2 0.6801851851851852 0.533537037037037 0.08630555555555555 0.08930555555555555
2 0.36771296296296296 0.6765462962962963 0.10024074074074074 0.10680555555555556
2 0.9033148148148149 0.69275 0.12515740740740738 0.07439814814814814
2 0.7732314814814815 0.9144351851851852 0.20757407407407408 0.11962037037037036
2 0.9359537037037038 0.577962962962963 0.07468518518518519 0.12260185185185185
4 0.5563425925925927 0.8348148148148148 0.20775925925925925 0.17210185185185187
4 0.7582129629629629 0.7409722222222223 0.10779629629629629 0.1918148148148148
4 0.5554166666666667 0.5477129629629629 0.17997222222222223 0.1608611111111111