14 0.5137314814814815 0.5012685185185185 0.9524629629629631 0.7793888888888889
7 0.1825462962962963 0.6561851851851851 0.08175925925925925 0.10311111111111111
7 0.09806481481481481 0.5712870370370371 0.08256481481481481 0.08983333333333333
7 0.1313888888888889 0.4879537037037037 0.09519444444444444 0.05832407407407408
7 0.19365740740740742 0.3565185185185185 0.06694444444444445 0.07321296296296295
7 0.2186574074074074 0.2445185185185185 0.05397222222222222 0.0455
7 0.2904074074074074 0.22947222222222224 0.047481481481481486 0.027472222222222224
7 0.37257407407407406 0.17302777777777778 0.06830555555555555 0.06690740740740742
7 0.3276759259259259 0.30653703703703705 0.06183333333333334 0.047324074074074074
7 0.25407407407407406 0.3065462962962963 0.06870370370370371 0.02672222222222222
7 0.30174999999999996 0.5981111111111111 0.08405555555555555 0.07491666666666666
7 0.28277777777777774 0.7154537037037038 0.09277777777777778 0.09315740740740741
7 0.39387037037037037 0.7408888888888888 0.07385185185185186 0.07807407407407407
7 0.5734814814814815 0.7510925925925925 0.08123148148148149 0.0867037037037037
7 0.5221018518518519 0.581675925925926 0.11735185185185185 0.07446296296296297
7 0.7190740740740741 0.5497407407407408 0.07148148148148148 0.07540740740740741
7 0.641537037037037 0.4907314814814815 0.07844444444444444 0.08238888888888889
7 0.4950277777777778 0.4819629629629629 0.061796296296296294 0.05552777777777778
7 0.6366759259259259 0.33569444444444446 0.07335185185185185 0.040824074074074075
7 0.5260462962962963 0.3831388888888889 0.06458333333333334 0.03556481481481481
7 0.5223333333333333 0.20587037037037037 0.09466666666666666 0.06358333333333334
7 0.7290277777777778 0.30050925925925925 0.05898148148148148 0.08157407407407406
7 0.6364537037037037 0.18783333333333335 0.07062037037037036 0.0372962962962963
7 0.8017037037037037 0.4243240740740741 0.06545370370370371 0.056046296296296295
7 0.7998611111111111 0.3518888888888889 0.06175 0.04544444444444444
7 0.6836666666666666 0.44585185185185183 0.10580555555555556 0.07585185185185185
7 0.8607407407407408 0.5030185185185185 0.07112037037037038 0.06433333333333334
4 0.3272222222222222 0.4902962962962963 0.2446296296296296 0.07589814814814815
4 0.3705 0.3812962962962963 0.09788888888888889 0.09480555555555556
4 0.4806666666666667 0.3035185185185185 0.19651851851851854 0.08296296296296296
4 0.7292500000000001 0.6217037037037038 0.2214722222222222 0.13137037037037036
4 0.4112314814814815 0.6242500000000001 0.13171296296296298 0.12257407407407407