14 0.46985157699443414 0.5 0.9397031539888683 1
11 0.4587198515769944 0.608534322820037 0.1679035250463822 0.15769944341372913
11 0.5626159554730983 0.7648423005565863 0.18089053803339517 0.21150278293135436
11 0.40120593692022266 0.7866419294990723 0.16512059369202226 0.18645640074211503
11 0.23654916512059368 0.8028756957328386 0.20315398886827457 0.19573283858998144
11 0.11363636363636363 0.6317254174397031 0.19202226345083487 0.20037105751391465
11 0.13589981447124305 0.4489795918367347 0.18181818181818182 0.18738404452690166
11 0.3302411873840445 0.5454545454545454 0.18181818181818182 0.17161410018552875
11 0.30658627087198514 0.3807977736549165 0.15862708719851576 0.15584415584415584
11 0.187847866419295 0.24721706864564008 0.13821892393320964 0.15398886827458255
11 0.3395176252319109 0.19341372912801486 0.1614100185528757 0.15862708719851576
11 0.4805194805194805 0.1841372912801484 0.1326530612244898 0.14471243042671614
11 0.6094619666048238 0.19666048237476808 0.15955473098330242 0.15769944341372913
11 0.5060296846011132 0.3051948051948052 0.1456400742115028 0.13079777365491652
11 0.6887755102040817 0.30936920222634506 0.1679035250463822 0.14100185528756956
11 0.7694805194805194 0.46382189239332094 0.15862708719851576 0.14842300556586271
11 0.6052875695732839 0.5194805194805194 0.16975881261595546 0.13821892393320964
11 0.6776437847866419 0.6303339517625232 0.18089053803339517 0.17532467532467533
4 0.20408163265306123 0.3974953617810761 0.1567717996289425 0.19573283858998144
4 0.37291280148423006 0.3112244897959184 0.21521335807050093 0.19202226345083487
4 0.5899814471243042 0.4090909090909091 0.24211502782931354 0.19851576994434136