14 0.525 0.5056034482758621 0.925 0.8741379310344828
4 0.23935185185185184 0.5607758620689656 0.1175925925925926 0.12413793103448276
4 0.5171296296296296 0.5573275862068966 0.13425925925925927 0.10948275862068965
4 0.5787037037037037 0.7125 0.09722222222222222 0.09137931034482759
4 0.7574074074074074 0.4849137931034483 0.11388888888888889 0.05172413793103448
4 0.5847222222222223 0.4978448275862069 0.06944444444444445 0.06724137931034482
15 0.42314814814814816 0.6155172413793103 0.07037037037037037 0.06293103448275862
15 0.2861111111111111 0.5155172413793103 0.0962962962962963 0.06637931034482758
15 0.4689814814814815 0.3288793103448276 0.03425925925925926 0.05344827586206897
15 0.5703703703703704 0.2607758620689655 0.049074074074074076 0.06206896551724138
15 0.6777777777777778 0.33189655172413796 0.058333333333333334 0.04741379310344827
15 0.7263888888888889 0.6008620689655172 0.044444444444444446 0.06206896551724138
15 0.45555555555555555 0.715948275862069 0.1111111111111111 0.11637931034482758
4 0.4217592592592593 0.3107758620689655 0.09351851851851851 0.1