14 0.5 0.5 1 1
2 0.4652777777777778 0.30787037037037035 0.25462962962962965 0.20925925925925926
2 0.7305555555555555 0.18981481481481483 0.2175925925925926 0.19722222222222222
2 0.9152777777777777 0.25787037037037036 0.1287037037037037 0.21203703703703702
2 0.9342592592592592 0.6675925925925926 0.13148148148148148 0.20185185185185187
2 0.8004629629629629 0.6888888888888889 0.1814814814814815 0.2175925925925926
2 0.6597222222222222 0.45925925925925926 0.08333333333333333 0.09351851851851851
2 0.7199074074074074 0.47685185185185186 0.05555555555555555 0.07685185185185185
2 0.7782407407407408 0.375 0.05462962962962963 0.07962962962962963
2 0.9782407407407407 0.44675925925925924 0.04351851851851852 0.11574074074074074
2 0.39675925925925926 0.4398148148148148 0.15648148148148147 0.15648148148148147
2 0.32546296296296295 0.5842592592592593 0.07592592592592592 0.10740740740740741
10 0.4634259259259259 0.5842592592592593 0.1648148148148148 0.18703703703703703
10 0.9 0.43333333333333335 0.12407407407407407 0.18333333333333332
15 0.6083333333333333 0.7958333333333333 0.08518518518518518 0.1175925925925926
15 0.687962962962963 0.3875 0.06388888888888888 0.08518518518518518
15 0.5074074074074074 0.4101851851851852 0.06111111111111111 0.05
15 0.38055555555555554 0.17592592592592593 0.07685185185185185 0.08333333333333333
15 0.6087962962962963 0.5777777777777777 0.08981481481481482 0.06851851851851852
15 0.6907407407407408 0.5722222222222222 0.0787037037037037 0.06296296296296296
15 0.44907407407407407 0.7837962962962963 0.14166666666666666 0.15
2 0.6282407407407408 0.6643518518518519 0.125 0.11574074074074074
10 0.12916666666666668 0.5842592592592593 0.12962962962962962 0.11203703703703703
4 0.31805555555555554 0.6814814814814815 0.23425925925925925 0.30092592592592593
4 0.30092592592592593 0.3736111111111111 0.21666666666666667 0.2101851851851852
4 0.6148148148148148 0.11898148148148148 0.2222222222222222 0.23796296296296296
4 0.774537037037037 0.6041666666666666 0.3435185185185185 0.32222222222222224
4 0.8393518518518519 0.22361111111111112 0.18055555555555555 0.2101851851851852