14 0.5 0.5 1 1
10 0.22777777777777777 0.11770157553290084 0.11666666666666667 0.11770157553290084
10 0.225 0.24050046339202966 0.15648148148148147 0.14828544949026876
10 0.3912037037037037 0.09962928637627433 0.13796296296296295 0.1334569045412419
10 0.513425925925926 0.07645968489341984 0.09259259259259259 0.1371640407784986
10 0.8101851851851852 0.28405931417979613 0.14722222222222223 0.1696014828544949
10 0.4356481481481482 0.5472659870250232 0.16203703703703703 0.15940685820203893
10 0.2652777777777778 0.5296570898980537 0.12962962962962962 0.15755329008341057
10 0.11064814814814815 0.6779425393883225 0.08055555555555556 0.14365152919369786
10 0.3236111111111111 0.8646895273401297 0.15648148148148147 0.12604263206672844
10 0.5324074074074074 0.5551436515291936 0.06759259259259259 0.1334569045412419
10 0.46805555555555556 0.4318813716404078 0.1111111111111111 0.11584800741427248
10 0.5476851851851852 0.19091751621872105 0.12407407407407407 0.09731232622798888
9 0.8208333333333333 0.13253012048192772 0.04814814814814815 0.04077849860982391
9 0.7833333333333333 0.8118628359592215 0.062037037037037036 0.056533827618164965
9 0.8041666666666667 0.7544022242817423 0.062037037037037036 0.05375347544022243
9 0.9087962962962963 0.556997219647822 0.041666666666666664 0.03985171455050973
9 0.9125 0.6223354958294718 0.05925925925925926 0.061167747914735865
9 0.020833333333333332 0.5162187210379982 0.041666666666666664 0.0778498609823911
9 0.2814814814814815 0.9392956441149212 0.0787037037037037 0.05468025949953661
9 0.5013888888888889 0.9216867469879518 0.05185185185185185 0.042632066728452274
9 0.5106481481481482 0.6436515291936978 0.05092592592592592 0.04911955514365153
10 0.4324074074074074 0.34615384615384615 0.18518518518518517 0.10936051899907322
10 0.462037037037037 0.7553290083410565 0.19074074074074074 0.09731232622798888
10 0.5666666666666667 0.6904541241890639 0.11296296296296296 0.12326227988878591
10 0.6194444444444445 0.5282669138090825 0.13425925925925927 0.23632993512511585
10 0.7018518518518518 0.39295644114921224 0.15648148148148147 0.07877664504170528
10 0.6893518518518519 0.736793327154773 0.13518518518518519 0.1705282669138091
10 0.6587962962962963 0.24003707136237257 0.1675925925925926 0.16589434661723818
10 0.11435185185185186 0.5157553290083411 0.12222222222222222 0.1936978683966636
10 0.20092592592592592 0.3911028730305839 0.15 0.13160333642261354
10 0.3476851851851852 0.4263206672845227 0.13425925925925927 0.11677479147358666
10 0.262037037037037 0.7182576459684893 0.15925925925925927 0.14272474513438368
10 0.4537037037037037 0.2117701575532901 0.11481481481481481 0.1380908248378128
10 0.8958333333333334 0.47080630213160335 0.09814814814814815 0.18257645968489342
8 0.8574074074074074 0.37349397590361444 0.1175925925925926 0.12048192771084337
8 0.3875 0.6524559777571826 0.07777777777777778 0.10379981464318813
8 0.12222222222222222 0.48517145505097314 0.08055555555555556 0.09823911028730306
8 0.20833333333333334 0.4763670064874884 0.10462962962962963 0.07970342910101946
8 0.20972222222222223 0.2849860982391103 0.09537037037037037 0.06209453197405004
8 0.5046296296296297 0.28544949026876737 0.0787037037037037 0.0732159406858202
8 0.33796296296296297 0.247451343836886 0.10925925925925926 0.12233549582947173
8 0.649537037037037 0.24837812789620017 0.10277777777777777 0.10936051899907322
8 0.7606481481481482 0.3016682113067655 0.10185185185185185 0.10287303058387395
8 0.6412037037037037 0.3373493975903614 0.10185185185185185 0.06672845227062095
8 0.5449074074074074 0.37349397590361444 0.0962962962962963 0.07877664504170528
8 0.5981481481481481 0.5593141797961075 0.10462962962962963 0.09545875810936053
8 0.8305555555555556 0.5625579240037072 0.10648148148148148 0.09082483781278962
8 0.3837962962962963 0.8841519925857275 0.08611111111111111 0.12048192771084337
8 0.28379629629629627 0.8989805375347544 0.15925925925925927 0.1102873030583874
8 0.4666666666666667 0.8670064874884152 0.07777777777777778 0.08804448563484708
8 0.5412037037037037 0.8151065801668211 0.058333333333333334 0.0685820203892493