14 0.4327458256029685 0.4911873840445269 0.865491651205937 0.885899814471243
11 0.43738404452690166 0.5978664192949907 0.14656771799628943 0.1326530612244898
11 0.5060296846011132 0.7722634508348795 0.14749536178107606 0.18923933209647495
11 0.34415584415584416 0.7597402597402597 0.137291280148423 0.16512059369202226
11 0.1790352504638219 0.7416512059369202 0.17625231910946196 0.1660482374768089
11 0.0950834879406308 0.5482374768089053 0.16233766233766234 0.17439703153988867
11 0.15445269016697588 0.37430426716141 0.15398886827458255 0.16233766233766234
11 0.3246753246753247 0.5088126159554731 0.15862708719851576 0.14471243042671614
11 0.3358070500927644 0.3432282003710575 0.137291280148423 0.1326530612244898
11 0.24721706864564008 0.187847866419295 0.1150278293135436 0.13543599257884972
11 0.4067717996289425 0.16697588126159554 0.1391465677179963 0.13543599257884972
11 0.5468460111317254 0.18692022263450836 0.11131725417439703 0.12708719851576994
11 0.6702226345083488 0.22634508348794063 0.137291280148423 0.1345083487940631
11 0.5463821892393321 0.310760667903525 0.1280148423005566 0.10853432282003711
11 0.7244897959183674 0.3525046382189239 0.15120593692022263 0.11410018552875696
11 0.7708719851576994 0.5208719851576994 0.1391465677179963 0.12430426716141002
11 0.5987940630797773 0.5408163265306123 0.15398886827458255 0.11038961038961038
11 0.6465677179962894 0.6646567717996289 0.1567717996289425 0.14935064935064934
4 0.23191094619666047 0.33812615955473097 0.12523191094619665 0.17717996289424862
4 0.41512059369202226 0.288961038961039 0.1901669758812616 0.15862708719851576
4 0.6071428571428571 0.4299628942486085 0.21799628942486085 0.16048237476808905