14 0.5 0.5037071362372567 1 0.9925857275254866
10 0.14875 0.18868396663577386 0.0975 0.09839666357738647
10 0.17351851851851852 0.308887859128823 0.13314814814814815 0.12102873030583874
10 0.3040648148148148 0.1344763670064875 0.1164537037037037 0.11047265987025023
10 0.41794444444444445 0.08421686746987952 0.06644444444444444 0.12579240037071363
10 0.7535648148148149 0.21994439295644114 0.11730555555555555 0.14702502316960148
10 0.4480277777777778 0.5604355885078777 0.13587962962962963 0.13291936978683966
10 0.2781388888888889 0.5817423540315108 0.10164814814814815 0.13846153846153847
10 0.16055555555555556 0.7610194624652455 0.05167592592592593 0.13556997219647823
10 0.4098425925925926 0.894902687673772 0.13819444444444445 0.09750695088044485
10 0.5438611111111111 0.5463021316033364 0.0405 0.12783132530120483
10 0.45358333333333334 0.44091751621872105 0.09143518518518519 0.09778498609823912
10 0.4771944444444444 0.18798887859128824 0.11087037037037037 0.07384615384615385
9 0.7299537037037037 0.06987025023169602 0.04231481481481482 0.03222428174235403
9 0.8463888888888889 0.7402038924930491 0.05352777777777778 0.04507877664504171
9 0.8535648148148148 0.6792863762743281 0.053064814814814815 0.04179796107506951
9 0.9111944444444445 0.4636422613531047 0.03501851851851852 0.032873030583873954
9 0.9294814814814815 0.5264133456904542 0.04937037037037037 0.05097312326227989
9 0.025694444444444443 0.6271733086190918 0.05138888888888889 0.06724745134383689
9 0.3857685185185185 0.9773772011121408 0.07153703703703704 0.040009267840593145
9 0.5959444444444445 0.9104448563484708 0.045148148148148146 0.03360518999073216
9 0.5427037037037037 0.63758109360519 0.04281481481481482 0.04161260426320667
10 0.3996574074074074 0.3651807228915662 0.17337962962962963 0.07142724745134384
10 0.5202592592592593 0.7573493975903614 0.18262962962962964 0.05713623725671918
10 0.60775 0.6704911955514365 0.09098148148148148 0.10572752548656163
10 0.6225555555555555 0.5008897126969416 0.08677777777777777 0.22236329935125115
10 0.6725462962962964 0.350129749768304 0.1497314814814815 0.04594995366079703
10 0.7378425925925925 0.6878869323447637 0.10408333333333333 0.15117701575532902
10 0.5964722222222223 0.21079703429101018 0.13985185185185184 0.13860982391102875
10 0.12788888888888889 0.6019925857275255 0.08417592592592592 0.17957367933271548
10 0.18407407407407408 0.46107506950880445 0.12987962962962965 0.10534754402224282
10 0.3350185185185185 0.46231696014828544 0.11695370370370371 0.0929935125115848
10 0.31742592592592594 0.7663670064874883 0.13731481481481483 0.11537534754402223
10 0.3902685185185185 0.22963855421686746 0.09041666666666667 0.12069508804448563
10 0.8792129629629629 0.38228915662650603 0.060898148148148146 0.17391102873030584
8 0.8199537037037037 0.2960704355885079 0.09792592592592593 0.10156626506024097
8 0.4245277777777778 0.6736700648748841 0.05893518518518518 0.09308619091751621
8 0.12850925925925924 0.570463392029657 0.06318518518518518 0.08685820203892493
8 0.21062037037037037 0.5426506024096386 0.09407407407407407 0.060889712696941614
8 0.16894444444444445 0.35601482854494904 0.08850925925925926 0.043503243744207595
8 0.45632407407407405 0.2898887859128823 0.06697222222222222 0.05954587581093605
8 0.2853148148148148 0.2905097312326228 0.08792592592592592 0.10527340129749768
8 0.5893703703703703 0.22129749768303986 0.0849074074074074 0.0928822984244671
8 0.7094444444444444 0.24786839666357738 0.08432407407407407 0.0867191844300278
8 0.6011018518518519 0.30966635773864687 0.09355555555555556 0.047191844300278035
8 0.515287037037037 0.3668303985171455 0.08488888888888889 0.061436515291936986
8 0.6088148148148148 0.5358480074142724 0.09047222222222222 0.07696014828544949
8 0.836 0.48671918443002776 0.09299074074074075 0.07137164040778499
8 0.4729907407407407 0.9004726598702503 0.06326851851851852 0.10924930491195552
8 0.3788518518518519 0.9375440222428174 0.1453611111111111 0.0796014828544949
8 0.5501666666666666 0.8652455977757183 0.06205555555555555 0.07586654309545876
8 0.6109722222222222 0.7978776645041705 0.04663888888888889 0.05976830398517145