14 0.5194444444444445 0.5425925925925926 0.9611111111111111 0.8296296296296296
2 0.1439814814814815 0.42592592592592593 0.11203703703703703 0.12962962962962962
2 0.41064814814814815 0.32407407407407407 0.1648148148148148 0.13703703703703704
2 0.41203703703703703 0.44583333333333336 0.12685185185185185 0.05092592592592592
2 0.7101851851851851 0.4601851851851852 0.1712962962962963 0.2361111111111111
2 0.39675925925925926 0.562037037037037 0.24722222222222223 0.14814814814814814
2 0.20787037037037037 0.600462962962963 0.08703703703703704 0.13055555555555556
2 0.46296296296296297 0.7444444444444445 0.175 0.1962962962962963
2 0.55 0.6861111111111111 0.06759259259259259 0.07592592592592592
4 0.5537037037037037 0.5310185185185186 0.21481481481481482 0.20185185185185187
4 0.562037037037037 0.3490740740740741 0.21481481481481482 0.14444444444444443
4 0.27824074074074073 0.41388888888888886 0.2101851851851852 0.2351851851851852