14 0.5023148148148148 0.4862962962962963 0.9953703703703703 0.8303703703703704
0 0.26296296296296295 0.37666666666666665 0.17037037037037037 0.1474074074074074
0 0.5060185185185185 0.2611111111111111 0.19166666666666668 0.15333333333333332
0 0.6759259259259259 0.6225925925925926 0.1925925925925926 0.17629629629629628
0 0.4583333333333333 0.7307407407407407 0.2462962962962963 0.15777777777777777
0 0.4648148148148148 0.43222222222222223 0.10277777777777777 0.07555555555555556
4 0.42916666666666664 0.5466666666666666 0.20925925925925926 0.13037037037037036
4 0.6962962962962963 0.45444444444444443 0.26666666666666666 0.1814814814814815
4 0.38287037037037036 0.3988888888888889 0.08981481481481482 0.15037037037037038
4 0.5041666666666667 0.36777777777777776 0.14537037037037037 0.057777777777777775
0 0.7203703703703703 0.2777777777777778 0.19166666666666668 0.15481481481481482
0 0.8935185185185185 0.4922222222222222 0.09166666666666666 0.12814814814814815