14 0.42083333333333334 0.48703703703703705 0.8416666666666667 0.8277777777777777
9 0.5305555555555556 0.6638888888888889 0.062037037037037036 0.049074074074074076
9 0.46064814814814814 0.5592592592592592 0.06666666666666667 0.06296296296296296
9 0.4648148148148148 0.44814814814814813 0.044444444444444446 0.05
9 0.5694444444444444 0.5296296296296297 0.09074074074074075 0.075
9 0.5944444444444444 0.41898148148148145 0.05277777777777778 0.05277777777777778
9 0.6291666666666667 0.46574074074074073 0.040740740740740744 0.03981481481481482
9 0.5185185185185185 0.33055555555555555 0.06759259259259259 0.046296296296296294
9 0.42962962962962964 0.24861111111111112 0.09166666666666666 0.08611111111111111
9 0.2569444444444444 0.1986111111111111 0.037037037037037035 0.03518518518518519
9 0.07731481481481481 0.26157407407407407 0.05740740740740741 0.04722222222222222
9 0.1597222222222222 0.2833333333333333 0.053703703703703705 0.037037037037037035
9 0.19490740740740742 0.3509259259259259 0.06574074074074074 0.062037037037037036
9 0.13842592592592592 0.37037037037037035 0.0787037037037037 0.049074074074074076
9 0.049074074074074076 0.3375 0.05092592592592592 0.03981481481481482
9 0.09861111111111111 0.44351851851851853 0.06388888888888888 0.05462962962962963
9 0.19768518518518519 0.46944444444444444 0.05925925925925926 0.062037037037037036
9 0.27824074074074073 0.5027777777777778 0.05277777777777778 0.062037037037037036
9 0.2912037037037037 0.6162037037037037 0.0712962962962963 0.058333333333333334
9 0.04861111111111111 0.5736111111111111 0.06296296296296296 0.058333333333333334
11 0.6481481481481481 0.5300925925925926 0.12777777777777777 0.10555555555555556
11 0.5916666666666667 0.3037037037037037 0.11203703703703703 0.09166666666666666
11 0.44027777777777777 0.21203703703703702 0.09351851851851851 0.07592592592592592
11 0.25833333333333336 0.25925925925925924 0.13703703703703704 0.10555555555555556
11 0.2587962962962963 0.16898148148148148 0.09074074074074075 0.05925925925925926
11 0.1111111111111111 0.3194444444444444 0.11481481481481481 0.09814814814814815
11 0.5018518518518519 0.6361111111111111 0.16203703703703703 0.1111111111111111
11 0.2439814814814815 0.6523148148148148 0.1527777777777778 0.12037037037037036
11 0.0787037037037037 0.5189814814814815 0.13796296296296295 0.1111111111111111
11 0.3143518518518518 0.4527777777777778 0.10740740740740741 0.09166666666666666
8 0.3976851851851852 0.4962962962962963 0.09722222222222222 0.13518518518518519
8 0.3138888888888889 0.34444444444444444 0.10092592592592593 0.08796296296296297
8 0.5115740740740741 0.350462962962963 0.09074074074074075 0.06111111111111111
12 0.4050925925925926 0.3625 0.11944444444444445 0.10740740740740741
12 0.5037037037037037 0.26666666666666666 0.037037037037037035 0.06759259259259259
12 0.27361111111111114 0.25601851851851853 0.09351851851851851 0.06759259259259259
12 0.21712962962962962 0.32222222222222224 0.09166666666666666 0.0962962962962963
12 0.5328703703703703 0.4888888888888889 0.11388888888888889 0.0824074074074074
12 0.3888888888888889 0.5819444444444445 0.0962962962962963 0.08611111111111111
12 0.2064814814814815 0.39675925925925926 0.06481481481481481 0.044444444444444446