14 0.5151203703703704 0.49915740740740744 0.9459814814814814 0.9464722222222223
12 0.36192592592592593 0.8079907407407407 0.18588888888888888 0.12894444444444444
12 0.31610185185185186 0.21487962962962961 0.10349074074074073 0.12328703703703704
12 0.8882685185185185 0.4652777777777778 0.13673148148148148 0.07777777777777778
12 0.7373703703703703 0.48519444444444443 0.14655555555555555 0.10272222222222221
10 0.6531018518518519 0.2164814814814815 0.18491666666666667 0.2607407407407408
10 0.22744444444444442 0.6758425925925926 0.21785185185185185 0.1748425925925926
10 0.4197962962962963 0.11699074074074074 0.08866666666666667 0.18212037037037038
5 0.5827407407407408 0.7924814814814815 0.1738148148148148 0.1303425925925926
5 0.1526851851851852 0.34031481481481485 0.11925925925925927 0.10562037037037036
5 0.31725 0.505537037037037 0.17525000000000002 0.11199999999999999