14 0.5 0.5027777777777778 1 0.9185185185185185
11 0.10046296296296296 0.18425925925925926 0.09537037037037037 0.07962962962962963
11 0.0625 0.37175925925925923 0.10833333333333334 0.11203703703703703
11 0.10972222222222222 0.42962962962962964 0.1574074074074074 0.1
11 0.06157407407407407 0.5986111111111111 0.12314814814814815 0.11388888888888889
11 0.25925925925925924 0.5481481481481482 0.1425925925925926 0.15462962962962962
11 0.4203703703703704 0.5333333333333333 0.16018518518518518 0.12962962962962962
11 0.4027777777777778 0.6675925925925926 0.11851851851851852 0.12407407407407407
11 0.5902777777777778 0.7069444444444445 0.18888888888888888 0.13703703703703704
11 0.8703703703703703 0.6398148148148148 0.1527777777777778 0.12314814814814815
11 0.5810185185185185 0.538425925925926 0.15833333333333333 0.11018518518518519
11 0.6967592592592593 0.5259259259259259 0.11388888888888889 0.12407407407407407
11 0.9564814814814815 0.5546296296296296 0.08703703703703704 0.11481481481481481
11 0.9680555555555556 0.4287037037037037 0.06388888888888888 0.10925925925925926
11 0.8773148148148148 0.33055555555555555 0.12129629629629629 0.08981481481481482
11 0.6268518518518519 0.3416666666666667 0.12037037037037036 0.12314814814814815
11 0.7870370370370371 0.4222222222222222 0.11018518518518519 0.07314814814814814
11 0.7439814814814815 0.34814814814814815 0.08148148148148149 0.06111111111111111
11 0.6814814814814815 0.21203703703703702 0.10092592592592593 0.06851851851851852
11 0.5833333333333334 0.19444444444444445 0.08148148148148149 0.058333333333333334
11 0.45 0.1625 0.10462962962962963 0.0824074074074074
11 0.32037037037037036 0.1648148148148148 0.11203703703703703 0.07592592592592592
11 0.25555555555555554 0.2111111111111111 0.11388888888888889 0.09444444444444444
11 0.24675925925925926 0.32175925925925924 0.11203703703703703 0.09537037037037037
11 0.3814814814814815 0.3458333333333333 0.13703703703703704 0.10462962962962963
11 0.42407407407407405 0.29444444444444445 0.1425925925925926 0.08888888888888889
11 0.5296296296296297 0.3939814814814815 0.07592592592592592 0.06111111111111111
11 0.524537037037037 0.2972222222222222 0.10925925925925926 0.1037037037037037
11 0.7777777777777778 0.24953703703703703 0.07962962962962963 0.05185185185185185
4 0.45787037037037037 0.4462962962962963 0.28888888888888886 0.12129629629629629
4 0.6763888888888889 0.4305555555555556 0.15 0.08796296296296297
4 0.8328703703703704 0.5263888888888889 0.18888888888888888 0.13240740740740742
4 0.7157407407407408 0.6342592592592593 0.15833333333333333 0.09907407407407408
4 0.55 0.6125 0.17777777777777778 0.09074074074074075
4 0.475 0.6805555555555556 0.09814814814814815 0.12685185185185185
4 0.0962962962962963 0.5148148148148148 0.1925925925925926 0.12037037037037036
4 0.24583333333333332 0.4212962962962963 0.1537037037037037 0.12777777777777777
4 0.12129629629629629 0.29907407407407405 0.1712962962962963 0.1037037037037037
4 0.1537037037037037 0.36342592592592593 0.10092592592592593 0.08888888888888889
4 0.41064814814814815 0.22361111111111112 0.1712962962962963 0.07592592592592592
4 0.6259259259259259 0.26157407407407407 0.26481481481481484 0.10833333333333334
4 0.7861111111111111 0.30462962962962964 0.09444444444444444 0.06944444444444445
4 0.8601851851851852 0.38796296296296295 0.16666666666666666 0.08518518518518518
4 0.8814814814814815 0.45416666666666666 0.12407407407407407 0.08055555555555556
4 0.4648148148148148 0.37592592592592594 0.07592592592592592 0.07962962962962963