14 0.5002314814814814 0.5013888888888889 0.999537037037037 0.9972222222222222
2 0.2114722222222222 0.2773703703703704 0.19053703703703703 0.07233333333333333
2 0.28809259259259257 0.12024074074074076 0.10766666666666667 0.08677777777777777
2 0.43322222222222223 0.2771388888888889 0.12476851851851851 0.0765
2 0.617 0.15125925925925926 0.07566666666666666 0.046953703703703706
2 0.7313425925925926 0.07002777777777777 0.1469351851851852 0.06505555555555556
2 0.823925925925926 0.2475185185185185 0.14692592592592593 0.09133333333333334
2 0.8107314814814816 0.1452314814814815 0.06962037037037037 0.08121296296296296
2 0.8010092592592593 0.5416296296296297 0.2260925925925926 0.14714814814814814
2 0.5788055555555556 0.35744444444444445 0.11502777777777778 0.05655555555555555
2 0.7598055555555556 0.8533333333333334 0.17147222222222222 0.18260185185185185
2 0.5123796296296297 0.7161111111111111 0.1256851851851852 0.1535277777777778
2 0.33624074074074073 0.9077314814814815 0.09284259259259259 0.11083333333333334
2 0.05362037037037037 0.49327777777777776 0.08779629629629629 0.09210185185185185
2 0.14064814814814816 0.8304444444444444 0.09519444444444444 0.07662962962962963
2 0.18231481481481482 0.4710648148148148 0.10444444444444444 0.06620370370370371
2 0.1438888888888889 0.19290740740740742 0.07389814814814814 0.056185185185185185
9 0.392712962962963 0.1408425925925926 0.05764814814814815 0.05667592592592593
9 0.47974074074074075 0.20124074074074075 0.04652777777777778 0.03581481481481481
9 0.6913055555555556 0.22947222222222224 0.052972222222222226 0.04598148148148148
9 0.28809259259259257 0.5839907407407408 0.07062962962962963 0.05132407407407407
4 0.3489074074074074 0.5013981481481481 0.1484351851851852 0.09786111111111111
4 0.5828888888888889 0.5390648148148148 0.12750925925925927 0.15097222222222223
4 0.41681481481481486 0.6551388888888888 0.1287037037037037 0.1164537037037037
4 0.5217777777777778 0.8706203703703703 0.31639814814814815 0.1548240740740741
4 0.9391018518518519 0.5600555555555555 0.11400925925925925 0.11887962962962961
4 0.9410462962962963 0.8036296296296296 0.11789814814814814 0.1652962962962963
4 0.6106759259259259 0.26492592592592595 0.18307407407407408 0.1385185185185185
4 0.569925925925926 0.05994444444444444 0.12379629629629628 0.08902777777777779
4 0.3760740740740741 0.19824074074074075 0.12868518518518518 0.07674074074074073
4 0.2877962962962963 0.04080555555555555 0.22621296296296298 0.08037037037037037
4 0.27575 0.3501296296296296 0.08730555555555557 0.10643518518518519
4 0.4331759259259259 0.34797222222222224 0.14289814814814816 0.07618518518518519
4 0.06986111111111111 0.3915 0.13108333333333333 0.07805555555555556
4 0.10412962962962963 0.6702777777777778 0.20332407407407407 0.2467314814814815
4 0.8335370370370371 0.4063148148148148 0.11768518518518518 0.08547222222222223
4 0.9026759259259259 0.2068888888888889 0.10041666666666667 0.09402777777777778
4 0.8057592592592593 0.06396296296296296 0.1436111111111111 0.12792592592592592
4 0.7508055555555556 0.20287962962962963 0.09297222222222222 0.07488888888888888
4 0.9762314814814814 0.4260740740740741 0.04752777777777777 0.07312962962962963