14 0.49166666666666664 0.4770063119927863 0.9833333333333333 0.8999098286744815
12 0.41898148148148145 0.7533814247069431 0.10925925925925926 0.13435527502254282
12 0.25833333333333336 0.5261496844003607 0.1037037037037037 0.08385933273219116
12 0.2972222222222222 0.436429215509468 0.09351851851851851 0.06853020739404869
12 0.6050925925925926 0.263751127141569 0.07962962962962963 0.09467989179440937
12 0.6 0.5027051397655545 0.10462962962962963 0.07123534715960325
9 0.10416666666666667 0.4472497745716862 0.03981481481481482 0.060414788097385035
9 0.19722222222222222 0.4328223624887286 0.08148148148148149 0.0721370604147881
9 0.2611111111111111 0.22272317403065825 0.05 0.04508566275924256
9 0.3597222222222222 0.1411181244364292 0.06574074074074074 0.06311992786293959
9 0.3486111111111111 0.2939585211902615 0.06296296296296296 0.06311992786293959
9 0.5328703703703703 0.2146077547339946 0.053703703703703705 0.03606853020739405
9 0.6902777777777778 0.40171325518485124 0.049074074074074076 0.061316501352569885
9 0.6805555555555556 0.2321911632100992 0.05462962962962963 0.0387736699729486
9 0.7810185185185186 0.41794409377817854 0.07037037037037037 0.06492335437330929
9 0.7601851851851852 0.5288548241659152 0.0787037037037037 0.09107303877366997
9 0.4652777777777778 0.4909828674481515 0.0712962962962963 0.0703336339044184
9 0.4263888888888889 0.36339044183949504 0.0712962962962963 0.04238052299368801
9 0.49074074074074076 0.3431018935978359 0.03611111111111111 0.03606853020739405