14 0.5 0.5 1 1
2 0.15694444444444444 0.3773148148148148 0.2037037037037037 0.1287037037037037
2 0.18101851851851852 0.20416666666666666 0.1287037037037037 0.11574074074074074
2 0.3675925925925926 0.3087962962962963 0.14166666666666666 0.1111111111111111
2 0.5037037037037037 0.13194444444444445 0.08611111111111111 0.06851851851851852
2 0.587037037037037 0.03657407407407407 0.15925925925925927 0.07314814814814814
2 0.7300925925925926 0.1597222222222222 0.1685185185185185 0.13240740740740742
2 0.6861111111111111 0.06666666666666667 0.09166666666666666 0.09907407407407408
2 0.799074074074074 0.44675925925925924 0.2601851851851852 0.20925925925925926
2 0.5310185185185186 0.3402777777777778 0.12685185185185185 0.08888888888888889
2 0.8564814814814815 0.7555555555555555 0.21944444444444444 0.22685185185185186
2 0.5787037037037037 0.7018518518518518 0.16666666666666666 0.18518518518518517
2 0.4703703703703704 0.9356481481481481 0.12222222222222222 0.1287037037037037
2 0.07361111111111111 0.6314814814814815 0.11203703703703703 0.11481481481481481
2 0.2601851851851852 0.9254629629629629 0.11388888888888889 0.10185185185185185
2 0.18888888888888888 0.5708333333333333 0.11944444444444445 0.09537037037037037
2 0.06620370370370371 0.31805555555555554 0.08796296296296297 0.07685185185185185
9 0.28703703703703703 0.19166666666666668 0.07222222222222222 0.0712962962962963
9 0.38842592592592595 0.2222222222222222 0.05555555555555555 0.04814814814814815
9 0.5981481481481481 0.1837962962962963 0.06481481481481481 0.06018518518518518
9 0.324537037037037 0.6453703703703704 0.0824074074074074 0.07037037037037037
4 0.35694444444444445 0.5481481481481482 0.1712962962962963 0.13796296296296295
4 0.5907407407407408 0.5115740740740741 0.1675925925925926 0.1824074074074074
4 0.4689814814814815 0.6731481481481482 0.15833333333333333 0.15
4 0.6351851851851852 0.8458333333333333 0.34814814814814815 0.24444444444444444
4 0.9314814814814815 0.4212962962962963 0.13703703703703704 0.14814814814814814
4 0.9657407407407408 0.6523148148148148 0.06851851851851852 0.1935185185185185
4 0.5324074074074074 0.24212962962962964 0.21666666666666667 0.18796296296296297
4 0.4305555555555556 0.06018518518518518 0.14444444444444443 0.12037037037037036
4 0.28888888888888886 0.2513888888888889 0.14629629629629629 0.11296296296296296
4 0.15648148148148147 0.1287037037037037 0.23981481481481481 0.14537037037037037
4 0.24027777777777778 0.42685185185185187 0.11574074074074074 0.12777777777777777
4 0.38935185185185184 0.37592592592592594 0.15925925925925927 0.11666666666666667
4 0.06574074074074074 0.5296296296296297 0.13148148148148148 0.11481481481481481
4 0.17592592592592593 0.7842592592592592 0.26944444444444443 0.2972222222222222
4 0.788425925925926 0.30787037037037035 0.13796296296296295 0.1175925925925926
4 0.7925925925925926 0.09675925925925925 0.12407407407407407 0.12037037037037036
4 0.6555555555555556 0.03657407407407407 0.17592592592592593 0.07314814814814814
4 0.6467592592592593 0.1398148148148148 0.1111111111111111 0.1
4 0.9300925925925926 0.2824074074074074 0.06759259259259259 0.08425925925925926