14 0.5 0.5 1 1
12 0.12361111111111112 0.49726027397260275 0.15648148148148147 0.11232876712328767
12 0.4587962962962963 0.8726027397260274 0.21388888888888888 0.09406392694063927
12 0.43842592592592594 0.7808219178082192 0.15092592592592594 0.091324200913242
12 0.29305555555555557 0.7123287671232876 0.08981481481481482 0.1232876712328767
12 0.5152777777777777 0.5301369863013699 0.19907407407407407 0.17990867579908676
12 0.44166666666666665 0.21689497716894976 0.15833333333333333 0.16621004566210046
12 0.6444444444444445 0.2579908675799087 0.09722222222222222 0.13607305936073058
12 0.9013888888888889 0.28493150684931506 0.15185185185185185 0.10593607305936073
12 0.7828703703703703 0.5716894977168949 0.14351851851851852 0.10410958904109589
12 0.8074074074074075 0.7493150684931507 0.17592592592592593 0.1771689497716895
15 0.09398148148148149 0.6073059360730594 0.13148148148148148 0.1506849315068493
15 0.3287037037037037 0.8410958904109589 0.09907407407407408 0.11232876712328767
15 0.15555555555555556 0.8118721461187215 0.07592592592592592 0.1050228310502283
15 0.8490740740740741 0.6566210045662101 0.14074074074074075 0.0821917808219178
15 0.8930555555555556 0.5 0.1259259259259259 0.07397260273972603
15 0.8944444444444445 0.4141552511415525 0.14629629629629629 0.07579908675799087
15 0.7129629629629629 0.0958904109589041 0.1287037037037037 0.07945205479452055
15 0.7787037037037037 0.24885844748858446 0.13240740740740742 0.06575342465753424
15 0.3453703703703704 0.19497716894977168 0.08981481481481482 0.0639269406392694
9 0.43194444444444446 0.3812785388127854 0.09722222222222222 0.091324200913242
9 0.09583333333333334 0.35570776255707764 0.08703703703703704 0.06027397260273973
9 0.6935185185185185 0.4575342465753425 0.07314814814814814 0.08401826484018265
9 0.7666666666666667 0.4383561643835616 0.07685185185185185 0.047488584474885846
9 0.3837962962962963 0.691324200913242 0.10277777777777777 0.10319634703196347
9 0.21388888888888888 0.5114155251141552 0.1 0.08584474885844749
15 0.5509259259259259 0.6899543378995434 0.07407407407407407 0.08493150684931507
15 0.7106481481481481 0.7438356164383562 0.06481481481481481 0.08493150684931507
15 0.5981481481481481 0.6484018264840182 0.09351851851851851 0.0867579908675799
7 0.5148148148148148 0.7730593607305936 0.08148148148148149 0.09954337899543379
7 0.662962962962963 0.8351598173515982 0.11296296296296296 0.0867579908675799
7 0.9148148148148149 0.7917808219178082 0.0962962962962963 0.07671232876712329
7 0.5745370370370371 0.40684931506849314 0.12037037037037036 0.10410958904109589
7 0.774074074074074 0.37123287671232874 0.08611111111111111 0.06484018264840183
7 0.7680555555555556 0.29178082191780824 0.05462962962962963 0.06118721461187215
7 0.033796296296296297 0.6575342465753424 0.06759259259259259 0.07671232876712329
7 0.375 0.4292237442922374 0.10462962962962963 0.1324200913242009
6 0.287962962962963 0.5374429223744293 0.07407407407407407 0.07853881278538813
6 0.22870370370370371 0.4054794520547945 0.05925925925925926 0.053881278538812784
6 0.13657407407407407 0.43789954337899545 0.05462962962962963 0.0547945205479452
6 0.18287037037037038 0.4178082191780822 0.04351851851851852 0.053881278538812784
6 0.1476851851851852 0.29817351598173514 0.044444444444444446 0.034703196347031964
6 0.21203703703703702 0.15114155251141553 0.062037037037037036 0.052054794520547946
6 0.24583333333333332 0.08584474885844749 0.05740740740740741 0.052054794520547946
6 0.3087962962962963 0.13287671232876713 0.040740740740740744 0.0593607305936073
6 0.575462962962963 0.09771689497716896 0.1287037037037037 0.07214611872146119
6 0.6324074074074074 0.4091324200913242 0.05277777777777778 0.04657534246575343
6 0.5675925925925925 0.33424657534246577 0.062037037037037036 0.058447488584474884
6 0.700462962962963 0.3721461187214612 0.06574074074074074 0.062100456621004566
6 0.737037037037037 0.480365296803653 0.058333333333333334 0.0593607305936073
6 0.8083333333333333 0.49360730593607305 0.062037037037037036 0.0593607305936073
6 0.7703703703703704 0.6520547945205479 0.06018518518518518 0.058447488584474884
6 0.6287037037037037 0.745662100456621 0.04537037037037037 0.043835616438356165
6 0.7180555555555556 0.7525114155251141 0.05555555555555555 0.062100456621004566
6 0.49166666666666664 0.7278538812785388 0.05740740740740741 0.05662100456621005
6 0.30972222222222223 0.48447488584474885 0.0787037037037037 0.0639269406392694
6 0.17546296296296296 0.6657534246575343 0.058333333333333334 0.04200913242009133
6 0.8962962962962963 0.4406392694063927 0.09537037037037037 0.07853881278538813
6 0.9212962962962963 0.36027397260273974 0.044444444444444446 0.058447488584474884
6 0.9833333333333333 0.35707762557077627 0.03333333333333333 0.029223744292237442
4 0.26805555555555555 0.24429223744292236 0.13333333333333333 0.0730593607305936
4 0.42453703703703705 0.5703196347031964 0.14629629629629629 0.1735159817351598
4 0.7421296296296296 0.17397260273972603 0.20185185185185187 0.10410958904109589
4 0.7462962962962963 0.9095890410958904 0.13333333333333333 0.11963470319634703