14 0.5 0.5 1 1
12 0.2962962962962963 0.7689814814814815 0.2101851851851852 0.1675925925925926
12 0.38472222222222224 0.18101851851851852 0.12777777777777777 0.14351851851851852
12 0.8861111111111111 0.5537037037037037 0.15092592592592594 0.10648148148148148
12 0.7347222222222223 0.5388888888888889 0.16666666666666666 0.13240740740740742
10 0.7129629629629629 0.25833333333333336 0.2388888888888889 0.2962962962962963
10 0.19490740740740742 0.6101851851851852 0.2518518518518518 0.21944444444444444
10 0.5078703703703704 0.1087962962962963 0.12685185185185185 0.19722222222222222
5 0.5148148148148148 0.8037037037037037 0.19814814814814816 0.16574074074074074
5 0.19768518518518519 0.2662037037037037 0.1398148148148148 0.12962962962962962
5 0.32083333333333336 0.46435185185185185 0.19537037037037036 0.14814814814814814