14 0.5 0.6023148148148149 1 0.7953703703703704
4 0.24351851851851852 0.5282407407407408 0.1 0.06851851851851852
4 0.2375 0.6282407407407408 0.09444444444444444 0.07407407407407407
4 0.3296296296296296 0.6259259259259259 0.10925925925925926 0.10277777777777777
4 0.4888888888888889 0.6958333333333333 0.11203703703703703 0.0962962962962963
4 0.5981481481481481 0.762962962962963 0.07592592592592592 0.08611111111111111
4 0.5393518518518519 0.6129629629629629 0.07777777777777778 0.04814814814814815
4 0.6291666666666667 0.649074074074074 0.09537037037037037 0.05185185185185185
4 0.6606481481481481 0.5967592592592592 0.06666666666666667 0.06296296296296296
4 0.7194444444444444 0.5347222222222222 0.1175925925925926 0.062037037037037036
4 0.5444444444444444 0.47314814814814815 0.11296296296296296 0.05925925925925926
4 0.39351851851851855 0.42268518518518516 0.06296296296296296 0.05277777777777778
4 0.3 0.45740740740740743 0.08796296296296297 0.05
4 0.37777777777777777 0.4898148148148148 0.06759259259259259 0.04814814814814815
4 0.5944444444444444 0.42824074074074076 0.058333333333333334 0.05277777777777778
4 0.662962962962963 0.42083333333333334 0.08611111111111111 0.05925925925925926
4 0.8300925925925926 0.5995370370370371 0.06018518518518518 0.04537037037037037