14 0.5 0.5 1 1
3 0.4114722222222222 0.18594444444444444 0.12251851851851851 0.11167592592592593
3 0.8717314814814815 0.47326851851851853 0.12794444444444444 0.15937962962962962
3 0.09162037037037038 0.5887407407407408 0.18324074074074076 0.12360185185185187
10 0.42926851851851855 0.7183888888888889 0.1852314814814815 0.15917592592592592
10 0.6095740740740742 0.7205 0.1345185185185185 0.0563425925925926
10 0.38419444444444445 0.37327777777777776 0.18241666666666667 0.043666666666666666
10 0.5085092592592593 0.24262962962962964 0.07042592592592593 0.10212037037037038
10 0.5912592592592593 0.3806759259259259 0.057046296296296296 0.11198148148148147
10 0.33144444444444443 0.4669537037037037 0.18091666666666664 0.16040740740740742
10 0.6020925925925926 0.5570462962962963 0.15821296296296297 0.054935185185185184
10 0.6588611111111111 0.6258981481481481 0.10621296296296295 0.06079629629629629
12 0.8698148148148148 0.679 0.0710462962962963 0.07325
12 0.8994722222222222 0.5936666666666667 0.07031481481481482 0.08423148148148148
12 0.7357685185185185 0.414212962962963 0.11646296296296296 0.0666574074074074
12 0.7471203703703704 0.5306759259259259 0.12012962962962964 0.1633425925925926
12 0.6845 0.1633425925925926 0.09155555555555556 0.08936111111111111
12 0.7753240740740741 0.2688148148148148 0.11646296296296296 0.1025462962962963
12 0.9159537037037038 0.36403703703703705 0.07544444444444445 0.057129629629629634
12 0.23585185185185184 0.17762037037037037 0.11426851851851852 0.10767592592592592
12 0.2527037037037037 0.31203703703703706 0.0966851851851852 0.06738888888888889
12 0.3135 0.24648148148148147 0.09522222222222222 0.06519444444444444
12 0.14575925925925926 0.3556111111111111 0.1435648148148148 0.08570370370370371
12 0.07177777777777777 0.4570648148148148 0.0835 0.11719444444444443
12 0.1025462962962963 0.7148981481481482 0.09375925925925926 0.1274537037037037
12 0.24977777777777777 0.7826481481481481 0.06885185185185184 0.1091388888888889
12 0.34352777777777777 0.9552314814814815 0.11279629629629628 0.08953703703703704
15 0.6072222222222222 0.9221851851851852 0.09228703703703704 0.08496296296296296
15 0.23549074074074075 0.5588796296296297 0.0710462962962963 0.06445370370370371
15 0.7859444444444444 0.4570648148148148 0.05566666666666666 0.06885185185185184
15 0.9020370370370371 0.6409166666666667 0.05200925925925926 0.04101851851851852
15 0.8727407407407407 0.7639722222222223 0.04614814814814815 0.0791111111111111
15 0.18128703703703702 0.41128703703703706 0.05053703703703703 0.08276851851851852
15 0.1574814814814815 0.23549074074074075 0.09375925925925926 0.04175
15 0.45230555555555557 0.2893240740740741 0.06812037037037036 0.06592592592592593
15 0.5746203703703704 0.08679629629629629 0.07690740740740741 0.08423148148148148
12 0.592212962962963 0.15962962962962962 0.08370370370370371 0.07777777777777778
12 0.6651759259259259 0.3481388888888889 0.07407407407407407 0.08296296296296296