14 0.595675925925926 0.5216018518518519 0.8086388888888889 0.9567870370370369
7 0.2951944444444444 0.5162777777777778 0.17394444444444446 0.10711111111111112
7 0.4550092592592593 0.6563796296296296 0.09768518518518518 0.17994444444444443
7 0.8950185185185185 0.9258703703703705 0.08483333333333334 0.0985462962962963
7 0.83375 0.5419814814814815 0.11653703703703704 0.0951111111111111
7 0.604712962962963 0.239962962962963 0.17437962962962963 0.1151851851851852
12 0.5396851851851852 0.30762962962962964 0.14050925925925925 0.14476851851851852
12 0.665537037037037 0.4084537037037037 0.11002777777777778 0.17114814814814816
12 0.49978703703703703 0.4738981481481481 0.3049074074074074 0.10930555555555556
12 0.9332685185185184 0.2506111111111111 0.13346296296296295 0.2840462962962963
12 0.893712962962963 0.42391666666666666 0.21256481481481482 0.06256481481481481
12 0.6968240740740741 0.6342592592592593 0.3840092592592593 0.08773148148148148
12 0.3518981481481482 0.8430740740740741 0.10760185185185185 0.31384259259259256
12 0.6491388888888889 0.950138888888889 0.12213888888888888 0.09973148148148148
12 0.8108981481481481 0.883287037037037 0.08341666666666667 0.12571296296296297
12 0.7310648148148148 0.7790277777777778 0.23712962962962966 0.08162962962962962
12 0.7899259259259259 0.7086481481481481 0.1222962962962963 0.06037962962962962