14 0.5100277777777779 0.5655833333333333 0.9274722222222221 0.7052499999999999
11 0.8099444444444445 0.7412777777777778 0.1253611111111111 0.09789814814814815
11 0.6049907407407408 0.7014814814814815 0.11832407407407408 0.08874074074074075
11 0.6028796296296296 0.7976203703703704 0.10000925925925927 0.10212037037037038
11 0.47399074074074077 0.7215555555555555 0.10000925925925927 0.06831481481481481
11 0.2905277777777778 0.7673333333333333 0.1415648148148148 0.10494444444444445
11 0.08874074074074075 0.6479537037037036 0.10141666666666667 0.07606481481481482
11 0.09332407407407407 0.6095740740740742 0.10916666666666668 0.061277777777777785
11 0.07852777777777778 0.5190740740740741 0.10352777777777777 0.06620370370370371
11 0.25425 0.45039814814814816 0.10000925925925927 0.07113888888888889
11 0.20249074074074075 0.5732962962962963 0.10775925925925925 0.08169444444444444
11 0.3229259259259259 0.6377407407407407 0.10775925925925925 0.0824074074074074
11 0.4419444444444445 0.5546388888888889 0.08944444444444444 0.08522222222222223
11 0.3648240740740741 0.5095648148148149 0.08169444444444444 0.06268518518518519
11 0.14015740740740742 0.4106111111111111 0.10000925925925927 0.06901851851851852
11 0.23770370370370372 0.28982407407407407 0.08662962962962963 0.061277777777777785
11 0.43455555555555553 0.24051851851851852 0.09155555555555556 0.054231481481481485
11 0.6592222222222223 0.25883333333333336 0.08592592592592592 0.054231481481481485
11 0.798675925925926 0.36376851851851855 0.10424074074074074 0.04155555555555556
11 0.6468981481481482 0.4514537037037037 0.08522222222222223 0.0647962962962963
11 0.8874166666666666 0.5056851851851851 0.1239537037037037 0.07042592592592593
11 0.7944537037037037 0.627175925925926 0.1126851851851852 0.08803703703703704
11 0.6683796296296296 0.6011203703703704 0.11550925925925926 0.08522222222222223
11 0.5535833333333333 0.584925925925926 0.1126851851851852 0.08381481481481481
13 0.6670277777777778 0.7973981481481482 0.08222222222222222 0.10444444444444444
13 0.40332407407407406 0.8233240740740742 0.11629629629629629 0.09111111111111111
13 0.22037037037037038 0.7277685185185185 0.11481481481481481 0.07037037037037037
13 0.24444444444444444 0.6259166666666667 0.1111111111111111 0.07851851851851852
13 0.4281388888888889 0.5781388888888889 0.08592592592592592 0.051111111111111114
13 0.332212962962963 0.4996203703703704 0.08962962962962963 0.07333333333333333
13 0.2311111111111111 0.4973981481481482 0.0874074074074074 0.07037037037037037
13 0.14814814814814814 0.4429537037037037 0.07851851851851852 0.048888888888888885
13 0.3158518518518519 0.3494351851851852 0.06850925925925926 0.05293518518518519
13 0.24645370370370373 0.26469444444444445 0.0782962962962963 0.05249074074074074
13 0.42306481481481484 0.29094444444444445 0.025805555555555557 0.06316666666666666
13 0.5534074074074073 0.24312037037037038 0.07028703703703704 0.05026851851851852
13 0.5656388888888889 0.3814722222222222 0.06539814814814815 0.06361111111111112
13 0.4726666666666667 0.44842592592592595 0.07339814814814814 0.06316666666666666
13 0.7324629629629629 0.4415277777777778 0.08497222222222221 0.06717592592592592
13 0.7213425925925926 0.5118148148148148 0.06272222222222222 0.06272222222222222
13 0.7867407407407407 0.5747592592592593 0.10098148148148148 0.06227777777777778
13 0.6647777777777778 0.6476666666666667 0.12178703703703704 0.08152777777777777
13 0.5731851851851851 0.5731851851851851 0.09360185185185185 0.0855462962962963
13 0.4750555555555555 0.7618981481481482 0.05435185185185185 0.06642592592592592
13 0.5132962962962964 0.7473055555555556 0.02213888888888889 0.07146296296296296
9 0.8978518518518518 0.5901851851851851 0.05235185185185185 0.03943518518518519
9 0.819324074074074 0.7122314814814815 0.04215740740740741 0.04555555555555556
9 0.6211203703703703 0.728212962962963 0.05371296296296296 0.033999999999999996
9 0.4868333333333333 0.666675925925926 0.046231481481481485 0.042833333333333334
9 0.3294259259259259 0.7013518518518519 0.05235185185185185 0.04419444444444444
9 0.18528703703703706 0.6853796296296296 0.05235185185185185 0.0489537037037037
9 0.17813888888888887 0.5959629629629629 0.05711111111111111 0.07138888888888888
9 0.11933333333333333 0.5058703703703704 0.04691666666666667 0.03943518518518519
9 0.18051851851851852 0.41237962962962965 0.04827777777777778 0.04419444444444444
9 0.24545370370370367 0.3845 0.04351851851851852 0.03875925925925926
9 0.24613888888888888 0.3481296296296296 0.04351851851851852 0.033999999999999996
9 0.2695925925925926 0.35934259259259255 0.03467592592592593 0.0319537037037037
9 0.6361666666666667 0.2867037037037037 0.04673148148148148 0.028703703703703703
9 0.6511851851851852 0.3294259259259259 0.0380462962962963 0.042055555555555554
9 0.48830555555555555 0.3300925925925926 0.042055555555555554 0.03537962962962963
9 0.5667407407407408 0.3401111111111111 0.03737962962962963 0.030037037037037036
9 0.6111296296296296 0.40819444444444447 0.05407407407407407 0.04472222222222222
9 0.38083333333333336 0.4632685185185185 0.03938888888888889 0.030703703703703702
9 0.4205462962962963 0.3554629629629629 0.030703703703703702 0.04072222222222222
9 0.7598981481481482 0.415962962962963 0.04971296296296296 0.03550925925925926
9 0.6650370370370371 0.5105740740740741 0.04971296296296296 0.04210185185185185
9 0.7167777777777777 0.5612962962962963 0.047685185185185185 0.03702777777777778
9 0.52325 0.5156388888888889 0.030944444444444445 0.023842592592592592
9 0.6404351851851852 0.5564814814814815 0.028916666666666667 0.028407407407407406
9 0.6140555555555555 0.5930000000000001 0.023842592592592592 0.01927777777777778
11 0.41660185185185183 0.8544444444444445 0.1216574074074074 0.13427777777777777
12 0.8478333333333333 0.45485185185185184 0.09544444444444444 0.058916666666666666
12 0.7341203703703704 0.3320092592592592 0.04831481481481482 0.054796296296296294
12 0.5874166666666666 0.4580925925925926 0.10723148148148148 0.059509259259259255
12 0.570037037037037 0.5149444444444444 0.07482407407407407 0.027101851851851853
12 0.4280462962962963 0.4504351851851852 0.02887037037037037 0.11253703703703705
12 0.33975 0.3971111111111111 0.14063888888888887 0.03417592592592592
12 0.34750000000000003 0.3093240740740741 0.03358333333333333 0.12254629629629629
12 0.40347222222222223 0.32523148148148145 0.0783611111111111 0.021212962962962965
12 0.45620370370370367 0.2501111111111111 0.04006481481481482 0.054796296296296294
12 0.6529907407407407 0.26896296296296296 0.1001574074074074 0.021796296296296296
12 0.6827407407407408 0.3096203703703704 0.018268518518518517 0.058333333333333334