14 0.5 0.5 1 1
4 0.275 0.6212962962962963 0.2064814814814815 0.19074074074074074
4 0.062037037037037036 0.4546296296296296 0.12407407407407407 0.1111111111111111
4 0.5087962962962963 0.2671296296296296 0.11574074074074074 0.11018518518518519
4 0.2064814814814815 0.14629629629629629 0.08333333333333333 0.06851851851851852
4 0.8060185185185185 0.4041666666666667 0.21388888888888888 0.14814814814814814
4 0.600462962962963 0.7712962962962963 0.15648148148148147 0.17777777777777778
4 0.7537037037037037 0.19675925925925927 0.1111111111111111 0.08425925925925926
2 0.5861111111111111 0.31574074074074077 0.17314814814814813 0.16574074074074074
2 0.6643518518518519 0.6439814814814815 0.20925925925925926 0.26481481481481484
2 0.4638888888888889 0.49675925925925923 0.11018518518518519 0.07962962962962963
2 0.16574074074074074 0.3976851851851852 0.21944444444444444 0.15648148148148147
2 0.10833333333333334 0.22083333333333333 0.09722222222222222 0.10277777777777777
2 0.4601851851851852 0.15648148148148147 0.19444444444444445 0.11574074074074074
2 0.29074074074074074 0.17962962962962964 0.12407407407407407 0.11296296296296296
15 0.4273148148148148 0.5888888888888889 0.1814814814814815 0.18796296296296297
15 0.7981481481481482 0.5509259259259259 0.15462962962962962 0.14074074074074075
15 0.38472222222222224 0.3597222222222222 0.13240740740740742 0.12407407407407407
15 0.2013888888888889 0.22037037037037038 0.12222222222222222 0.1037037037037037
15 0.17824074074074073 0.3013888888888889 0.13518518518518519 0.12685185185185185
15 0.08796296296296297 0.32685185185185184 0.13796296296296295 0.1388888888888889
15 0.3851851851851852 0.20046296296296295 0.1537037037037037 0.11574074074074074
15 0.3143518518518518 0.13194444444444445 0.1111111111111111 0.09814814814814815
15 0.4125 0.08888888888888889 0.18425925925925926 0.13240740740740742
15 0.5898148148148148 0.12638888888888888 0.1037037037037037 0.06574074074074074
15 0.6212962962962963 0.22175925925925927 0.125 0.10648148148148148
15 0.7648148148148148 0.29074074074074074 0.14166666666666666 0.10925925925925926