14 0.5 0.4808998302207131 1 0.9422750424448217
15 0.20555555555555555 0.6443123938879457 0.14074074074074075 0.11205432937181664
4 0.4111111111111111 0.5589983022071308 0.09351851851851851 0.06706281833616298
4 0.5796296296296296 0.7623089983022071 0.09074074074074075 0.07640067911714771
4 0.4671296296296296 0.764855687606112 0.0824074074074074 0.05263157894736842
4 0.07685185185185185 0.5488115449915111 0.08148148148148149 0.0730050933786078
4 0.2199074074074074 0.4129881154499151 0.08611111111111111 0.07045840407470289
4 0.2212962962962963 0.34210526315789475 0.08333333333333333 0.06960950764006792
4 0.3958333333333333 0.2767402376910017 0.08796296296296297 0.07724957555178268
4 0.5009259259259259 0.13624787775891342 0.08888888888888889 0.06536502546689305
4 0.7907407407407407 0.4159592529711375 0.09814814814814815 0.07809847198641766
4 0.9310185185185185 0.40492359932088284 0.0824074074074074 0.0865874363327674
4 0.7092592592592593 0.41468590831918506 0.06759259259259259 0.07385398981324279
4 0.8291666666666667 0.6044142614601019 0.08425925925925926 0.07470288624787776
4 0.9194444444444444 0.6528013582342954 0.09814814814814815 0.0967741935483871
15 0.6430555555555556 0.39176570458404075 0.12685185185185185 0.11799660441426146
15 0.725 0.1540747028862479 0.10740740740740741 0.08064516129032258
15 0.3851851851851852 0.13921901528013583 0.10925925925925926 0.0865874363327674
0 0.6282407407407408 0.6129032258064516 0.14351851851851852 0.1400679117147708
0 0.9467592592592593 0.5543293718166383 0.10648148148148148 0.09847198641765705
0 0.7907407407407407 0.27631578947368424 0.09444444444444444 0.11290322580645161
0 0.5189814814814815 0.2669779286926995 0.10833333333333334 0.16723259762308998
0 0.2902777777777778 0.2427843803056027 0.08611111111111111 0.10101867572156197
0 0.26342592592592595 0.5241935483870968 0.1712962962962963 0.08743633276740238
0 0.14305555555555555 0.3637521222410866 0.05462962962962963 0.07385398981324279
15 0.5023148148148148 0.932937181663837 0.11574074074074074 0.1035653650254669