14 0.5030833333333333 0.45678703703703705 0.993824074074074 0.8734537037037038
12 0.13153703703703704 0.44472222222222224 0.08312037037037037 0.1559537037037037
12 0.3898888888888889 0.44687037037037036 0.06340740740740741 0.08825925925925926
12 0.3281851851851852 0.36546296296296293 0.06169444444444444 0.13796296296296295
12 0.4091666666666666 0.3037685185185185 0.10025925925925926 0.05226851851851852
12 0.2506203703703704 0.38237037037037036 0.06896296296296296 0.12350925925925925
12 0.17060185185185187 0.34376851851851853 0.06536111111111112 0.024703703703703703
12 0.17728703703703705 0.29874074074074075 0.07874074074074075 0.06226851851851852
12 0.28724074074074074 0.2770185185185185 0.1432314814814815 0.037342592592592594
12 0.2642314814814815 0.11864814814814814 0.06541666666666668 0.059
12 0.2023425925925926 0.22030555555555556 0.06605555555555556 0.06221296296296296
12 0.3161851851851852 0.19849074074074075 0.05387037037037037 0.045537037037037036
12 0.37678703703703703 0.22511111111111112 0.046814814814814816 0.06412962962962963
12 0.43226851851851855 0.16418518518518518 0.07183333333333333 0.046175925925925926
12 0.41270370370370374 0.1087037037037037 0.050666666666666665 0.06221296296296296
12 0.34343518518518523 0.09075000000000001 0.06734259259259259 0.032712962962962965
12 0.5502685185185184 0.11448148148148148 0.15392592592592594 0.06477777777777777
12 0.5162777777777778 0.1869537037037037 0.05772222222222222 0.07375000000000001
12 0.5951666666666666 0.20426851851851854 0.10133333333333333 0.02886111111111111
12 0.5855462962962963 0.2635925925925926 0.05387037037037037 0.08978703703703704
12 0.6364907407407407 0.17697222222222223 0.06616666666666667 0.024694444444444446
12 0.8389814814814816 0.17235185185185184 0.1260925925925926 0.09251851851851851
12 0.7647499999999999 0.22196296296296297 0.14922222222222223 0.06341666666666666
12 0.8628611111111111 0.29992592592592593 0.049990740740740745 0.06117592592592592
12 0.8494259259259259 0.3655833333333333 0.17682407407407408 0.04028703703703704
12 0.883 0.41333333333333333 0.1529537037037037 0.04476851851851852
12 0.9329907407407407 0.4801111111111111 0.06192592592592592 0.0872962962962963
12 0.8511296296296297 0.6665740740740741 0.15837037037037036 0.04020370370370371
12 0.9163055555555556 0.5934814814814815 0.06294444444444444 0.10598148148148148
12 0.6649444444444444 0.5624166666666667 0.14902777777777776 0.12587962962962962
12 0.7328425925925927 0.7266111111111111 0.06424074074074074 0.08366666666666667
12 0.5873888888888888 0.7924444444444445 0.23989814814814814 0.08201851851851852
12 0.454212962962963 0.6755833333333333 0.21696296296296297 0.19050925925925927
12 0.17727777777777778 0.5679907407407407 0.08466666666666667 0.08996296296296295
12 0.2998703703703704 0.5843055555555555 0.08819444444444445 0.05732407407407407