14 0.5138888888888888 0.6087962962962963 0.9722222222222222 0.6188240740740741
4 0.2551759259259259 0.580787037037037 0.09118518518518519 0.051037037037037034
4 0.27014814814814814 0.6801296296296296 0.08437962962962962 0.05784259259259259
4 0.35962962962962963 0.6583611111111111 0.09322222222222223 0.08505555555555555
4 0.5297499999999999 0.6937407407407408 0.09866666666666667 0.07825
4 0.6508703703703704 0.7369537037037037 0.06192592592592592 0.07485185185185185
4 0.5620740740740741 0.6022222222222222 0.07212962962962964 0.034027777777777775
4 0.6573333333333333 0.6188888888888888 0.08982407407407408 0.0347037037037037
4 0.677074074074074 0.5610462962962962 0.05715740740740741 0.05239814814814815
4 0.7219814814814814 0.4882407407407407 0.11160185185185185 0.04014814814814815
4 0.5379166666666667 0.4644259259259259 0.10819444444444444 0.037425925925925925
4 0.3797037037037037 0.4463888888888889 0.055796296296296295 0.04218518518518519
4 0.29566666666666663 0.4998055555555555 0.08233333333333334 0.03334259259259259
4 0.3783425925925926 0.515462962962963 0.06124074074074074 0.03606481481481482
4 0.5777222222222222 0.41032407407407406 0.050351851851851856 0.0435462962962963
4 0.6430462962962963 0.3885462962962963 0.07893518518518519 0.0435462962962963
4 0.8436203703703704 0.5285833333333333 0.054425925925925926 0.03521296296296297