14 0.5 0.5 1 1
3 0.42824074074074076 0.18194444444444444 0.1287037037037037 0.1175925925925926
3 0.8726851851851852 0.4925925925925926 0.13703703703703704 0.16574074074074074
3 0.09074074074074075 0.5666666666666667 0.1814814814814815 0.13333333333333333
10 0.41805555555555557 0.7143518518518519 0.1935185185185185 0.1685185185185185
10 0.5976851851851852 0.725925925925926 0.13703703703703704 0.06296296296296296
10 0.3912037037037037 0.3675925925925926 0.18425925925925926 0.05277777777777778
10 0.5217592592592593 0.24351851851851852 0.07592592592592592 0.10555555555555556
10 0.5972222222222222 0.38564814814814813 0.062037037037037036 0.11481481481481481
10 0.3333333333333333 0.4583333333333333 0.18981481481481483 0.16944444444444445
10 0.5990740740740741 0.5625 0.16111111111111112 0.06296296296296296
10 0.6518518518518519 0.6342592592592593 0.10925925925925926 0.06666666666666667
12 0.8597222222222223 0.6981481481481482 0.075 0.07685185185185185
12 0.8939814814814815 0.6143518518518518 0.075 0.08796296296296297
12 0.7398148148148148 0.42685185185185187 0.12037037037037036 0.07222222222222222
12 0.7453703703703703 0.5435185185185185 0.1287037037037037 0.16944444444444445
12 0.7018518518518518 0.1736111111111111 0.0962962962962963 0.09444444444444444
12 0.7870370370370371 0.2833333333333333 0.12222222222222222 0.10833333333333334
12 0.9226851851851852 0.3861111111111111 0.0787037037037037 0.06111111111111111
12 0.25324074074074077 0.16435185185185186 0.11944444444444445 0.11296296296296296
12 0.26296296296296295 0.29953703703703705 0.1 0.07222222222222222
12 0.32685185185185184 0.23703703703703705 0.09814814814814815 0.06944444444444445
12 0.1537037037037037 0.3375 0.14814814814814814 0.09259259259259259
12 0.07453703703703704 0.43472222222222223 0.08981481481481482 0.12129629629629629
12 0.09166666666666666 0.6939814814814815 0.1 0.13240740740740742
12 0.2351851851851852 0.7689814814814815 0.07407407407407407 0.11296296296296296
12 0.3194444444444444 0.9462962962962963 0.11666666666666667 0.09537037037037037
15 0.5851851851851851 0.9273148148148148 0.09722222222222222 0.08981481481481482
15 0.23287037037037037 0.5449074074074074 0.07407407407407407 0.06759259259259259
15 0.787962962962963 0.4722222222222222 0.05925925925925926 0.07222222222222222
15 0.8939814814814815 0.6615740740740741 0.053703703703703705 0.04351851851851852
15 0.8583333333333333 0.7833333333333333 0.05 0.08148148148148149
15 0.1865740740740741 0.39490740740740743 0.05555555555555555 0.08611111111111111
15 0.17175925925925925 0.21805555555555556 0.0962962962962963 0.046296296296296294
15 0.4634259259259259 0.28703703703703703 0.0712962962962963 0.06944444444444445
15 0.5962962962962963 0.0912037037037037 0.08148148148148149 0.08796296296296297
12 0.6097222222222223 0.1648148148148148 0.08796296296296297 0.0824074074074074
12 0.6726851851851852 0.35694444444444445 0.0787037037037037 0.08703703703703704