14 0.5078703703703704 0.5657407407407408 0.9518518518518518 0.737037037037037
11 0.8013888888888889 0.7518518518518519 0.1287037037037037 0.10185185185185185
11 0.5976851851851852 0.7050925925925926 0.12129629629629629 0.09259259259259259
11 0.5925925925925926 0.8009259259259259 0.1037037037037037 0.10648148148148148
11 0.46620370370370373 0.7203703703703703 0.10277777777777777 0.07222222222222222
11 0.2814814814814815 0.7597222222222222 0.14537037037037037 0.10925925925925926
11 0.0837962962962963 0.6333333333333333 0.10462962962962963 0.07962962962962963
11 0.08981481481481482 0.5953703703703703 0.1111111111111111 0.06481481481481481
11 0.07824074074074074 0.5041666666666667 0.10555555555555556 0.06944444444444445
11 0.25601851851851853 0.44166666666666665 0.10277777777777777 0.075
11 0.2 0.562962962962963 0.1111111111111111 0.08518518518518518
11 0.31805555555555554 0.6314814814814815 0.11018518518518519 0.08611111111111111
11 0.44027777777777777 0.5527777777777778 0.09259259259259259 0.08796296296296297
11 0.36435185185185187 0.5046296296296297 0.08333333333333333 0.06574074074074074
11 0.14351851851851852 0.39814814814814814 0.10277777777777777 0.07314814814814814
11 0.24537037037037038 0.2810185185185185 0.08888888888888889 0.06388888888888888
11 0.44351851851851853 0.23842592592592593 0.09351851851851851 0.05740740740740741
11 0.6675925925925926 0.26435185185185184 0.08703703703703704 0.05740740740740741
11 0.8032407407407407 0.37407407407407406 0.10555555555555556 0.04537037037037037
11 0.6486111111111111 0.4564814814814815 0.08703703703703704 0.06759259259259259
11 0.8870370370370371 0.5189814814814815 0.12685185185185185 0.075
11 0.7898148148148149 0.6375 0.11574074074074074 0.09166666666666666
11 0.6648148148148149 0.6069444444444444 0.11851851851851852 0.08888888888888889
11 0.5504629629629629 0.586574074074074 0.11574074074074074 0.08796296296296297
13 0.6564814814814814 0.8032407407407407 0.08611111111111111 0.10740740740740741
13 0.3921296296296296 0.8199074074074074 0.11851851851851852 0.09444444444444444
13 0.2125 0.7180555555555556 0.1175925925925926 0.07407407407407407
13 0.24027777777777778 0.6171296296296296 0.11388888888888889 0.08148148148148149
13 0.425462962962963 0.575462962962963 0.08796296296296297 0.053703703703703705
13 0.33240740740740743 0.49398148148148147 0.09259259259259259 0.07592592592592592
13 0.23148148148148148 0.487962962962963 0.08981481481481482 0.07314814814814814
13 0.15046296296296297 0.4305555555555556 0.07962962962962963 0.05185185185185185
13 0.3212962962962963 0.34305555555555556 0.07037037037037037 0.05555555555555555
13 0.25462962962962965 0.25601851851851853 0.07962962962962963 0.05462962962962963
13 0.4305555555555556 0.2884259259259259 0.027777777777777776 0.06388888888888888
13 0.5625 0.24537037037037038 0.07222222222222222 0.05277777777777778
13 0.5699074074074074 0.3837962962962963 0.06666666666666667 0.06574074074074074
13 0.47453703703703703 0.4476851851851852 0.075 0.06574074074074074
13 0.7342592592592593 0.449537037037037 0.08703703703703704 0.06944444444444445
13 0.7208333333333333 0.5194444444444445 0.06481481481481481 0.06481481481481481
13 0.7837962962962963 0.5847222222222223 0.10277777777777777 0.06574074074074074
13 0.6597222222222222 0.6532407407407408 0.125 0.08611111111111111
13 0.5703703703703704 0.575925925925926 0.09722222222222222 0.08888888888888889
13 0.46574074074074073 0.7606481481481482 0.05648148148148148 0.06851851851851852
13 0.5046296296296297 0.7476851851851852 0.025 0.07314814814814814
9 0.8944444444444445 0.6041666666666666 0.053703703703703705 0.041666666666666664
9 0.8115740740740741 0.7231481481481481 0.044444444444444446 0.04722222222222222
9 0.6129629629629629 0.7324074074074074 0.05462962962962963 0.03611111111111111
9 0.4810185185185185 0.6662037037037037 0.04814814814814815 0.044444444444444446
9 0.3226851851851852 0.6953703703703704 0.053703703703703705 0.04537037037037037
9 0.17916666666666667 0.674074074074074 0.053703703703703705 0.05092592592592592
9 0.175 0.5847222222222223 0.05925925925925926 0.07314814814814814
9 0.11944444444444445 0.4925925925925926 0.04814814814814815 0.041666666666666664
9 0.1837962962962963 0.4013888888888889 0.05 0.04537037037037037
9 0.24953703703703703 0.37546296296296294 0.044444444444444446 0.040740740740740744
9 0.2513888888888889 0.33935185185185185 0.044444444444444446 0.03518518518518519
9 0.274537037037037 0.35138888888888886 0.03611111111111111 0.032407407407407406
9 0.6435185185185185 0.2916666666666667 0.04722222222222222 0.030555555555555555
9 0.6569444444444444 0.3347222222222222 0.03981481481481482 0.04351851851851852
9 0.49444444444444446 0.3296296296296296 0.04259259259259259 0.037037037037037035
9 0.5722222222222222 0.3425925925925926 0.03796296296296296 0.03148148148148148
9 0.6143518518518518 0.41203703703703703 0.05555555555555555 0.046296296296296294
9 0.3824074074074074 0.45925925925925926 0.040740740740740744 0.032407407407407406
9 0.425462962962963 0.3527777777777778 0.032407407407407406 0.041666666666666664
9 0.7625 0.425 0.05092592592592592 0.037037037037037035
9 0.6643518518518519 0.5162037037037037 0.05092592592592592 0.04351851851851852
9 0.7143518518518519 0.5689814814814815 0.049074074074074076 0.03888888888888889
9 0.5226851851851851 0.5166666666666667 0.032407407407407406 0.025
9 0.638425925925926 0.5615740740740741 0.02962962962962963 0.028703703703703703
9 0.6106481481481482 0.5967592592592592 0.025 0.020370370370370372
11 0.4041666666666667 0.8513888888888889 0.12685185185185185 0.1388888888888889
12 0.8490740740740741 0.4671296296296296 0.09722222222222222 0.062037037037037036
12 0.7398148148148148 0.3402777777777778 0.05 0.05648148148148148
12 0.5888888888888889 0.46111111111111114 0.10833333333333334 0.06296296296296296
12 0.5694444444444444 0.5175925925925926 0.07592592592592592 0.02962962962962963
12 0.42962962962962964 0.44814814814814813 0.032407407407407406 0.11296296296296296
12 0.3435185185185185 0.39166666666666666 0.14166666666666666 0.03888888888888889
12 0.3541666666666667 0.30416666666666664 0.03796296296296296 0.12314814814814815
12 0.4097222222222222 0.32175925925925924 0.07962962962962963 0.024074074074074074
12 0.4648148148148148 0.24861111111111112 0.041666666666666664 0.05648148148148148
12 0.6611111111111111 0.274537037037037 0.10092592592592593 0.025
12 0.6893518518518519 0.3162037037037037 0.020370370370370372 0.05925925925925926