14 0.5 0.5847222222222223 1 0.8305555555555556
4 0.28703703703703703 0.6453703703703704 0.10185185185185185 0.07407407407407407
4 0.3287037037037037 0.736574074074074 0.09722222222222222 0.07962962962962963
4 0.40879629629629627 0.6907407407407408 0.11296296296296296 0.10740740740740741
4 0.5819444444444445 0.6782407407407407 0.11574074074074074 0.10185185185185185
4 0.7101851851851851 0.6861111111111111 0.07962962962962963 0.08888888888888889
4 0.5879629629629629 0.5810185185185185 0.0787037037037037 0.05277777777777778
4 0.6837962962962963 0.5708333333333333 0.09537037037037037 0.05740740740740741
4 0.687037037037037 0.5097222222222222 0.06944444444444445 0.06574074074074074
4 0.7101851851851851 0.4273148148148148 0.11851851851851852 0.06944444444444445
4 0.5268518518518519 0.45555555555555555 0.11388888888888889 0.06574074074074074
4 0.36944444444444446 0.48148148148148145 0.06481481481481481 0.05648148148148148
4 0.3037037037037037 0.5560185185185185 0.08796296296296297 0.05462962962962963
4 0.3875 0.5486111111111112 0.06851851851851852 0.05185185185185185
4 0.55 0.3925925925925926 0.06018518518518518 0.05555555555555555
4 0.6069444444444444 0.35324074074074074 0.08796296296296297 0.06388888888888888
4 0.8379629629629629 0.43287037037037035 0.06111111111111111 0.049074074074074076