14 0.5828703703703704 0.5138888888888888 0.8342592592592593 0.9722222222222222
7 0.29444444444444445 0.5055555555555555 0.17962962962962964 0.11574074074074074
7 0.44675925925925924 0.6537037037037037 0.10648148148148148 0.18425925925925926
7 0.8722222222222222 0.9458333333333333 0.08981481481481482 0.10277777777777777
7 0.8310185185185185 0.5592592592592592 0.12037037037037036 0.10092592592592593
7 0.6180555555555556 0.24583333333333332 0.17962962962962964 0.12407407407407407
12 0.549537037037037 0.3101851851851852 0.14814814814814814 0.15185185185185185
12 0.6699074074074074 0.41712962962962963 0.11851851851851852 0.17685185185185184
12 0.5009259259259259 0.4740740740740741 0.3101851851851852 0.125
12 0.9356481481481481 0.27314814814814814 0.1287037037037037 0.29074074074074074
12 0.8944444444444445 0.44351851851851853 0.2111111111111111 0.07407407407407407
12 0.6893518518518519 0.6444444444444445 0.38796296296296295 0.10740740740740741
12 0.3337962962962963 0.8347222222222223 0.125 0.3194444444444444
12 0.625462962962963 0.9518518518518518 0.12685185185185185 0.0962962962962963
12 0.7902777777777777 0.899074074074074 0.08981481481481482 0.12962962962962962
12 0.7162037037037037 0.7907407407407407 0.24074074074074073 0.09351851851851851
12 0.7787037037037037 0.7236111111111111 0.125 0.06666666666666667