14 0.5 0.5 1 1
11 0.08055555555555556 0.12129629629629629 0.1388888888888889 0.12314814814814815
11 0.26805555555555555 0.07222222222222222 0.21666666666666667 0.11851851851851852
11 0.562962962962963 0.15648148148148147 0.1925925925925926 0.1175925925925926
11 0.2638888888888889 0.2828703703703704 0.23981481481481481 0.14814814814814814
11 0.5356481481481481 0.2828703703703704 0.18055555555555555 0.08981481481481482
11 0.3611111111111111 0.4638888888888889 0.2564814814814815 0.11944444444444445
11 0.13287037037037036 0.575 0.22870370370370371 0.14166666666666666
11 0.6259259259259259 0.562962962962963 0.2518518518518518 0.15925925925925927
11 0.8638888888888889 0.4444444444444444 0.2564814814814815 0.1175925925925926
11 0.9351851851851852 0.16898148148148148 0.12962962962962962 0.06574074074074074
11 0.9638888888888889 0.25601851851851853 0.07222222222222222 0.0824074074074074
11 0.8875 0.7268518518518519 0.21296296296296297 0.10833333333333334
11 0.487962962962963 0.6967592592592593 0.24537037037037038 0.13333333333333333
12 0.7675925925925926 0.6111111111111112 0.08425925925925926 0.07685185185185185
12 0.899537037037037 0.6314814814814815 0.18796296296296297 0.15833333333333333
12 0.9222222222222223 0.5291666666666667 0.14074074074074075 0.058333333333333334
12 0.962037037037037 0.3333333333333333 0.07592592592592592 0.12037037037037036
12 0.8652777777777778 0.27824074074074073 0.12777777777777777 0.09351851851851851
12 0.7467592592592592 0.1675925925925926 0.12685185185185185 0.08796296296296297
12 0.9430555555555555 0.12222222222222222 0.11388888888888889 0.06851851851851852
12 0.45787037037037037 0.09074074074074075 0.06481481481481481 0.05925925925925926
12 0.39305555555555555 0.13703703703703704 0.07777777777777778 0.04814814814814815
12 0.412962962962963 0.33287037037037037 0.15648148148148147 0.08518518518518518
12 0.37453703703703706 0.40555555555555556 0.2222222222222222 0.10277777777777777
12 0.5541666666666667 0.42592592592592593 0.1398148148148148 0.07407407407407407
12 0.7092592592592593 0.4013888888888889 0.15 0.07314814814814814
12 0.8652777777777778 0.3773148148148148 0.12222222222222222 0.02962962962962963
12 0.7412037037037037 0.29814814814814816 0.08703703703703704 0.17314814814814813
12 0.10185185185185185 0.33564814814814814 0.08518518518518518 0.04814814814814815
12 0.2412037037037037 0.18472222222222223 0.09259259259259259 0.05
12 0.21157407407407408 0.12962962962962962 0.09166666666666666 0.04537037037037037
12 0.06574074074074074 0.45694444444444443 0.13148148148148148 0.09907407407407408
12 0.2865740740740741 0.47129629629629627 0.22870370370370371 0.04814814814814815
12 0.24259259259259258 0.6310185185185185 0.058333333333333334 0.16111111111111112
12 0.34120370370370373 0.6546296296296297 0.16296296296296298 0.14537037037037037