14 0.4837962962962963 0.5084907407407407 0.9675925925925926 0.9830277777777778
11 0.16389814814814813 0.4019814814814815 0.10325000000000001 0.09824074074074074
11 0.1478611111111111 0.5398148148148149 0.10124999999999999 0.09122222222222222
11 0.2445925925925926 0.5332962962962964 0.09222222222222222 0.10225000000000001
11 0.4170185185185185 0.5092407407407408 0.10825925925925926 0.08621296296296296
11 0.49370370370370376 0.3413333333333333 0.09323148148148148 0.09924074074074074
11 0.3252962962962963 0.3934537037037037 0.10725925925925926 0.12329629629629629
11 0.22805555555555557 0.3055648148148148 0.10725925925925926 0.09860185185185184
11 0.2711574074074074 0.21251851851851852 0.09724074074074074 0.08621296296296296
11 0.4208240740740741 0.14478703703703705 0.0999351851851852 0.0872962962962963
11 0.5638055555555556 0.15351851851851853 0.10294444444444445 0.09632407407407408
11 0.6712777777777778 0.19957407407407407 0.09873148148148148 0.10536111111111111
11 0.7414074074074074 0.2188425925925926 0.09812962962962964 0.10656481481481482
11 0.6366574074074074 0.34497222222222224 0.11017592592592593 0.09632407407407408
11 0.6471944444444445 0.4747037037037037 0.10113888888888889 0.1041574074074074
11 0.7449814814814815 0.3419537037037037 0.10596296296296297 0.11077777777777778
11 0.7597499999999999 0.6166851851851851 0.1272685185185185 0.1272685185185185
11 0.8443148148148149 0.5410925925925926 0.08968518518518519 0.11275
11 0.8157037037037037 0.3798796296296296 0.11958333333333333 0.10548148148148148
11 0.8511481481481482 0.4644351851851852 0.08626851851851852 0.10036111111111111
11 0.71 0.4217314814814815 0.0884074074074074 0.0798611111111111
11 0.7208888888888888 0.49390740740740735 0.08113888888888889 0.06449074074074075
11 0.5586018518518518 0.5788055555555556 0.11248148148148149 0.1048425925925926
11 0.6377777777777778 0.6628981481481481 0.12012962962962964 0.11357407407407408
11 0.5050925925925925 0.6896574074074074 0.12122222222222222 0.10593518518518519
11 0.4553981481481481 0.804324074074074 0.12668518518518518 0.12340740740740741
11 0.6170277777777777 0.847462962962963 0.12668518518518518 0.1026574074074074
11 0.7284259259259259 0.7568148148148148 0.12668518518518518 0.12012962962962964
11 0.2304351851851852 0.6934814814814815 0.11794444444444444 0.12012962962962964
11 0.3167037037037037 0.7994074074074075 0.11794444444444444 0.11357407407407408
11 0.36694444444444446 0.7109537037037037 0.12450000000000001 0.11575925925925926
11 0.34073148148148147 0.5673425925925926 0.1223148148148148 0.10156481481481482
8 0.7823981481481481 0.47459259259259257 0.10644444444444444 0.17337962962962963
8 0.5533333333333333 0.4350925925925926 0.08504629629629629 0.10863888888888888
8 0.6241018518518519 0.2690648148148148 0.10048148148148148 0.05433333333333333
8 0.3884814814814815 0.2949259259259259 0.11651851851851852 0.07252777777777777
8 0.4411851851851852 0.3732592592592593 0.07590740740740741 0.06188888888888889
8 0.22587962962962962 0.35003703703703704 0.06453703703703705 0.06344444444444444
8 0.30318518518518517 0.2267962962962963 0.05943518518518518 0.05761111111111111
8 0.3704537037037037 0.6609444444444444 0.11538888888888889 0.083
8 0.3121203703703703 0.4901018518518518 0.083 0.06955555555555556