14 0.4101851851851852 0.40814814814814815 0.8203703703703704 0.7748148148148148
2 0.6595925925925926 0.4285555555555555 0.13871296296296295 0.08148888888888889
2 0.34894444444444445 0.23725185185185188 0.21239814814814814 0.10691851851851852
2 0.3128240740740741 0.41786666666666666 0.09825 0.13755555555555554
2 0.487287037037037 0.5103333333333334 0.14232407407407408 0.1075037037037037
2 0.1282314814814815 0.3592 0.1553240740740741 0.15315555555555554
2 0.21637037037037038 0.5976074074074074 0.164 0.0970962962962963
4 0.31260185185185185 0.7073037037037038 0.05310185185185185 0.05892592592592592
4 0.3999537037037037 0.6330814814814815 0.1444537037037037 0.06394814814814814
4 0.5769537037037037 0.5501777777777778 0.10905555555555556 0.08724444444444444
4 0.3283055555555556 0.5547481481481481 0.08792592592592592 0.09363703703703703
4 0.14987962962962964 0.5015333333333334 0.16614814814814816 0.11784444444444445
4 0.03339814814814815 0.4978740740740741 0.06680555555555556 0.1635259259259259
4 0.03339814814814815 0.3782074074074074 0.06680555555555556 0.07674074074074073
4 0.07537037037037038 0.21833333333333332 0.15073148148148147 0.17814074074074074
4 0.20497222222222222 0.20211851851851853 0.10848148148148148 0.14571111111111112
4 0.4066851851851852 0.1562 0.29511111111111116 0.054822222222222224
4 0.579537037037037 0.2710148148148148 0.10253703703703704 0.12148888888888888
4 0.37448148148148147 0.32003703703703706 0.30680555555555555 0.057748148148148146
4 0.4763703703703704 0.40245185185185184 0.2278425925925926 0.10708148148148149