14 0.5 0.5736111111111111 1 0.700925925925926
15 0.9 0.6185185185185185 0.1675925925925926 0.10648148148148148
15 0.6583333333333333 0.5925925925925926 0.17407407407407408 0.09351851851851851
15 0.487962962962963 0.6467592592592593 0.12685185185185185 0.1175925925925926
15 0.5666666666666667 0.5458333333333333 0.11666666666666667 0.08703703703703704
15 0.6754629629629629 0.4935185185185185 0.12407407407407407 0.07962962962962963
15 0.7773148148148148 0.3699074074074074 0.1175925925925926 0.11018518518518519
15 0.9004629629629629 0.4375 0.16296296296296298 0.08425925925925926
15 0.9629629629629629 0.49398148148148147 0.07407407407407407 0.06944444444444445
15 0.9199074074074074 0.5453703703703704 0.16018518518518518 0.1037037037037037
15 0.4388888888888889 0.5203703703703704 0.14351851851851852 0.075
15 0.2601851851851852 0.5972222222222222 0.1787037037037037 0.10185185185185185
15 0.1412037037037037 0.5254629629629629 0.15833333333333333 0.09351851851851851
15 0.26296296296296295 0.46111111111111114 0.15555555555555556 0.075
15 0.38564814814814813 0.3958333333333333 0.0712962962962963 0.06574074074074074
15 0.45925925925925926 0.43148148148148147 0.13703703703703704 0.07407407407407407
15 0.5023148148148148 0.34120370370370373 0.12129629629629629 0.09907407407407408
15 0.5930555555555556 0.38842592592592595 0.13148148148148148 0.08055555555555556
2 0.6527777777777778 0.3625 0.1361111111111111 0.07962962962962963
2 0.2875 0.4074074074074074 0.14074074074074075 0.08148148148148149
2 0.16620370370370371 0.5777777777777777 0.19722222222222222 0.12129629629629629
2 0.4791666666666667 0.46944444444444444 0.2574074074074074 0.06388888888888888
2 0.7300925925925926 0.6828703703703703 0.19074074074074074 0.11388888888888889
2 0.8962962962962963 0.39861111111111114 0.1935185185185185 0.075
2 0.8662037037037037 0.47314814814814815 0.12407407407407407 0.09444444444444444
2 0.9310185185185185 0.44074074074074077 0.09074074074074075 0.062037037037037036
2 0.8236111111111111 0.5546296296296296 0.24444444444444444 0.1037037037037037