14 0.5 0.5 1 1
11 0.21435185185185185 0.29768518518518516 0.12962962962962962 0.12685185185185185
11 0.15416666666666667 0.42314814814814816 0.125 0.11851851851851852
11 0.24768518518518517 0.44814814814814813 0.12037037037037036 0.12685185185185185
11 0.4185185185185185 0.48194444444444445 0.13055555555555556 0.1175925925925926
11 0.5458333333333333 0.34814814814814815 0.12037037037037036 0.12407407407407407
11 0.36944444444444446 0.3425925925925926 0.14166666666666666 0.15185185185185185
11 0.3060185185185185 0.22777777777777777 0.13333333333333333 0.12777777777777777
11 0.3773148148148148 0.1537037037037037 0.12037037037037036 0.11296296296296296
11 0.5407407407407407 0.13842592592592592 0.12222222222222222 0.11574074074074074
11 0.6731481481481482 0.19305555555555556 0.1287037037037037 0.12407407407407407
11 0.7597222222222222 0.27175925925925926 0.12685185185185185 0.13148148148148148
11 0.8199074074074074 0.31296296296296294 0.12777777777777777 0.13240740740740742
11 0.6796296296296296 0.3976851851851852 0.13518518518518519 0.12685185185185185
11 0.6472222222222223 0.524074074074074 0.13055555555555556 0.13148148148148148
11 0.7828703703703703 0.4300925925925926 0.13703703703703704 0.1398148148148148
11 0.7074074074074074 0.6949074074074074 0.16203703703703703 0.16203703703703703
11 0.812037037037037 0.6509259259259259 0.12129629629629629 0.1361111111111111
11 0.8375 0.48935185185185187 0.14814814814814814 0.1388888888888889
11 0.8435185185185186 0.5805555555555556 0.11388888888888889 0.12314814814814815
11 0.7240740740740741 0.49444444444444446 0.11018518518518519 0.10462962962962963
11 0.7106481481481481 0.5662037037037037 0.09722222222222222 0.08703703703703704
11 0.5296296296296297 0.5935185185185186 0.14074074074074075 0.1361111111111111
11 0.5773148148148148 0.6990740740740741 0.15092592592592594 0.14629629629629629
11 0.44305555555555554 0.6810185185185185 0.14907407407407408 0.1398148148148148
11 0.3587962962962963 0.7731481481481481 0.16018518518518518 0.1574074074074074
11 0.4976851851851852 0.8666666666666667 0.1537037037037037 0.1388888888888889
11 0.6324074074074074 0.8171296296296297 0.15925925925925927 0.15462962962962962
11 0.18194444444444444 0.5953703703703703 0.15092592592592594 0.15185185185185185
11 0.22916666666666666 0.7236111111111111 0.14907407407407408 0.14629629629629629
11 0.3055555555555556 0.6560185185185186 0.15555555555555556 0.15
11 0.32731481481481484 0.5120370370370371 0.14907407407407408 0.1361111111111111
8 0.7754629629629629 0.5680555555555555 0.15648148148148147 0.19814814814814816
8 0.5717592592592593 0.45601851851851855 0.11574074074074074 0.13055555555555556
8 0.6925925925925925 0.32222222222222224 0.11203703703703703 0.08425925925925926
8 0.46111111111111114 0.26990740740740743 0.13333333333333333 0.10648148148148148
8 0.48564814814814816 0.3611111111111111 0.09166666666666666 0.08333333333333333
8 0.2898148148148148 0.2689814814814815 0.08148148148148149 0.08055555555555556
8 0.4027777777777778 0.17777777777777778 0.075 0.07407407407407407
8 0.325 0.6101851851851852 0.1361111111111111 0.11574074074074074
8 0.32546296296296295 0.42962962962962964 0.10092592592592593 0.09259259259259259