14 0.5 0.5740740740740741 1 0.6518518518518519
15 0.8699074074074075 0.6925925925925925 0.1638888888888889 0.09907407407407408
15 0.637962962962963 0.6212962962962963 0.1712962962962963 0.08518518518518518
15 0.4601851851851852 0.6416666666666667 0.12129629629629629 0.11203703703703703
15 0.5569444444444445 0.5578703703703703 0.11388888888888889 0.08148148148148149
15 0.6736111111111112 0.5273148148148148 0.12129629629629629 0.07407407407407407
15 0.7972222222222223 0.425 0.11296296296296296 0.10555555555555556
15 0.9050925925925926 0.5148148148148148 0.16018518518518518 0.07592592592592592
15 0.9587962962962963 0.5828703703703704 0.07685185185185185 0.06574074074074074
15 0.9101851851851852 0.6263888888888889 0.16944444444444445 0.09537037037037037
15 0.4361111111111111 0.5083333333333333 0.14074074074074075 0.06759259259259259
15 0.24583333333333332 0.549537037037037 0.17592592592592593 0.09351851851851851
15 0.1425925925925926 0.4564814814814815 0.15462962962962962 0.08611111111111111
15 0.275 0.4166666666666667 0.1537037037037037 0.06759259259259259
15 0.4074074074074074 0.37592592592592594 0.06851851851851852 0.06296296296296296
15 0.47314814814814815 0.425 0.13425925925925927 0.06759259259259259
15 0.5324074074074074 0.3449074074074074 0.11666666666666667 0.09351851851851851
15 0.6125 0.4083333333333333 0.1287037037037037 0.07407407407407407
2 0.6763888888888889 0.3939814814814815 0.13333333333333333 0.07314814814814814
2 0.30925925925925923 0.3685185185185185 0.13796296296296295 0.075
2 0.1574074074074074 0.5125 0.1935185185185185 0.11203703703703703
2 0.48518518518518516 0.46574074074074073 0.2574074074074074 0.05
2 0.6912037037037037 0.7231481481481481 0.18611111111111112 0.10462962962962963
2 0.9060185185185186 0.475462962962963 0.18796296296296297 0.06574074074074074
2 0.8648148148148148 0.5439814814814815 0.12037037037037036 0.08888888888888889
2 0.9342592592592592 0.524074074074074 0.08888888888888889 0.05740740740740741
2 0.8074074074074075 0.6152777777777778 0.24166666666666667 0.09259259259259259