14 0.5 0.5 1 1
11 0.06786111111111112 0.1365185185185185 0.13572222222222224 0.11836111111111111
11 0.2532962962962963 0.08049074074074075 0.21305555555555555 0.11047222222222222
11 0.550787037037037 0.15466666666666665 0.18937962962962962 0.11047222222222222
11 0.25645370370370374 0.29117592592592595 0.23514814814814816 0.14046296296296296
11 0.5279074074074074 0.28170370370370373 0.17833333333333332 0.08364814814814815
11 0.35983333333333334 0.46872222222222226 0.25250925925925927 0.11047222222222222
11 0.13572222222222224 0.5878796296296296 0.22410185185185186 0.13414814814814816
11 0.6281203703703704 0.5586851851851852 0.24619444444444444 0.15150925925925926
11 0.8616944444444444 0.4316388888888889 0.25250925925925927 0.10889814814814815
11 0.9300555555555556 0.15387037037037038 0.13987962962962963 0.06154629629629629
11 0.9600462962962962 0.23988888888888887 0.0799074074074074 0.07890740740740741
11 0.8953425925925926 0.7133425925925926 0.20932407407407408 0.10099999999999999
11 0.4946666666666667 0.6968703703703704 0.24126851851851852 0.12448148148148148
12 0.7711759259259259 0.6018425925925927 0.08102777777777778 0.07340740740740741
12 0.9039537037037036 0.6176296296296296 0.1828888888888889 0.15230555555555556
12 0.9231481481481482 0.5144907407407407 0.1385185185185185 0.05397222222222222
12 0.9602222222222222 0.31750925925925927 0.07955555555555556 0.11812962962962963
12 0.8571851851851852 0.26563888888888887 0.12532407407407406 0.08875
12 0.7351574074074074 0.1592037037037037 0.12352777777777778 0.08335185185185184
12 0.932138888888889 0.10733333333333334 0.11692592592592593 0.06475925925925925
12 0.4434351851851852 0.0923425925925926 0.06296296296296296 0.05756481481481482
12 0.38047222222222227 0.14121296296296296 0.07615740740740741 0.046175925925925926
12 0.4071574074074074 0.3361018518518519 0.15350925925925926 0.07975
12 0.3711759259259259 0.40985185185185186 0.21947222222222224 0.09534259259259259
12 0.5513703703703704 0.42394444444444446 0.13731481481481483 0.06955555555555556
12 0.7054814814814815 0.39425925925925925 0.1481111111111111 0.06775925925925927
12 0.860787037037037 0.3645833333333333 0.12173148148148148 0.025185185185185185
12 0.7339629629629629 0.2899259259259259 0.08155555555555555 0.16969444444444445
12 0.09637962962962963 0.3496851851851852 0.08335185185185184 0.04558333333333333
12 0.23051851851851854 0.19405555555555556 0.09116666666666666 0.04688888888888889
12 0.1986111111111111 0.14000925925925928 0.08986111111111111 0.04298148148148148
12 0.06447222222222222 0.4721111111111111 0.12893518518518518 0.09507407407407407
12 0.2859166666666667 0.4788425925925926 0.22800925925925927 0.039935185185185185
12 0.24754629629629632 0.6397222222222222 0.052842592592592594 0.15853703703703703
12 0.3466296296296296 0.6602314814814815 0.1578425925925926 0.13976851851851851