14 0.5 0.5 1 1
11 0.4648148148148148 0.12 0.11666666666666667 0.09481481481481481
11 0.5773148148148148 0.12851851851851853 0.12129629629629629 0.09111111111111111
11 0.6884259259259259 0.16925925925925925 0.11203703703703703 0.07925925925925927
11 0.562037037037037 0.20814814814814814 0.11388888888888889 0.07777777777777778
11 0.6578703703703703 0.2677777777777778 0.11481481481481481 0.0874074074074074
11 0.45601851851851855 0.23777777777777778 0.10925925925925926 0.06888888888888889
11 0.36203703703703705 0.14407407407407408 0.1287037037037037 0.09925925925925926
11 0.17962962962962964 0.14 0.14907407407407408 0.10814814814814815
11 0.1310185185185185 0.26296296296296295 0.15185185185185185 0.12148148148148148
11 0.1 0.3540740740740741 0.15555555555555556 0.1162962962962963
11 0.2101851851851852 0.44481481481481483 0.16018518518518518 0.1237037037037037
11 0.18055555555555555 0.5818518518518518 0.14074074074074075 0.10444444444444445
11 0.3384259259259259 0.5722222222222222 0.16203703703703703 0.1162962962962963
11 0.2875 0.7125925925925926 0.15185185185185185 0.1274074074074074
11 0.4324074074074074 0.7911111111111111 0.16574074074074074 0.1259259259259259
11 0.5763888888888888 0.827037037037037 0.16111111111111112 0.1259259259259259
11 0.8675925925925926 0.7633333333333333 0.13240740740740742 0.10814814814814815
11 0.9115740740740741 0.6862962962962963 0.10185185185185185 0.09259259259259259
11 0.9634259259259259 0.5911111111111111 0.07314814814814814 0.08592592592592592
11 0.9699074074074074 0.4974074074074074 0.06018518518518518 0.08814814814814814
11 0.9004629629629629 0.53 0.10555555555555556 0.06518518518518518
11 0.7800925925925926 0.33111111111111113 0.11388888888888889 0.0725925925925926
11 0.8828703703703704 0.292962962962963 0.10092592592592593 0.06962962962962962
11 0.8837962962962963 0.4033333333333333 0.10462962962962963 0.05333333333333334
12 0.8037037037037037 0.6525925925925926 0.05185185185185185 0.04
12 0.799537037037037 0.6844444444444444 0.06574074074074074 0.0437037037037037
12 0.812962962962963 0.832962962962963 0.0712962962962963 0.0637037037037037
12 0.6601851851851852 0.695925925925926 0.08703703703703704 0.052592592592592594
12 0.7129629629629629 0.7359259259259259 0.03611111111111111 0.03925925925925926
12 0.4689814814814815 0.707037037037037 0.07685185185185185 0.05185185185185185
12 0.41805555555555557 0.4785185185185185 0.1 0.07777777777777778
12 0.21481481481481482 0.6677777777777778 0.06574074074074074 0.05703703703703704
12 0.21574074074074073 0.21851851851851853 0.05925925925925926 0.061481481481481484
12 0.8115740740740741 0.28 0.06759259259259259 0.05925925925925926
12 0.4875 0.19111111111111112 0.05092592592592592 0.045925925925925926
11 0.4847222222222222 0.32666666666666666 0.12407407407407407 0.09703703703703703
11 0.5194444444444445 0.5044444444444445 0.10092592592592593 0.10074074074074074
11 0.6226851851851852 0.5533333333333333 0.10092592592592593 0.09185185185185185
11 0.5546296296296296 0.7288888888888889 0.11203703703703703 0.09333333333333334