14 0.5 0.5273148148148148 1 0.8435185185185186
4 0.4898148148148148 0.5925925925925926 0.17962962962962964 0.12962962962962962
4 0.09675925925925925 0.43194444444444446 0.11296296296296296 0.10648148148148148
4 0.24305555555555555 0.2518518518518518 0.09259259259259259 0.0787037037037037
4 0.4027777777777778 0.1726851851851852 0.05555555555555555 0.03796296296296296
4 0.6685185185185185 0.20092592592592592 0.05555555555555555 0.04537037037037037
4 0.4550925925925926 0.7898148148148149 0.17314814814814813 0.1638888888888889
8 0.6361111111111111 0.6143518518518518 0.08611111111111111 0.10740740740740741
8 0.2375 0.6564814814814814 0.10277777777777777 0.09907407407407408
8 0.28564814814814815 0.7314814814814815 0.09814814814814815 0.08888888888888889
8 0.3398148148148148 0.3861111111111111 0.10462962962962963 0.07592592592592592
8 0.324537037037037 0.24351851851851852 0.09907407407407408 0.09444444444444444
8 0.5930555555555556 0.35509259259259257 0.08518518518518518 0.06759259259259259
2 0.5305555555555556 0.1476851851851852 0.17222222222222222 0.05740740740740741
2 0.5009259259259259 0.22546296296296298 0.2111111111111111 0.10462962962962963
2 0.7055555555555556 0.27361111111111114 0.2 0.09722222222222222
2 0.812037037037037 0.4134259259259259 0.10740740740740741 0.10648148148148148
2 0.8101851851851852 0.5231481481481481 0.18981481481481483 0.08518518518518518
10 0.32916666666666666 0.5458333333333333 0.14629629629629629 0.1638888888888889
10 0.9495370370370371 0.5962962962962963 0.08981481481481482 0.20925925925925926
10 0.6541666666666667 0.3851851851851852 0.10555555555555556 0.09259259259259259
10 0.7324074074074074 0.41944444444444445 0.07962962962962963 0.062037037037037036
10 0.7643518518518518 0.2324074074074074 0.07222222222222222 0.03611111111111111
10 0.8291666666666667 0.2902777777777778 0.04722222222222222 0.09166666666666666
10 0.5685185185185185 0.32916666666666666 0.06388888888888888 0.15555555555555556