14 0.4986111111111111 0.4311111111111111 0.9972222222222222 0.8622222222222222
2 0.6800925925925926 0.4740740740740741 0.1648148148148148 0.11333333333333333
2 0.4638888888888889 0.21222222222222223 0.24444444444444444 0.1562962962962963
2 0.35648148148148145 0.3737037037037037 0.14907407407407408 0.15555555555555556
2 0.4837962962962963 0.5062962962962962 0.1787037037037037 0.13925925925925925
2 0.20555555555555555 0.27 0.20833333333333334 0.18444444444444444
2 0.19212962962962962 0.5185185185185185 0.19444444444444445 0.1348148148148148
4 0.23842592592592593 0.6470370370370371 0.07407407407407407 0.06962962962962962
4 0.35138888888888886 0.5996296296296296 0.16296296296296298 0.09851851851851852
4 0.5523148148148148 0.5674074074074074 0.1388888888888889 0.1111111111111111
4 0.31527777777777777 0.5070370370370371 0.12129629629629629 0.1111111111111111
4 0.1685185185185185 0.4103703703703704 0.20555555555555555 0.15481481481481482
4 0.062037037037037036 0.3762962962962963 0.12407407407407407 0.17185185185185184
4 0.10833333333333334 0.2633333333333333 0.09444444444444444 0.08962962962962963
4 0.21296296296296297 0.12259259259259259 0.21388888888888888 0.2074074074074074
4 0.3421296296296296 0.14148148148148149 0.16203703703703703 0.16592592592592592
4 0.5518518518518518 0.15074074074074073 0.30185185185185187 0.1288888888888889
4 0.6685185185185185 0.30407407407407405 0.14629629629629629 0.14148148148148149
4 0.4546296296296296 0.29703703703703704 0.31296296296296294 0.1348148148148148
4 0.5171296296296296 0.4014814814814815 0.25925925925925924 0.16074074074074074