14 0.5 0.46339506172839506 1 0.720679012345679
2 0.272537037037037 0.5296543209876543 0.26025 0.10891358024691358
2 0.12145370370370369 0.3735061728395062 0.049157407407407414 0.08964197530864197
2 0.6618240740740741 0.6583333333333333 0.19590740740740742 0.13301234567901235
2 0.6455648148148149 0.5325432098765432 0.1012037037037037 0.06072839506172839
2 0.667611111111111 0.4318148148148148 0.11060185185185185 0.055901234567901234
2 0.5750740740740741 0.3850740740740741 0.10337962962962964 0.06458024691358025
4 0.43812962962962965 0.27725925925925926 0.13348148148148148 0.06179012345679012
4 0.255212962962963 0.287962962962963 0.07044444444444445 0.05849382716049383
2 0.3324537037037037 0.33987654320987654 0.11123148148148147 0.06508641975308642
2 0.21587037037037035 0.4133827160493827 0.12152777777777778 0.12404938271604939
2 0.39794444444444443 0.42401234567901236 0.24180555555555552 0.10223456790123457
4 0.32301851851851854 0.6391111111111111 0.11301851851851852 0.06671604938271605
4 0.49704629629629626 0.5742592592592592 0.11132407407407408 0.17243209876543208
4 0.767212962962963 0.4981728395061728 0.11301851851851852 0.05922222222222222