14 0.5 0.4722222222222222 1 0.9444444444444444
2 0.2726851851851852 0.47098765432098766 0.2712962962962963 0.1728395061728395
2 0.14629629629629629 0.2796296296296296 0.06111111111111111 0.10123456790123457
2 0.6361111111111111 0.6962962962962963 0.21203703703703702 0.18024691358024691
2 0.638425925925926 0.5691358024691358 0.10740740740740741 0.08518518518518518
2 0.674074074074074 0.4759259259259259 0.11666666666666667 0.08271604938271605
2 0.5902777777777778 0.40617283950617283 0.1111111111111111 0.08888888888888889
4 0.47129629629629627 0.2654320987654321 0.1398148148148148 0.09506172839506173
4 0.2902777777777778 0.22962962962962963 0.07777777777777778 0.07530864197530865
2 0.35833333333333334 0.3 0.11851851851851852 0.09259259259259259
2 0.23333333333333334 0.3425925925925926 0.13703703703703704 0.15185185185185185
2 0.41064814814814815 0.3993827160493827 0.2518518518518518 0.1617283950617284
4 0.30648148148148147 0.591358024691358 0.12037037037037036 0.09382716049382717
4 0.48657407407407405 0.5722222222222222 0.13425925925925927 0.19753086419753085
4 0.7625 0.5660493827160494 0.11944444444444445 0.08641975308641975