14 0.5 0.48962962962962964 1 0.922962962962963
11 0.2972222222222222 0.15518518518518518 0.09907407407407408 0.08148148148148149
11 0.40555555555555556 0.13111111111111112 0.10648148148148148 0.07629629629629629
11 0.5277777777777778 0.13703703703703704 0.09907407407407408 0.06518518518518518
11 0.4273148148148148 0.20962962962962964 0.10185185185185185 0.06296296296296296
11 0.5435185185185185 0.23777777777777778 0.1 0.07333333333333333
11 0.3416666666666667 0.2677777777777778 0.1 0.05333333333333334
11 0.21203703703703702 0.2074074074074074 0.1111111111111111 0.08444444444444445
11 0.05277777777777778 0.2551851851851852 0.10555555555555556 0.08962962962962963
11 0.05694444444444444 0.3844444444444444 0.11388888888888889 0.1037037037037037
11 0.06435185185185185 0.47814814814814816 0.1287037037037037 0.09703703703703703
11 0.20462962962962963 0.5314814814814814 0.1388888888888889 0.10444444444444445
11 0.23842592592592593 0.6681481481481482 0.12314814814814815 0.0874074074074074
11 0.3814814814814815 0.6137037037037038 0.14351851851851852 0.09555555555555556
11 0.39675925925925926 0.7596296296296297 0.12777777777777777 0.1111111111111111
11 0.5671296296296297 0.7911111111111111 0.14351851851851852 0.10592592592592592
11 0.7175925925925926 0.7833333333333333 0.1388888888888889 0.10666666666666667
11 0.9523148148148148 0.64 0.09537037037037037 0.09333333333333334
11 0.9629629629629629 0.5559259259259259 0.07407407407407407 0.08222222222222222
11 0.9736111111111111 0.45185185185185184 0.05277777777777778 0.08074074074074074
11 0.9541666666666667 0.35814814814814816 0.07592592592592592 0.07925925925925927
11 0.8870370370370371 0.41333333333333333 0.09722222222222222 0.05037037037037037
11 0.6861111111111111 0.26222222222222225 0.1037037037037037 0.05703703703703704
11 0.7648148148148148 0.19703703703703704 0.08981481481481482 0.056296296296296296
11 0.8152777777777778 0.3 0.1 0.037037037037037035
12 0.8518518518518519 0.5555555555555556 0.04537037037037037 0.03333333333333333
12 0.8625 0.5862962962962963 0.05925925925925926 0.03481481481481481
12 0.9412037037037037 0.7211111111111111 0.058333333333333334 0.056296296296296296
12 0.737037037037037 0.6370370370370371 0.07962962962962963 0.040740740740740744
12 0.8041666666666667 0.6592592592592592 0.026851851851851852 0.0362962962962963
12 0.5638888888888889 0.7022222222222222 0.06944444444444445 0.04148148148148148
12 0.41388888888888886 0.5033333333333333 0.08703703703703704 0.06592592592592593
12 0.3087962962962963 0.7385185185185185 0.05462962962962963 0.05037037037037037
12 0.10833333333333334 0.3188888888888889 0.046296296296296294 0.056296296296296296
12 0.6921296296296297 0.2051851851851852 0.05648148148148148 0.05185185185185185
12 0.35 0.21518518518518517 0.041666666666666664 0.040740740740740744
11 0.4083333333333333 0.3425925925925926 0.10648148148148148 0.08222222222222222
11 0.5203703703703704 0.4985185185185185 0.07962962962962963 0.09111111111111111
11 0.638425925925926 0.5144444444444445 0.0824074074074074 0.08148148148148149
11 0.6532407407407408 0.6977777777777778 0.09444444444444444 0.08074074074074074