14 0.49923148148148144 0.5 0.7484537037037038 1
4 0.1611388888888889 0.6955 0.058444444444444445 0.07514814814814814
4 0.3014074074074074 0.6147870370370371 0.0840462962962963 0.05064814814814815
4 0.2710740740740741 0.48620370370370375 0.07012962962962963 0.06957407407407408
4 0.4430648148148148 0.5132037037037037 0.05343518518518518 0.04898148148148148
4 0.4901018518518518 0.715537037037037 0.06624074074074075 0.11299074074074074
4 0.616175925925926 0.699388888888889 0.05343518518518518 0.1063148148148148
4 0.3528981481481481 0.7762037037037036 0.07012962962962963 0.07180555555555555
4 0.22571296296296298 0.8190648148148149 0.07848148148148149 0.11967592592592592
4 0.35234259259259254 0.9145277777777778 0.04675925925925926 0.05343518518518518
4 0.5324074074074074 0.9214814814814816 0.06846296296296296 0.10075
4 0.4052222222222222 0.37794444444444447 0.05121296296296297 0.044527777777777784
4 0.3264537037037037 0.3236759259259259 0.058444444444444445 0.042861111111111114
4 0.3899074074074074 0.22682407407407407 0.08516666666666667 0.05064814814814815
4 0.4658888888888889 0.13832407407407407 0.05788888888888889 0.047314814814814816
4 0.5176574074074074 0.08905555555555557 0.059 0.04898148148148148
4 0.5727592592592593 0.10825925925925926 0.05121296296296297 0.04953703703703704
4 0.6840833333333333 0.11076851851851852 0.05343518518518518 0.040074074074074074
4 0.7263888888888889 0.14555555555555555 0.060111111111111115 0.02727777777777778
4 0.7737037037037037 0.20344444444444446 0.08683333333333333 0.07402777777777778
4 0.8613703703703703 0.23044444444444445 0.023935185185185188 0.08237962962962962
4 0.6668333333333333 0.23405555555555554 0.0667962962962963 0.06846296296296296
4 0.6231388888888889 0.2852685185185185 0.05176851851851851 0.043972222222222225
4 0.7325092592592592 0.3403703703703704 0.09017592592592592 0.07959259259259259
4 0.46032407407407405 0.27830555555555553 0.059 0.03450925925925926
4 0.47173148148148153 0.33202777777777776 0.04953703703703704 0.07180555555555555
4 0.56525 0.38935185185185184 0.04953703703703704 0.12524074074074074
4 0.691324074074074 0.5474351851851852 0.09128703703703704 0.06624074074074075
4 0.7322314814814814 0.4842592592592593 0.042861111111111114 0.060111111111111115
15 0.6886203703703704 0.4874907407407407 0.06006481481481482 0.042722222222222224
15 0.6831203703703703 0.3978148148148148 0.052453703703703704 0.05540740740740741
15 0.5890092592592593 0.29545370370370366 0.054564814814814816 0.040185185185185185
15 0.7833703703703704 0.33035185185185184 0.03384259259259259 0.04652777777777778
15 0.6361666666666667 0.17596296296296296 0.04568518518518519 0.04314814814814815
15 0.49849074074074073 0.28128703703703706 0.03933333333333333 0.04061111111111111
15 0.3671574074074074 0.3259074074074074 0.045675925925925925 0.030027777777777778
15 0.3318425925925926 0.3825925925925926 0.02664814814814815 0.04356481481481481
15 0.40417592592592594 0.44962962962962966 0.032574074074074075 0.030453703703703705
15 0.48834259259259255 0.47670370370370374 0.05118518518518519 0.04568518518518519
15 0.41855555555555557 0.4932037037037037 0.047796296296296295 0.05075925925925926
15 0.3559537037037037 0.5828703703703704 0.05625925925925926 0.04822222222222222
15 0.49955555555555553 0.5756851851851852 0.03637962962962963 0.05752777777777778
15 0.5646944444444445 0.5720833333333334 0.04061111111111111 0.03933333333333333
15 0.5327592592592593 0.5934444444444444 0.042722222222222224 0.044833333333333336
15 0.6230648148148148 0.625175925925926 0.03975925925925926 0.04145370370370371
15 0.42447222222222225 0.6520277777777779 0.047796296296296295 0.04863888888888889
15 0.3077314814814815 0.6623981481481481 0.04187962962962963 0.04399074074074074
15 0.5312777777777777 0.8148796296296297 0.04737037037037037 0.07401851851851851
15 0.28785185185185186 0.8440648148148149 0.04610185185185185 0.0774074074074074
8 0.4423796296296296 0.9543055555555556 0.11199999999999999 0.0913888888888889
8 0.39267592592592593 0.8204722222222223 0.09609259259259259 0.09808333333333334
8 0.43873148148148144 0.7260277777777778 0.057 0.08019444444444444
8 0.32639814814814816 0.7114444444444444 0.08947222222222222 0.08549074074074074
8 0.21339814814814814 0.6816296296296296 0.07157407407407407 0.1040462962962963
8 0.24985185185185182 0.54875 0.07289814814814816 0.07687962962962963
8 0.37610185185185185 0.43575 0.04307407407407408 0.05898148148148148
8 0.4460185185185185 0.5586851851851852 0.062296296296296294 0.0410925925925926
8 0.5563703703703704 0.6630648148148148 0.0656111111111111 0.09212037037037037
8 0.7346481481481482 0.5616666666666666 0.08416666666666667 0.08681481481481482
8 0.6150185185185185 0.4519907407407407 0.07025 0.051694444444444446
8 0.6203240740740741 0.3678148148148148 0.07289814814814816 0.07687962962962963
8 0.8048981481481481 0.38008333333333333 0.07356481481481482 0.04705555555555556
8 0.850287037037037 0.29889814814814814 0.047712962962962964 0.05301851851851851
8 0.8509537037037037 0.19550925925925927 0.045064814814814814 0.035787037037037034
8 0.7386203703703704 0.13023148148148148 0.05500925925925926 0.033796296296296297
8 0.5238981481481481 0.17099074074074072 0.07621296296296297 0.062296296296296294
8 0.583212962962963 0.22930555555555557 0.07555555555555556 0.045064814814814814
8 0.44403703703703706 0.33964814814814814 0.05832407407407408 0.06030555555555555
8 0.2175925925925926 0.43287037037037035 0.06481481481481481 0.03858333333333334