14 0.5 0.46358024691358024 1 0.8777777777777778
2 0.27685185185185185 0.5666666666666667 0.26851851851851855 0.1506172839506173
2 0.1125 0.43580246913580245 0.05740740740740741 0.09753086419753086
2 0.675 0.6308641975308642 0.2064814814814815 0.16419753086419753
2 0.6476851851851851 0.508641975308642 0.10555555555555556 0.07654320987654321
2 0.6601851851851852 0.4049382716049383 0.11481481481481481 0.0728395061728395
2 0.5638888888888889 0.3734567901234568 0.10833333333333334 0.08024691358024691
4 0.41805555555555557 0.28888888888888886 0.13796296296296295 0.08271604938271605
4 0.2375 0.32901234567901233 0.075 0.0691358024691358
2 0.3189814814814815 0.3685185185185185 0.11666666666666667 0.08271604938271605
2 0.2101851851851852 0.4604938271604938 0.13148148148148148 0.1419753086419753
2 0.39166666666666666 0.44135802469135804 0.2490740740740741 0.14074074074074075
4 0.337037037037037 0.6666666666666666 0.11851851851851852 0.08395061728395062
4 0.5037037037037037 0.5740740740740741 0.1259259259259259 0.19012345679012346
4 0.7652777777777777 0.45493827160493827 0.1175925925925926 0.07777777777777778