14 0.4959537037037037 0.5901980198019802 0.9456018518518519 0.4006806930693069
11 0.2253888888888889 0.5925990099009901 0.10112962962962962 0.04581683168316832
11 0.19825 0.5284529702970298 0.09826851851851852 0.03512376237623762
11 0.2639537037037037 0.4654455445544554 0.10055555555555555 0.04810643564356435
11 0.38878703703703704 0.42497524752475246 0.08512962962962962 0.04506188118811881
11 0.5053425925925926 0.41733910891089104 0.09084259259259259 0.046584158415841584
11 0.6536018518518518 0.4215346534653466 0.0868425925925926 0.0641460396039604
11 0.7369444444444444 0.4630321782178218 0.08918518518518517 0.04806930693069307
11 0.8026296296296297 0.5085272277227723 0.10931481481481482 0.05063118811881188
11 0.7681111111111111 0.5591584158415842 0.11602777777777779 0.04293316831683168
11 0.6127592592592592 0.5280816831683168 0.10452777777777778 0.06152227722772277
11 0.5568981481481482 0.6194059405940594 0.1289814814814815 0.04806930693069307
11 0.36809259259259264 0.6344306930693069 0.13055555555555556 0.03827970297029703
11 0.3853611111111111 0.5384529702970297 0.09097222222222222 0.04221534653465346
11 0.5102500000000001 0.4775990099009901 0.09051851851851853 0.04330445544554456