14 0.5697222222222221 0.5130666666666667 0.7812592592592592 0.46899259259259257
14 0.7119629629629629 0.1544222222222222 0.5514814814814815 0.24730370370370372
4 0.7112222222222222 0.17217777777777776 0.34102777777777776 0.047903703703703705
7 0.41797222222222224 0.6288 0.10112037037037036 0.0842
7 0.2659814814814815 0.47320740740740747 0.07551851851851853 0.04897777777777778
7 0.2887777777777778 0.521874074074074 0.06762962962962964 0.04756296296296296
7 0.3406666666666667 0.44591111111111115 0.07206481481481482 0.032822222222222225
7 0.4396574074074074 0.4572148148148148 0.0855462962962963 0.04756296296296296
7 0.44658333333333333 0.5048814814814815 0.08957407407407407 0.03722222222222222
7 0.5228796296296296 0.5398666666666667 0.0620462962962963 0.044311111111111114
7 0.6011203703703704 0.47605185185185184 0.06241666666666666 0.03371851851851852
7 0.7277314814814815 0.44933333333333336 0.09512037037037037 0.08522222222222223
7 0.6563333333333333 0.5777925925925925 0.058222222222222224 0.04157037037037037
7 0.7296851851851851 0.5704888888888888 0.06737037037037037 0.06014814814814815
7 0.7260648148148148 0.6704962962962963 0.06667592592592593 0.06277777777777778
7 0.28269444444444447 0.3582814814814815 0.11756481481481482 0.05428888888888889
5 0.8526574074074074 0.48274074074074075 0.15538888888888888 0.0751925925925926
8 0.4998888888888889 0.3831481481481481 0.0784537037037037 0.05058518518518519
8 0.6754722222222223 0.3464740740740741 0.09485185185185185 0.03277777777777778
8 0.6269074074074074 0.642562962962963 0.06344444444444444 0.07048888888888889
5 0.4519722222222222 0.3148 0.18158333333333335 0.07245925925925925
8 0.8231481481481482 0.41891111111111107 0.05826851851851852 0.03484444444444444
8 0.20437037037037037 0.5378740740740741 0.0515462962962963 0.0366