14 0.4928723404255319 0.5835143769968051 0.9857446808510638 0.6845047923322684
4 0.09568085106382979 0.5546964856230032 0.041382978723404254 0.04424920127795527
4 0.1365531914893617 0.6145367412140574 0.0416595744680851 0.043769968051118206
4 0.26570212765957446 0.6459105431309904 0.04534042553191489 0.03664536741214058
4 0.33263829787234045 0.7102875399361022 0.0424468085106383 0.04303514376996805
4 0.4418510638297872 0.5794249201277956 0.05287234042553192 0.05437699680511182
4 0.5170851063829788 0.5521725239616614 0.050574468085106385 0.04134185303514377
4 0.5111063829787234 0.7028434504792332 0.054595744680851065 0.049968051118210864
4 0.6031702127659575 0.6606070287539937 0.058340425531914895 0.05293929712460064
4 0.6108085106382979 0.6120127795527157 0.04306382978723404 0.04089456869009585
4 0.6681489361702128 0.5738019169329074 0.06463829787234042 0.04971246006389776
4 0.7003617021276596 0.6505750798722044 0.05048936170212766 0.03722044728434505
4 0.8011914893617021 0.5386581469648563 0.04993617021276595 0.04054313099041534
4 0.822 0.5883067092651757 0.049340425531914894 0.05677316293929712
4 0.7536382978723404 0.3681150159744409 0.053744680851063834 0.057731629392971245
4 0.6106808510638297 0.42076677316293926 0.07772340425531915 0.05380191693290735
4 0.5455106382978723 0.46936102236421723 0.05063829787234043 0.04399361022364217
4 0.6762127659574468 0.47993610223642175 0.045851063829787236 0.036741214057507986
4 0.45693617021276595 0.4346964856230032 0.07429787234042554 0.057667731629392975
4 0.44051063829787235 0.5031309904153354 0.03706382978723405 0.04600638977635783
4 0.4134255319148936 0.3406070287539936 0.054170212765957446 0.05514376996805112
4 0.44738297872340427 0.28472843450479235 0.039170212765957446 0.041693290734824286
4 0.3328723404255319 0.28466453674121406 0.04727659574468085 0.04380191693290735
4 0.5800000000000001 0.338370607028754 0.04251063829787234 0.0397444089456869
4 0.31491489361702124 0.43047923322683707 0.05936170212765957 0.060159744408945684
4 0.2763829787234043 0.5016932907348243 0.047787234042553195 0.040926517571884986
4 0.198 0.42249201277955273 0.05106382978723404 0.04635782747603834
4 0.07231914893617021 0.4180191693290735 0.048446808510638296 0.037412140575079876
4 0.22648936170212766 0.5729392971246007 0.10657446808510639 0.08725239616613419
4 0.3475531914893617 0.5718849840255591 0.1290212765957447 0.0873482428115016
4 0.0375531914893617 0.6033865814696486 0.06327659574468085 0.14159744408945688
4 0.093 0.6545686900958466 0.03746808510638298 0.13258785942492013
4 0.17761702127659576 0.6924281150159745 0.12229787234042552 0.09466453674121406
4 0.27495744680851064 0.7265814696485623 0.06385106382978724 0.10182108626198083
4 0.4314893617021277 0.6459105431309904 0.27072340425531916 0.03664536741214058
4 0.41957446808510634 0.7405431309904154 0.11595744680851064 0.12757188498402555
4 0.6298936170212767 0.7387859424920128 0.17289361702127662 0.09130990415335463
4 0.7977872340425531 0.6620127795527156 0.1347872340425532 0.06009584664536741
4 0.5889148936170213 0.5420127795527157 0.07493617021276595 0.07942492012779552
4 0.6117021276595744 0.47527156549520766 0.0637659574468085 0.03613418530351438
4 0.7023617021276596 0.5226517571884984 0.1272127659574468 0.034792332268370606
4 0.7368723404255318 0.589073482428115 0.059510638297872336 0.06492012779552715
4 0.7513191489361702 0.45156549520766776 0.09276595744680852 0.09354632587859425
4 0.6766170212765957 0.3817252396166134 0.043744680851063825 0.1417891373801917
4 0.3822765957446808 0.4618849840255591 0.06753191489361701 0.11859424920127795
4 0.1418936170212766 0.48961661341853036 0.21091489361702126 0.06405750798722044
4 0.2540851063829787 0.38124600638977635 0.05268085106382979 0.14079872204472843
4 0.13359574468085106 0.3993929712460064 0.06480851063829787 0.09817891373801917
4 0.3341489361702128 0.35268370607028754 0.09495744680851065 0.07274760383386582
4 0.49982978723404253 0.3555591054313099 0.10625531914893617 0.08287539936102237