14 0.5 0.5335463258785943 1 0.9329073482428115
4 0.09893617021276596 0.4057507987220447 0.04893617021276596 0.05750798722044728
4 0.12872340425531914 0.4792332268370607 0.04680851063829787 0.05750798722044728
4 0.24893617021276596 0.5559105431309904 0.05106382978723404 0.054313099041533544
4 0.30425531914893617 0.6437699680511182 0.04893617021276596 0.05750798722044728
4 0.4308510638297872 0.5559105431309904 0.059574468085106386 0.07348242811501597
4 0.5085106382978724 0.5575079872204473 0.05531914893617021 0.05750798722044728
4 0.4776595744680851 0.7012779552715654 0.06170212765957447 0.07028753993610223
4 0.574468085106383 0.6932907348242812 0.06382978723404255 0.07348242811501597
4 0.5893617021276596 0.6485623003194888 0.04893617021276596 0.054313099041533544
4 0.6510638297872341 0.6325878594249201 0.07021276595744681 0.07028753993610223
4 0.6702127659574468 0.7188498402555911 0.05531914893617021 0.054313099041533544
4 0.7861702127659574 0.646964856230032 0.05531914893617021 0.05750798722044728
4 0.7978723404255319 0.7028753993610224 0.0574468085106383 0.07348242811501597
4 0.7670212765957447 0.46485623003194887 0.06170212765957447 0.07667731629392971
4 0.6202127659574468 0.46325878594249204 0.08297872340425531 0.07987220447284345
4 0.548936170212766 0.48722044728434505 0.0574468085106383 0.06070287539936102
4 0.674468085106383 0.5447284345047924 0.05106382978723404 0.054313099041533544
4 0.46914893617021275 0.4217252396166134 0.08085106382978724 0.08306709265175719
4 0.44148936170212766 0.48083067092651754 0.04468085106382979 0.06070287539936102
4 0.44148936170212766 0.31309904153354634 0.059574468085106386 0.07348242811501597
4 0.48404255319148937 0.2715654952076677 0.04468085106382979 0.054313099041533544
4 0.3723404255319149 0.23003194888178913 0.05319148936170213 0.06070287539936102
4 0.6031914893617021 0.3722044728434505 0.04680851063829787 0.054313099041533544
4 0.33191489361702126 0.365814696485623 0.06808510638297872 0.07987220447284345
4 0.28297872340425534 0.42012779552715657 0.05106382978723404 0.054313099041533544
4 0.21914893617021278 0.3146964856230032 0.0574468085106383 0.06389776357827476
4 0.09787234042553192 0.26517571884984026 0.05106382978723404 0.054313099041533544
4 0.22234042553191488 0.4712460063897764 0.11702127659574468 0.12140575079872204
4 0.3404255319148936 0.5143769968051118 0.14042553191489363 0.134185303514377
4 0.03829787234042553 0.43130990415335463 0.07659574468085106 0.1597444089456869
4 0.0797872340425532 0.5015974440894568 0.059574468085106386 0.14376996805111822
4 0.15638297872340426 0.5702875399361023 0.13404255319148936 0.13738019169329074
4 0.24468085106382978 0.6373801916932907 0.07872340425531915 0.12140575079872204
4 0.4095744680851064 0.6166134185303515 0.2680851063829787 0.134185303514377
4 0.3829787234042553 0.7044728434504792 0.13191489361702127 0.16613418530351437
4 0.5872340425531914 0.7795527156549521 0.1829787234042553 0.15335463258785942
4 0.7627659574468085 0.7651757188498403 0.1425531914893617 0.10862619808306709
4 0.5797872340425532 0.5734824281150159 0.0851063829787234 0.10543130990415335
4 0.6127659574468085 0.5159744408945687 0.06595744680851064 0.05750798722044728
4 0.6925531914893617 0.5958466453674122 0.12978723404255318 0.07987220447284345
4 0.7159574468085106 0.6725239616613419 0.06808510638297872 0.08626198083067092
4 0.752127659574468 0.5447284345047924 0.10638297872340426 0.12460063897763578
4 0.6904255319148936 0.4488817891373802 0.06382978723404255 0.15335463258785942
4 0.39148936170212767 0.42012779552715657 0.0851063829787234 0.14057507987220447
4 0.15425531914893617 0.35942492012779553 0.2148936170212766 0.13738019169329074
4 0.28085106382978725 0.2955271565495208 0.07446808510638298 0.15654952076677317
4 0.16063829787234044 0.26996805111821087 0.07872340425531915 0.1182108626198083
4 0.3627659574468085 0.2971246006389776 0.10212765957446808 0.10543130990415335
4 0.5234042553191489 0.35942492012779553 0.11702127659574468 0.1182108626198083