14 0.5 0.6041666666666666 1 0.7916666666666666
4 0.31851851851851853 0.7824074074074074 0.2564814814814815 0.14537037037037037
4 0.3458333333333333 0.5171296296296296 0.15185185185185185 0.10648148148148148
4 0.5435185185185185 0.5745370370370371 0.14074074074074075 0.12407407407407407
4 0.6847222222222222 0.6606481481481481 0.11481481481481481 0.07685185185185185
4 0.8037037037037037 0.8143518518518519 0.1824074074074074 0.1527777777777778
4 0.17916666666666667 0.5592592592592592 0.18333333333333332 0.09722222222222222
4 0.2824074074074074 0.6393518518518518 0.13796296296296295 0.10277777777777777
4 0.4263888888888889 0.7328703703703704 0.15 0.12222222222222222
4 0.5675925925925925 0.8703703703703703 0.13333333333333333 0.11481481481481481
2 0.1527777777777778 0.6810185185185185 0.2111111111111111 0.17962962962962964
2 0.3236111111111111 0.5916666666666667 0.13055555555555556 0.09722222222222222
2 0.22314814814814815 0.524074074074074 0.05185185185185185 0.04537037037037037
2 0.5407407407407407 0.5199074074074074 0.08703703703703704 0.04814814814814815
2 0.6203703703703703 0.5981481481481481 0.09907407407407408 0.11851851851851852
2 0.6981481481481482 0.6800925925925926 0.16666666666666666 0.11851851851851852
2 0.6416666666666667 0.7356481481481482 0.1388888888888889 0.1
2 0.6226851851851852 0.8416666666666667 0.14351851851851852 0.13333333333333333
2 0.5449074074074074 0.9425925925925925 0.13796296296296295 0.10185185185185185