14 0.49953703703703706 0.47453703703703703 0.9138888888888889 0.8953703703703704
11 0.22685185185185186 0.44583333333333336 0.16944444444444445 0.16018518518518518
11 0.39444444444444443 0.2050925925925926 0.16018518518518518 0.15
11 0.4064814814814815 0.42685185185185187 0.16574074074074074 0.16018518518518518
11 0.549074074074074 0.3111111111111111 0.15925925925925927 0.15555555555555556
11 0.7347222222222223 0.36157407407407405 0.16944444444444445 0.1648148148148148
11 0.7277777777777777 0.5824074074074074 0.17407407407407408 0.17592592592592593
11 0.5152777777777777 0.5601851851851852 0.17037037037037037 0.17314814814814813
11 0.38472222222222224 0.7111111111111111 0.1824074074074074 0.18333333333333332
8 0.3148148148148148 0.5481481481481482 0.18703703703703703 0.13518518518518519
8 0.6097222222222223 0.5685185185185185 0.06574074074074074 0.09537037037037037
8 0.6615740740740741 0.6513888888888889 0.13240740740740742 0.13148148148148148
8 0.37175925925925923 0.6060185185185185 0.1638888888888889 0.08425925925925926
8 0.5291666666666667 0.4634259259259259 0.13518518518518519 0.07685185185185185
8 0.7050925925925926 0.4587962962962963 0.15462962962962962 0.1
8 0.600925925925926 0.3902777777777778 0.11944444444444445 0.11851851851851852
8 0.7134259259259259 0.2712962962962963 0.1685185185185185 0.10092592592592593
8 0.6171296296296296 0.25833333333333336 0.11481481481481481 0.09907407407407408
8 0.3162037037037037 0.2537037037037037 0.1287037037037037 0.12685185185185185
8 0.4439814814814815 0.3476851851851852 0.18796296296296297 0.16018518518518518