14 0.5 0.5 1 1
11 0.45 0.75 0.2037037037037037 0.24074074074074073
11 0.7587962962962963 0.5953703703703703 0.17592592592592593 0.1712962962962963
11 0.862037037037037 0.4074074074074074 0.2037037037037037 0.20462962962962963
11 0.8819444444444444 0.2037037037037037 0.12685185185185185 0.14351851851851852
11 0.7287037037037037 0.09537037037037037 0.19074074074074074 0.12314814814814815
11 0.5287037037037037 0.05555555555555555 0.15 0.1111111111111111
11 0.25601851851851853 0.16064814814814815 0.1537037037037037 0.1388888888888889
11 0.43148148148148147 0.17962962962962964 0.1685185185185185 0.11944444444444445
11 0.6523148148148148 0.2412037037037037 0.15833333333333333 0.13055555555555556
11 0.21944444444444444 0.34953703703703703 0.16111111111111112 0.13518518518518519
11 0.12268518518518519 0.3037037037037037 0.13240740740740742 0.12685185185185185
11 0.09212962962962963 0.5166666666666667 0.18425925925925926 0.1537037037037037
11 0.29212962962962963 0.5203703703703704 0.1962962962962963 0.18888888888888888
11 0.15046296296296297 0.7217592592592592 0.2351851851851852 0.19814814814814816
11 0.5564814814814815 0.47638888888888886 0.18611111111111112 0.17407407407407408
12 0.7606481481481482 0.4912037037037037 0.08148148148148149 0.07685185185185185
12 0.7412037037037037 0.31527777777777777 0.06574074074074074 0.0712962962962963
12 0.43287037037037035 0.45416666666666666 0.0824074074074074 0.0787037037037037
12 0.4666666666666667 0.39351851851851855 0.07407407407407407 0.05462962962962963
12 0.5842592592592593 0.38657407407407407 0.08981481481481482 0.05277777777777778
12 0.5736111111111111 0.4652777777777778 0.058333333333333334 0.0712962962962963
12 0.47638888888888886 0.7425925925925926 0.05277777777777778 0.05648148148148148
12 0.7439814814814815 0.6777777777777778 0.08703703703703704 0.06296296296296296
12 0.8050925925925926 0.31574074074074077 0.05092592592592592 0.041666666666666664
12 0.8217592592592593 0.13796296296296295 0.06851851851851852 0.04722222222222222
12 0.662962962962963 0.17222222222222222 0.11666666666666667 0.062037037037037036
12 0.6555555555555556 0.08194444444444444 0.04814814814814815 0.049074074074074076
12 0.3861111111111111 0.11574074074074074 0.04259259259259259 0.037037037037037035
12 0.42407407407407405 0.25787037037037036 0.04722222222222222 0.04351851851851852
12 0.5736111111111111 0.2574074074074074 0.053703703703703705 0.07222222222222222
12 0.2796296296296296 0.24722222222222223 0.058333333333333334 0.03518518518518519
12 0.32592592592592595 0.225 0.041666666666666664 0.03518518518518519
12 0.34675925925925927 0.28703703703703703 0.05185185185185185 0.04814814814814815
12 0.14074074074074075 0.287962962962963 0.05462962962962963 0.046296296296296294
12 0.034722222222222224 0.4587962962962963 0.04537037037037037 0.041666666666666664
12 0.18703703703703703 0.42083333333333334 0.05925925925925926 0.049074074074074076
4 0.625462962962963 0.7481481481481481 0.14722222222222223 0.09351851851851851
4 0.4583333333333333 0.5888888888888889 0.1111111111111111 0.11018518518518519
4 0.05555555555555555 0.3888888888888889 0.1111111111111111 0.12962962962962962