14 0.5 0.5 1 1
11 0.42824074074074076 0.7444444444444445 0.18981481481481483 0.2324074074074074
11 0.749537037037037 0.6175925925925926 0.1675925925925926 0.16296296296296298
11 0.8685185185185185 0.4393518518518518 0.1935185185185185 0.19444444444444445
11 0.9064814814814814 0.23796296296296296 0.11851851851851852 0.1388888888888889
11 0.762962962962963 0.11666666666666667 0.18796296296296297 0.11018518518518519
11 0.5671296296296297 0.055092592592592596 0.14537037037037037 0.11018518518518519
11 0.2865740740740741 0.14074074074074075 0.14722222222222223 0.13055555555555556
11 0.4597222222222222 0.17453703703703705 0.16574074074074074 0.10833333333333334
11 0.674074074074074 0.25555555555555554 0.1537037037037037 0.12129629629629629
11 0.2337962962962963 0.32592592592592595 0.15555555555555556 0.1259259259259259
11 0.1412037037037037 0.27175925925925926 0.12685185185185185 0.11944444444444445
11 0.09074074074074075 0.48055555555555557 0.1814814814814815 0.1425925925925926
11 0.2912037037037037 0.5023148148148148 0.18703703703703703 0.1787037037037037
11 0.13240740740740742 0.6902777777777778 0.22777777777777777 0.18425925925925926
11 0.5583333333333333 0.4810185185185185 0.1787037037037037 0.1638888888888889
12 0.7606481481481482 0.5143518518518518 0.07777777777777778 0.07314814814814814
12 0.7564814814814815 0.337037037037037 0.062037037037037036 0.06851851851851852
12 0.4375 0.4486111111111111 0.0787037037037037 0.075
12 0.47638888888888886 0.3912037037037037 0.07222222222222222 0.05
12 0.5939814814814814 0.3939814814814815 0.08888888888888889 0.04537037037037037
12 0.5763888888888888 0.47175925925925927 0.05462962962962963 0.06851851851851852
12 0.4550925925925926 0.7398148148148148 0.049074074074074076 0.053703703703703705
12 0.7273148148148149 0.6986111111111111 0.08611111111111111 0.05740740740740741
12 0.8199074074074074 0.34305555555555556 0.05 0.03796296296296296
12 0.8518518518518519 0.16712962962962963 0.06666666666666667 0.04259259259259259
12 0.6907407407407408 0.1875 0.11666666666666667 0.053703703703703705
12 0.6916666666666667 0.09722222222222222 0.04537037037037037 0.046296296296296294
12 0.4199074074074074 0.10694444444444444 0.040740740740740744 0.03425925925925926
12 0.44537037037037036 0.2518518518518518 0.04537037037037037 0.040740740740740744
12 0.5944444444444444 0.26481481481481484 0.049074074074074076 0.07037037037037037
12 0.30277777777777776 0.22870370370370371 0.058333333333333334 0.030555555555555555
12 0.350462962962963 0.2111111111111111 0.03981481481481482 0.032407407407407406
12 0.36574074074074076 0.274537037037037 0.049074074074074076 0.04537037037037037
12 0.16064814814814815 0.2574074074074074 0.05277777777777778 0.04259259259259259
12 0.03981481481481482 0.4185185185185185 0.04259259259259259 0.03888888888888889
12 0.19490740740740742 0.3939814814814815 0.05740740740740741 0.046296296296296294
4 0.6032407407407407 0.7583333333333333 0.14537037037037037 0.0824074074074074
4 0.45092592592592595 0.5847222222222223 0.10555555555555556 0.10462962962962963
4 0.059722222222222225 0.34953703703703703 0.11944444444444445 0.12314814814814815