14 0.4861111111111111 0.5841584158415841 0.9722222222222222 0.7524752475247525
11 0.21712962962962962 0.4814356435643564 0.10648148148148148 0.08292079207920793
11 0.2050925925925926 0.4090346534653465 0.10185185185185185 0.07178217821782178
11 0.28194444444444444 0.375 0.10648148148148148 0.0853960396039604
11 0.4101851851851852 0.3849009900990099 0.09166666666666666 0.07673267326732673
11 0.5231481481481481 0.42326732673267325 0.09722222222222222 0.08044554455445545
11 0.6638888888888889 0.48514851485148514 0.09722222222222222 0.0952970297029703
11 0.7347222222222223 0.557549504950495 0.09537037037037037 0.08044554455445545
11 0.7875 0.6262376237623762 0.11574074074074074 0.09158415841584158
11 0.7435185185185185 0.661509900990099 0.12037037037037036 0.08663366336633663
11 0.6018518518518519 0.5711633663366337 0.11388888888888889 0.10024752475247525
11 0.5282407407407408 0.6361386138613861 0.13333333333333333 0.09653465346534654
11 0.34444444444444444 0.5767326732673267 0.13333333333333333 0.08787128712871287
11 0.3819444444444444 0.49195544554455445 0.0962962962962963 0.07549504950495049
11 0.5148148148148148 0.48267326732673266 0.0962962962962963 0.07673267326732673