14 0.5 0.6782407407407407 1 0.6435185185185185
4 0.4147314814814815 0.8247592592592593 0.246787037037037 0.07283333333333333
4 0.3586111111111111 0.5638333333333334 0.13796296296296295 0.06683333333333334
4 0.5642592592592592 0.5574074074074075 0.11739814814814815 0.09168518518518518
4 0.7253611111111111 0.595537037037037 0.10539814814814814 0.046268518518518514
4 0.8860277777777777 0.7052222222222222 0.1559537037037037 0.10968518518518518
4 0.2133611111111111 0.6555185185185185 0.1782314814814815 0.04455555555555556
4 0.3358981481481481 0.6996481481481481 0.12338888888888888 0.06769444444444445
4 0.501712962962963 0.7442129629629629 0.1293888888888889 0.0865462962962963
4 0.6786574074074074 0.8311851851851851 0.1131111111111111 0.08397222222222223
2 0.22578703703703704 0.7793425925925926 0.17909259259259258 0.13110185185185186
2 0.36064814814814816 0.6416944444444445 0.11577777777777779 0.06541666666666668
2 0.244 0.6084074074074074 0.043416666666666666 0.033574074074074076
2 0.5447314814814814 0.5065277777777777 0.08451851851851852 0.023157407407407408
2 0.6448796296296296 0.5560185185185185 0.07062037037037036 0.10130555555555555
2 0.7441574074074074 0.6101481481481482 0.1510925925925926 0.07525925925925926
2 0.7076851851851852 0.6804814814814815 0.12446296296296296 0.06425925925925927
2 0.7221574074074074 0.7869907407407408 0.11750925925925926 0.10130555555555555
2 0.679324074074074 0.9071111111111111 0.12330555555555554 0.06714814814814815