14 0.5 0.6782407407407407 1 0.6435185185185185
4 0.4148148148148148 0.8245370370370371 0.2462962962962963 0.07314814814814814
4 0.3587962962962963 0.5638888888888889 0.13796296296296295 0.06666666666666667
4 0.5643518518518519 0.5574074074074075 0.1175925925925926 0.09259259259259259
4 0.725462962962963 0.5953703703703703 0.10555555555555556 0.046296296296296294
4 0.8861111111111111 0.7050925925925926 0.15555555555555556 0.11018518518518519
4 0.21342592592592594 0.6555555555555556 0.1787037037037037 0.044444444444444446
4 0.33611111111111114 0.6995370370370371 0.12314814814814815 0.06759259259259259
4 0.5018518518518519 0.7444444444444445 0.12962962962962962 0.08611111111111111
4 0.6787037037037037 0.8310185185185185 0.11296296296296296 0.08425925925925926
2 0.22592592592592592 0.7791666666666667 0.17962962962962964 0.13055555555555556
2 0.36064814814814816 0.6416666666666667 0.11574074074074074 0.06481481481481481
2 0.2439814814814815 0.6083333333333333 0.04351851851851852 0.03333333333333333
2 0.5449074074074074 0.5064814814814815 0.08425925925925926 0.023148148148148147
2 0.6449074074074074 0.5560185185185185 0.0712962962962963 0.10092592592592593
2 0.7439814814814815 0.6101851851851852 0.15092592592592594 0.07592592592592592
2 0.7078703703703704 0.6805555555555556 0.125 0.06481481481481481
2 0.7222222222222222 0.7870370370370371 0.1175925925925926 0.10185185185185185
2 0.6791666666666667 0.9069444444444444 0.12314814814814815 0.06759259259259259