14 0.5092592592592593 0.47638888888888886 0.8935185185185185 0.8731481481481481
11 0.2671296296296296 0.3476851851851852 0.16666666666666666 0.15648148148148147
11 0.5125 0.18703703703703703 0.15648148148148147 0.14629629629629629
11 0.44074074074074077 0.3972222222222222 0.16203703703703703 0.15555555555555556
11 0.6162037037037037 0.34305555555555556 0.15555555555555556 0.15185185185185185
11 0.7694444444444445 0.4597222222222222 0.16574074074074074 0.16111111111111112
11 0.6800925925925926 0.6620370370370371 0.17037037037037037 0.17222222222222222
11 0.49166666666666664 0.5615740740740741 0.16666666666666666 0.16944444444444445
11 0.3143518518518518 0.6527777777777778 0.17777777777777778 0.1787037037037037
8 0.3101851851851852 0.475 0.18425925925925926 0.12962962962962962
8 0.575925925925926 0.6046296296296296 0.06388888888888888 0.09444444444444444
8 0.5930555555555556 0.700925925925926 0.12962962962962962 0.12777777777777777
8 0.34120370370370373 0.5504629629629629 0.16296296296296298 0.0787037037037037
8 0.5407407407407407 0.47685185185185186 0.13425925925925927 0.07314814814814814
8 0.7055555555555556 0.5388888888888889 0.1527777777777778 0.0962962962962963
8 0.6347222222222222 0.4361111111111111 0.11666666666666667 0.11574074074074074
8 0.7833333333333333 0.3680555555555556 0.1675925925925926 0.09537037037037037
8 0.6990740740740741 0.3194444444444444 0.11296296296296296 0.0962962962962963
8 0.4217592592592593 0.20277777777777778 0.1259259259259259 0.12407407407407407
8 0.5055555555555555 0.33796296296296297 0.18425925925925926 0.15555555555555556