4 0.5 0.5526805555555556 1 0.822111111111111
11 0.08483333333333333 0.3703472222222222 0.16966666666666666 0.11718055555555557
11 0.08922222222222222 0.5100555555555556 0.17843055555555556 0.16447222222222221
11 0.3059861111111111 0.42995833333333333 0.19212500000000002 0.1266388888888889
11 0.2159861111111111 0.26984722222222224 0.14141666666666666 0.14065277777777777
11 0.3566666666666667 0.20130555555555554 0.13734722222222223 0.09136111111111112
11 0.5309583333333333 0.18408333333333332 0.11268055555555555 0.11384722222222222
11 0.6683194444444445 0.23954166666666665 0.15962500000000002 0.1005
11 0.8446527777777777 0.38752777777777775 0.18630555555555553 0.12718055555555555
11 0.6418055555555556 0.4530277777777778 0.19045833333333334 0.10934722222222223
11 0.8619583333333334 0.55175 0.191625 0.16043055555555558
11 0.7421805555555555 0.7298888888888888 0.22043055555555557 0.19468055555555555
11 0.4671388888888889 0.5695555555555555 0.18263888888888888 0.14479166666666668
11 0.17190277777777777 0.6568472222222222 0.21181944444444442 0.16325
11 0.28319444444444447 0.7893472222222223 0.19777777777777777 0.20602777777777778
11 0.46734722222222225 0.7899444444444444 0.100125 0.18551388888888887
8 0.43472222222222223 0.35 0.19722222222222222 0.13055555555555556