14 0.5 0.5 1 1
4 0.31296296296296294 0.3611111111111111 0.13055555555555556 0.10740740740740741
4 0.4287037037037037 0.22175925925925927 0.1537037037037037 0.15185185185185185
4 0.5537037037037037 0.2675925925925926 0.1638888888888889 0.13333333333333333
4 0.36064814814814816 0.29953703703703705 0.17222222222222222 0.11388888888888889
4 0.2638888888888889 0.449537037037037 0.12407407407407407 0.14351851851851852
4 0.3736111111111111 0.5648148148148148 0.14722222222222223 0.23148148148148148
4 0.47314814814814815 0.6773148148148148 0.18425925925925926 0.11296296296296296
4 0.5712962962962963 0.538425925925926 0.1175925925925926 0.1
4 0.7106481481481481 0.39444444444444443 0.14814814814814814 0.11944444444444445
2 0.5083333333333333 0.4652777777777778 0.15462962962962962 0.09814814814814815
2 0.7194444444444444 0.5518518518518518 0.10277777777777777 0.12037037037037036