14 0.5 0.5 1 1
11 0.1388888888888889 0.4972067039106145 0.18518518518518517 0.16945996275605213
11 0.1398148148148148 0.3235567970204842 0.1787037037037037 0.1424581005586592
11 0.31851851851851853 0.21135940409683426 0.17222222222222222 0.148975791433892
11 0.32314814814814813 0.34171322160148976 0.18055555555555555 0.1527001862197393
11 0.49537037037037035 0.36685288640595903 0.1712962962962963 0.15456238361266295
11 0.5162037037037037 0.2015828677839851 0.15 0.13128491620111732
11 0.6782407407407407 0.2783985102420857 0.1712962962962963 0.14711359404096835
11 0.8287037037037037 0.41154562383612664 0.17407407407407408 0.14804469273743018
11 0.6851851851851852 0.4478584729981378 0.18611111111111112 0.14990689013035383
11 0.587037037037037 0.5991620111731844 0.2 0.18156424581005587
11 0.6162037037037037 0.7648975791433892 0.22314814814814815 0.21135940409683426
11 0.3453703703703704 0.696927374301676 0.22314814814814815 0.2048417132216015
11 0.1597222222222222 0.6075418994413407 0.19814814814814816 0.1871508379888268
11 0.44027777777777777 0.5307262569832403 0.14537037037037037 0.10707635009310987
11 0.5060185185185185 0.473463687150838 0.11666666666666667 0.08379888268156424