14 0.4961067853170189 0.4922135706340378 0.9388209121245829 0.8442714126807565
2 0.3409343715239155 0.6935483870967742 0.16129032258064516 0.11902113459399333
2 0.5111234705228032 0.692992213570634 0.19911012235817574 0.17130144605116795
2 0.14404894327030032 0.2886540600667408 0.15906562847608455 0.11568409343715239
2 0.25917686318131256 0.16907675194660735 0.0878754171301446 0.1167964404894327
2 0.19132369299221358 0.5061179087875417 0.09343715239154617 0.12458286985539488
2 0.6040044493882091 0.5951056729699666 0.13904338153503892 0.1935483870967742
2 0.4849833147942158 0.23192436040044495 0.07007786429365963 0.06340378197997776
2 0.6646273637374861 0.4588431590656285 0.1646273637374861 0.0967741935483871
2 0.7269187986651835 0.3353726362625139 0.1546162402669633 0.135706340378198
2 0.39655172413793105 0.271412680756396 0.10901001112347053 0.09010011123470522
9 0.3793103448275862 0.21690767519466073 0.04449388209121246 0.05339265850945495
9 0.6535038932146829 0.23192436040044495 0.048943270300333706 0.047830923248053395
9 0.6323692992213571 0.289210233592881 0.05116796440489433 0.041156840934371525
9 0.3186874304783092 0.6090100111234705 0.054505005561735265 0.05672969966629588
9 0.5105672969966629 0.5378197997775306 0.05672969966629588 0.04560622914349277
9 0.5444938820912124 0.5817575083426029 0.047830923248053395 0.047830923248053395
9 0.41268075639599555 0.5077864293659622 0.05228031145717464 0.05005561735261402
9 0.2753058954393771 0.5550611790878754 0.07007786429365963 0.054505005561735265
9 0.21968854282536152 0.5978865406006674 0.06674082313681869 0.06229143492769744
9 0.28309232480533925 0.48053392658509453 0.04560622914349277 0.05005561735261402
9 0.28976640711902113 0.3476084538375973 0.04338153503893215 0.060066740823136816
9 0.5984427141268076 0.26140155728587317 0.07341490545050056 0.03337041156840934