14 0.4966629588431591 0.4916573971078977 0.8776418242491657 0.7730812013348165
2 0.3248053392658509 0.6790878754171301 0.15350389321468297 0.10567296996662959
2 0.4938820912124583 0.6935483870967742 0.18687430478309233 0.1557285873192436
2 0.1635150166852058 0.25862068965517243 0.15016685205784205 0.10233592880978866
2 0.289210233592881 0.14905450500556172 0.07897664071190211 0.11012235817575083
2 0.19187986651835373 0.4788654060066741 0.08453837597330367 0.11790878754171301
2 0.5951056729699666 0.6040044493882091 0.12458286985539488 0.1835372636262514
2 0.5083426028921023 0.23136818687430477 0.06562847608453838 0.05784204671857619
2 0.6679644048943271 0.4733036707452725 0.15795328142380421 0.08342602892102335
2 0.7408231368186874 0.3559510567296997 0.1446051167964405 0.12347052280311457
2 0.41713014460511677 0.26307007786429365 0.10233592880978866 0.08231368186874305
9 0.40433815350389324 0.20745272525027808 0.04004449388209121 0.05005561735261402
9 0.6763070077864294 0.246384872080089 0.04560622914349277 0.04449388209121246
9 0.6501668520578421 0.3014460511679644 0.048943270300333706 0.03781979977753059
9 0.3097886540600667 0.592880978865406 0.05116796440489433 0.05228031145717464
9 0.5072302558398221 0.5389321468298109 0.05339265850945495 0.041156840934371525
9 0.5372636262513905 0.5850945494994438 0.04449388209121246 0.04449388209121246
9 0.41268075639599555 0.5005561735261401 0.048943270300333706 0.04671857619577308
9 0.271412680756396 0.53559510567297 0.06674082313681869 0.048943270300333706
9 0.21245828698553948 0.5728587319243604 0.06229143492769744 0.05784204671857619
9 0.28587319243604004 0.46162402669632924 0.042269187986651836 0.04671857619577308
9 0.303670745272525 0.3298109010011123 0.0389321468298109 0.05784204671857619
9 0.6190211345939933 0.27085650723025584 0.07230255839822025 0.026696329254727477