14 0.49669632925472745 0.49176863181312575 0.865027808676307 0.75853170189099
2 0.3216462736373749 0.6757397107897665 0.1513904338153504 0.10331479421579533
2 0.490678531701891 0.6932480533926585 0.1847163515016685 0.15201334816462736
2 0.1678197997775306 0.25263626251390436 0.1486095661846496 0.10038932146829811
2 0.29528364849833144 0.14555061179087875 0.07720800889877641 0.10951056729699667
2 0.19240266963292546 0.4735706340378198 0.08185761957730812 0.11688542825361513
2 0.5934593993325917 0.6054949944382648 0.12084538375973304 0.18154616240266963
2 0.5129032258064516 0.23169076751946607 0.06370411568409344 0.05635150166852058
2 0.6681535038932146 0.47602892102335925 0.15736373748609567 0.08127919911012235
2 0.7431590656284761 0.3600222469410456 0.14205784204671856 0.12192436040044494
2 0.4210011123470523 0.2618131256952169 0.1010567296996663 0.08008898776418243
9 0.40973303670745276 0.20592880978865405 0.0396662958843159 0.04942157953281424
9 0.6806451612903226 0.2492547274749722 0.04453837597330367 0.04332591768631813
9 0.6534927697441602 0.30417130144605115 0.04880978865406007 0.035995550611790876
9 0.30844271412680757 0.5897330367074527 0.04942157953281424 0.05186874304783093
9 0.506440489432703 0.5387764182424917 0.05246941045606229 0.04026696329254728
9 0.5357285873192436 0.5857619577308121 0.04271412680756396 0.04271412680756396
9 0.4124694104560623 0.49880978865406006 0.047597330367074524 0.045761957730812014
9 0.2709121245828699 0.5314571746384872 0.06468298109010011 0.047597330367074524
9 0.21112347052280311 0.5680645161290323 0.06101223581757508 0.05614015572858732
9 0.28647385984427143 0.4579310344827586 0.04210233592880979 0.045761957730812014
9 0.30691879866518357 0.32644048943270304 0.03783092324805339 0.05735261401557286
9 0.6229810901001112 0.2727474972191324 0.07200222469410457 0.025628476084538374