14 0.5009259259259259 0.48703703703703705 0.9740740740740741 0.9740740740740741
11 0.2967592592592593 0.2625 0.13240740740740742 0.1287037037037037
11 0.2375 0.42592592592592593 0.13518518518518519 0.13518518518518519
11 0.3972222222222222 0.4356481481481482 0.12407407407407407 0.12037037037037036
11 0.2361111111111111 0.5648148148148148 0.13703703703703704 0.12777777777777777
11 0.44212962962962965 0.21342592592592594 0.12685185185185185 0.1259259259259259
11 0.5393518518518519 0.3194444444444444 0.11388888888888889 0.11574074074074074
11 0.6662037037037037 0.25787037037037036 0.13055555555555556 0.125
11 0.7893518518518519 0.40370370370370373 0.12129629629629629 0.125
11 0.6518518518518519 0.41712962962962963 0.1287037037037037 0.1175925925925926
11 0.6407407407407407 0.5615740740740741 0.12777777777777777 0.12685185185185185
11 0.8143518518518519 0.5555555555555556 0.1287037037037037 0.125
11 0.5254629629629629 0.6555555555555556 0.11018518518518519 0.10925925925925926
11 0.34444444444444444 0.6921296296296297 0.12777777777777777 0.12777777777777777
11 0.3541666666666667 0.8518518518518519 0.11574074074074074 0.12962962962962962
11 0.6282407407407408 0.7518518518518519 0.13333333333333333 0.13055555555555556
9 0.2652777777777778 0.7171296296296297 0.04351851851851852 0.03981481481481482
9 0.18194444444444444 0.7962962962962963 0.03888888888888889 0.03796296296296296
9 0.15231481481481482 0.7620370370370371 0.03518518518518519 0.027777777777777776
9 0.27175925925925926 0.8777777777777778 0.041666666666666664 0.044444444444444446
9 0.18796296296296297 0.6592592592592592 0.03981481481481482 0.03888888888888889
9 0.1259259259259259 0.5212962962962963 0.03518518518518519 0.04537037037037037
9 0.16018518518518518 0.3814814814814815 0.03888888888888889 0.03518518518518519
9 0.20092592592592592 0.27175925925925926 0.053703703703703705 0.046296296296296294
9 0.3662037037037037 0.35833333333333334 0.04537037037037037 0.04259259259259259
9 0.3287037037037037 0.48703703703703705 0.037037037037037035 0.03796296296296296
9 0.36574074074074076 0.5439814814814815 0.04722222222222222 0.04814814814814815
9 0.5333333333333333 0.46574074074074073 0.049074074074074076 0.05
9 0.4726851851851852 0.37175925925925923 0.046296296296296294 0.041666666666666664
9 0.45231481481481484 0.2810185185185185 0.03611111111111111 0.02962962962962963
9 0.31666666666666665 0.18055555555555555 0.03888888888888889 0.041666666666666664
9 0.5657407407407408 0.1763888888888889 0.04537037037037037 0.044444444444444446
9 0.5171296296296296 0.23657407407407408 0.046296296296296294 0.04351851851851852
9 0.449537037037037 0.2828703703703704 0.05 0.032407407407407406
9 0.6166666666666667 0.25324074074074077 0.049074074074074076 0.04814814814814815
9 0.7268518518518519 0.32546296296296295 0.04814814814814815 0.044444444444444446
9 0.8236111111111111 0.6300925925925925 0.046296296296296294 0.04259259259259259
9 0.7083333333333334 0.7453703703703703 0.04351851851851852 0.04814814814814815
9 0.5643518518518519 0.8060185185185185 0.049074074074074076 0.05185185185185185
8 0.5180555555555556 0.7458333333333333 0.09351851851851851 0.08333333333333333
8 0.49074074074074076 0.8203703703703704 0.08148148148148149 0.05925925925925926
8 0.6652777777777777 0.6620370370370371 0.1 0.08703703703703704
8 0.7833333333333333 0.687962962962963 0.0824074074074074 0.0787037037037037
8 0.6912037037037037 0.5592592592592592 0.07777777777777778 0.06296296296296296
8 0.5574074074074075 0.6152777777777778 0.08425925925925926 0.05185185185185185
8 0.412962962962963 0.6 0.11018518518518519 0.06296296296296296
8 0.3425925925925926 0.6782407407407407 0.06574074074074074 0.053703703703703705
8 0.6935185185185185 0.4791666666666667 0.06481481481481481 0.0787037037037037
8 0.8157407407407408 0.4736111111111111 0.1 0.07777777777777778
8 0.5814814814814815 0.5013888888888889 0.058333333333333334 0.05092592592592592
8 0.5907407407407408 0.412962962962963 0.0787037037037037 0.06018518518518518
8 0.5148148148148148 0.41388888888888886 0.044444444444444446 0.06481481481481481
8 0.6277777777777778 0.31342592592592594 0.06944444444444445 0.07962962962962963
8 0.7606481481481482 0.30277777777777776 0.04814814814814815 0.06018518518518518
8 0.6837962962962963 0.24583333333333332 0.07407407407407407 0.08055555555555556
8 0.6226851851851852 0.17407407407407408 0.06759259259259259 0.07407407407407407
8 0.5717592592592593 0.2263888888888889 0.06111111111111111 0.05555555555555555
8 0.513425925925926 0.1388888888888889 0.07037037037037037 0.07037037037037037
8 0.42592592592592593 0.22824074074074074 0.08518518518518518 0.07777777777777778
8 0.31157407407407406 0.23981481481481481 0.09351851851851851 0.08518518518518518
8 0.42453703703703705 0.32083333333333336 0.07222222222222222 0.07962962962962963
8 0.24861111111111112 0.3296296296296296 0.08611111111111111 0.075
8 0.29305555555555557 0.40925925925925927 0.07407407407407407 0.05462962962962963
8 0.2824074074074074 0.4425925925925926 0.06388888888888888 0.040740740740740744
8 0.3768518518518518 0.4861111111111111 0.05555555555555555 0.05925925925925926
8 0.27685185185185185 0.5393518518518519 0.08055555555555556 0.08611111111111111
8 0.16435185185185186 0.4837962962962963 0.05 0.05092592592592592
8 0.21203703703703702 0.7490740740740741 0.07314814814814814 0.06018518518518518
8 0.2449074074074074 0.7981481481481482 0.08148148148148149 0.08796296296296297
9 0.7263888888888889 0.6162037037037037 0.046296296296296294 0.06018518518518518
9 0.5254629629629629 0.5675925925925925 0.04537037037037037 0.049074074074074076