14 0.5 0.5 1 1
11 0.28055555555555556 0.2773148148148148 0.1388888888888889 0.13518518518518519
11 0.23287037037037037 0.4444444444444444 0.1425925925925926 0.1425925925925926
11 0.39305555555555555 0.44305555555555554 0.13055555555555556 0.12685185185185185
11 0.2412037037037037 0.5828703703703704 0.14351851851851852 0.13518518518518519
11 0.4222222222222222 0.21805555555555556 0.13333333333333333 0.13240740740740742
11 0.5268518518518519 0.31712962962962965 0.11944444444444445 0.12129629629629629
11 0.649074074074074 0.24675925925925926 0.13703703703703704 0.13148148148148148
11 0.7819444444444444 0.3837962962962963 0.12777777777777777 0.13148148148148148
11 0.6458333333333334 0.40694444444444444 0.13425925925925927 0.12407407407407407
11 0.6449074074074074 0.5513888888888889 0.13425925925925927 0.13333333333333333
11 0.8175925925925925 0.5337962962962963 0.13518518518518519 0.13240740740740742
11 0.5361111111111111 0.6532407407407408 0.11574074074074074 0.11574074074074074
11 0.3578703703703704 0.7023148148148148 0.13425925925925927 0.13425925925925927
11 0.3787037037037037 0.8611111111111112 0.12222222222222222 0.13518518518518519
11 0.6453703703703704 0.7425925925925926 0.14074074074074075 0.13796296296296295
9 0.2810185185185185 0.7328703703703704 0.046296296296296294 0.04259259259259259
9 0.20324074074074075 0.8180555555555555 0.040740740740740744 0.03981481481481482
9 0.1712962962962963 0.7856481481481481 0.03611111111111111 0.02962962962962963
9 0.2986111111111111 0.8925925925925926 0.044444444444444446 0.04722222222222222
9 0.2 0.6810185185185185 0.041666666666666664 0.040740740740740744
9 0.12824074074074074 0.5472222222222223 0.03796296296296296 0.046296296296296294
9 0.1527777777777778 0.40555555555555556 0.040740740740740744 0.037037037037037035
9 0.18564814814814815 0.29305555555555557 0.05555555555555555 0.049074074074074076
9 0.35648148148148145 0.3680555555555556 0.04722222222222222 0.04537037037037037
9 0.3282407407407407 0.49907407407407406 0.03888888888888889 0.03981481481481482
9 0.36898148148148147 0.5532407407407407 0.05 0.05092592592592592
9 0.5305555555555556 0.4638888888888889 0.05092592592592592 0.05277777777777778
9 0.4638888888888889 0.37407407407407406 0.04814814814814815 0.044444444444444446
9 0.43703703703703706 0.2847222222222222 0.03796296296296296 0.032407407407407406
9 0.2949074074074074 0.19398148148148148 0.040740740740740744 0.04351851851851852
9 0.5430555555555555 0.1726851851851852 0.04722222222222222 0.04722222222222222
9 0.4986111111111111 0.2361111111111111 0.04814814814814815 0.046296296296296294
9 0.43425925925925923 0.2865740740740741 0.05185185185185185 0.03518518518518519
9 0.5995370370370371 0.24537037037037038 0.05185185185185185 0.05
9 0.7143518518518519 0.3101851851851852 0.05 0.04722222222222222
9 0.8319444444444445 0.6074074074074074 0.04814814814814815 0.04537037037037037
9 0.7245370370370371 0.7305555555555555 0.04537037037037037 0.05
9 0.5856481481481481 0.8009259259259259 0.05185185185185185 0.05462962962962963
8 0.5351851851851852 0.7439814814814815 0.09722222222222222 0.08796296296296297
8 0.512962962962963 0.8203703703703704 0.08425925925925926 0.06388888888888888
8 0.6759259259259259 0.6504629629629629 0.10462962962962963 0.09259259259259259
8 0.7958333333333333 0.6675925925925926 0.08611111111111111 0.08333333333333333
8 0.6949074074074074 0.5458333333333333 0.08055555555555556 0.06666666666666667
8 0.5652777777777778 0.6111111111111112 0.08611111111111111 0.05740740740740741
8 0.4203703703703704 0.6060185185185185 0.11203703703703703 0.06944444444444445
8 0.35555555555555557 0.6888888888888889 0.06851851851851852 0.05740740740740741
8 0.6916666666666667 0.46574074074074073 0.06944444444444445 0.08148148148148149
8 0.812962962962963 0.4513888888888889 0.1037037037037037 0.08333333333333333
8 0.5814814814814815 0.49583333333333335 0.06018518518518518 0.053703703703703705
8 0.5842592592592593 0.40694444444444444 0.08148148148148149 0.06481481481481481
8 0.5087962962962963 0.412962962962963 0.04814814814814815 0.06666666666666667
8 0.6143518518518518 0.3050925925925926 0.07407407407407407 0.0824074074074074
8 0.7462962962962963 0.2851851851851852 0.05092592592592592 0.062037037037037036
8 0.6657407407407407 0.2337962962962963 0.0787037037037037 0.08425925925925926
8 0.5995370370370371 0.16620370370370371 0.07222222222222222 0.07777777777777778
8 0.5527777777777778 0.2222222222222222 0.06388888888888888 0.058333333333333334
8 0.48842592592592593 0.1388888888888889 0.07407407407407407 0.07407407407407407
8 0.40694444444444444 0.2337962962962963 0.08981481481481482 0.0824074074074074
8 0.29398148148148145 0.2537037037037037 0.09814814814814815 0.08981481481481482
8 0.4125 0.32685185185185184 0.07685185185185185 0.08333333333333333
8 0.2375 0.3476851851851852 0.08981481481481482 0.07962962962962963
8 0.2875 0.42407407407407405 0.07685185185185185 0.058333333333333334
8 0.27870370370370373 0.45787037037037037 0.06574074074074074 0.044444444444444446
8 0.3763888888888889 0.4949074074074074 0.058333333333333334 0.062037037037037036
8 0.2800925925925926 0.5550925925925926 0.08518518518518518 0.08981481481481482
8 0.1638888888888889 0.5069444444444444 0.05277777777777778 0.053703703703703705
8 0.2300925925925926 0.7689814814814815 0.07592592592592592 0.06481481481481481
8 0.2662037037037037 0.8148148148148148 0.08611111111111111 0.09166666666666666
9 0.7342592592592593 0.6 0.05 0.062037037037037036
9 0.5300925925925926 0.5657407407407408 0.04814814814814815 0.05092592592592592