14 0.5 0.5190875232774674 1 0.9618249534450651
11 0.14305555555555555 0.5540037243947858 0.17222222222222222 0.15176908752327747
11 0.11712962962962963 0.38268156424581007 0.17037037037037037 0.12197392923649907
11 0.2759259259259259 0.2430167597765363 0.16203703703703703 0.13128491620111732
11 0.300462962962963 0.3715083798882682 0.17037037037037037 0.13314711359404097
11 0.475 0.3691806331471136 0.15925925925925927 0.1378026070763501
11 0.46944444444444444 0.20297951582867785 0.14074074074074075 0.1154562383612663
11 0.6416666666666667 0.2527932960893855 0.16111111111111112 0.12942271880819367
11 0.8111111111111111 0.3608007448789572 0.1638888888888889 0.12942271880819367
11 0.674537037037037 0.41945996275605213 0.17685185185185184 0.12942271880819367
11 0.6013888888888889 0.5842644320297952 0.18611111111111112 0.1610800744878957
11 0.6560185185185186 0.7430167597765364 0.20555555555555555 0.18994413407821228
11 0.37824074074074077 0.7188081936685289 0.2074074074074074 0.18342644320297952
11 0.18055555555555555 0.659683426443203 0.18333333333333332 0.1685288640595903
11 0.44583333333333336 0.5400372439478585 0.14074074074074075 0.0893854748603352
11 0.5018518518518519 0.4729981378026071 0.11296296296296296 0.06983240223463687