14 0.4725648148148148 0.4525111111111111 0.856712962962963 0.5857111111111112
11 0.15877777777777777 0.42154074074074077 0.11392592592592593 0.07963703703703703
11 0.16028703703703706 0.5070296296296296 0.11922222222222222 0.07328148148148149
11 0.19124074074074074 0.3232814814814815 0.09887037037037037 0.054985185185185186
11 0.31103703703703706 0.25565925925925925 0.09620370370370371 0.06051851851851852
11 0.48225 0.2256148148148148 0.10499074074074075 0.060748148148148155
11 0.6400648148148148 0.24934074074074075 0.10524074074074073 0.05153333333333333
11 0.7455185185185185 0.3254444444444445 0.11047222222222222 0.07393333333333334
11 0.45560185185185187 0.3121851851851852 0.10425000000000001 0.06386666666666667
11 0.23800000000000002 0.5832148148148149 0.10096296296296296 0.07390370370370371
11 0.33462037037037035 0.5529185185185186 0.08852777777777777 0.08461481481481482
11 0.3609074074074074 0.6504222222222222 0.10453703703703704 0.08582962962962963
11 0.5449537037037037 0.6554962962962962 0.12298148148148147 0.09231111111111111
11 0.7105092592592592 0.5835037037037037 0.14100925925925925 0.07997037037037037