14 0.5 0.5 1 1
4 0.5157380688124307 0.7927746947835738 0.21189789123196448 0.07805771365149833
4 0.25407325194228636 0.706126526082131 0.18739178690344063 0.1746503884572697
4 0.05548279689234185 0.5927857935627081 0.11097669256381798 0.21063263041065483
4 0.23550499445061043 0.1130299667036626 0.22014428412874584 0.08379578246392896
4 0.7623418423973363 0.19554938956714762 0.31473917869034407 0.11499445061043286
4 0.489433962264151 0.1434517203107658 0.11110987791342952 0.061398446170921196
4 0.3383684794672586 0.1792785793562708 0.14152053274139845 0.05110987791342952
4 0.32620421753607104 0.264850166481687 0.12200887902330744 0.07285238623751387
4 0.17935627081021088 0.2663263041065483 0.11988901220865704 0.05893451720310766
4 0.14731409544950055 0.37345172031076584 0.18834628190899 0.15093229744728082
4 0.31305216426193117 0.568312985571587 0.0716093229744728 0.10009988901220865
4 0.3842619311875694 0.48635960044395116 0.06944506104328524 0.14440621531631523
4 0.5775693673695893 0.6036736958934517 0.14520532741398448 0.08782463928967812
4 0.6289012208657048 0.5261043285238624 0.13459489456159823 0.06762486126526082
4 0.7335183129855716 0.6509322974472808 0.10285238623751387 0.0899778024417314
4 0.8733629300776914 0.5191786903440622 0.08613762486126526 0.05224195338512764
12 0.764439511653718 0.30485016648168706 0.36603773584905663 0.10546059933407324
12 0.48302996670366255 0.3015538290788013 0.10032186459489456 0.06520532741398447
12 0.22146503884572696 0.36335183129855714 0.11194228634850166 0.11423973362930079
12 0.3703440621531632 0.5869034406215315 0.07894561598224195 0.0476581576026637
12 0.45124306326304103 0.5207214206437292 0.0486237513873474 0.07374028856825748
12 0.6064816870144285 0.4338512763596004 0.06596004439511653 0.06237513873473918
12 0.9017314095449501 0.274173140954495 0.08603773584905659 0.16690344062153162
12 0.5726859045504995 0.7010987791342953 0.21821309655937848 0.1076914539400666
12 0.43148723640399556 0.6396115427302996 0.14577136514983352 0.12422863485016648