14 0.47175925925925927 0.45296296296296296 0.8694444444444445 0.597037037037037
11 0.15694444444444444 0.4262962962962963 0.11574074074074074 0.08148148148148149
11 0.16064814814814815 0.5118518518518519 0.12037037037037036 0.07481481481481482
11 0.1875 0.3277777777777778 0.1 0.05703703703703704
11 0.3055555555555556 0.25851851851851854 0.09722222222222222 0.06222222222222222
11 0.47638888888888886 0.22592592592592592 0.10648148148148148 0.06222222222222222
11 0.6347222222222222 0.2474074074074074 0.10648148148148148 0.052592592592592594
11 0.7416666666666667 0.32222222222222224 0.11203703703703703 0.07555555555555556
11 0.4513888888888889 0.31296296296296294 0.10555555555555556 0.06592592592592593
11 0.23981481481481481 0.587037037037037 0.10277777777777777 0.07555555555555556
11 0.33564814814814814 0.5551851851851852 0.08981481481481482 0.08592592592592592
11 0.36435185185185187 0.6522222222222223 0.10648148148148148 0.0874074074074074
11 0.5481481481481482 0.6548148148148148 0.125 0.09333333333333334
11 0.7125 0.5803703703703704 0.1425925925925926 0.08222222222222222