14 0.5 0.5439814814814815 1 0.9120370370370371
14 0.4601851851851852 0.1884259259259259 0.5814814814814815 0.3768518518518518
15 0.7319444444444444 0.4837962962962963 0.18055555555555555 0.15925925925925927
15 0.2361111111111111 0.7449074074074075 0.17222222222222222 0.13333333333333333
15 0.03564814814814815 0.5356481481481481 0.0712962962962963 0.09722222222222222
15 0.3638888888888889 0.12777777777777777 0.10925925925925926 0.08703703703703704
12 0.3712962962962963 0.040740740740740744 0.14814814814814814 0.08148148148148149
12 0.18472222222222223 0.799074074074074 0.25 0.1425925925925926
12 0.2023148148148148 0.9314814814814815 0.20925925925925926 0.10555555555555556
10 0.5 0.850462962962963 0.19537037037037036 0.12777777777777777
10 0.6050925925925926 0.6125 0.12222222222222222 0.07777777777777778
10 0.5662037037037037 0.5069444444444444 0.12777777777777777 0.07592592592592592
10 0.5064814814814815 0.46620370370370373 0.0824074074074074 0.046296296296296294
10 0.6888888888888889 0.33564814814814814 0.07962962962962963 0.09351851851851851
4 0.17777777777777778 0.5407407407407407 0.1527777777777778 0.1712962962962963
4 0.2518518518518518 0.6425925925925926 0.13148148148148148 0.11574074074074074
4 0.3578703703703704 0.8611111111111112 0.125 0.1425925925925926
4 0.6898148148148148 0.8060185185185185 0.22592592592592592 0.15092592592592594
4 0.7712962962962963 0.6648148148148149 0.16111111111111112 0.1574074074074074
4 0.9291666666666667 0.3976851851851852 0.13703703703703704 0.1175925925925926
4 0.774074074074074 0.26944444444444443 0.1175925925925926 0.1111111111111111
4 0.5347222222222222 0.041666666666666664 0.1287037037037037 0.08333333333333333
4 0.275 0.1925925925925926 0.08425925925925926 0.075