14 0.5 0.6622222222222223 1 0.6755555555555556
15 0.31851851851851853 0.7825925925925926 0.12407407407407407 0.09851851851851852
15 0.5703703703703704 0.7585185185185185 0.10740740740740741 0.08296296296296296
15 0.4587962962962963 0.6188888888888889 0.1 0.0725925925925926
15 0.6828703703703703 0.6177777777777778 0.10648148148148148 0.07555555555555556
15 0.6064814814814815 0.4955555555555556 0.09259259259259259 0.06518518518518518
15 0.39861111111111114 0.4840740740740741 0.05925925925925926 0.0362962962962963
15 0.24166666666666667 0.5833333333333334 0.09722222222222222 0.05185185185185185
2 0.4148148148148148 0.7837037037037037 0.21574074074074073 0.3037037037037037
2 0.4930555555555556 0.4981481481481482 0.10833333333333334 0.11185185185185186
2 0.4199074074074074 0.5766666666666667 0.05092592592592592 0.03333333333333333
4 0.5861111111111111 0.8288888888888889 0.14814814814814814 0.07185185185185185
4 0.5407407407407407 0.6251851851851852 0.06759259259259259 0.09703703703703703
4 0.6060185185185185 0.6296296296296297 0.044444444444444446 0.04888888888888889
4 0.7592592592592593 0.6055555555555555 0.05555555555555555 0.06814814814814815
4 0.7087962962962963 0.67 0.11203703703703703 0.040740740740740744
4 0.39814814814814814 0.53 0.1 0.05185185185185185
4 0.24444444444444444 0.6281481481481481 0.10648148148148148 0.04962962962962963
14 0.40185185185185185 0.2011111111111111 0.43333333333333335 0.26814814814814814
0 0.5009259259259259 0.16703703703703704 0.16018518518518518 0.08592592592592592