14 0.49027777777777776 0.5 0.9805555555555555 1
2 0.6856481481481481 0.03955500618046971 0.17314814814814813 0.07911001236093942
2 0.8296296296296296 0.02781211372064277 0.14074074074074075 0.05562422744128554
2 0.8458333333333333 0.08776266996291718 0.12407407407407407 0.15327564894932014
2 0.7703703703703704 0.10568603213844252 0.08611111111111111 0.173053152039555
8 0.30694444444444446 0.25401730531520395 0.1287037037037037 0.14956736711990112
8 0.35462962962962963 0.3930778739184178 0.10555555555555556 0.13597033374536466
8 0.22037037037037038 0.5797280593325093 0.062037037037037036 0.10135970333745364
8 0.3337962962962963 0.5339925834363412 0.12222222222222222 0.1161928306551298
8 0.49398148148148147 0.522867737948084 0.07407407407407407 0.11248454882571075
8 0.6328703703703704 0.48331273176761436 0.11203703703703703 0.13102595797280595
8 0.5300925925925926 0.3362175525339926 0.12129629629629629 0.12237330037082818
8 0.6143518518518518 0.18726823238566132 0.13518518518518519 0.13720642768850433
8 0.6893518518518519 0.3053152039555006 0.11388888888888889 0.11990111248454882
8 0.5453703703703704 0.6260815822002472 0.09814814814814815 0.1334981458590853
8 0.24722222222222223 0.7169344870210136 0.11851851851851852 0.11990111248454882
8 0.31666666666666665 0.8059332509270705 0.08518518518518518 0.14833127317676142
8 0.41712962962962963 0.761433868974042 0.08425925925925926 0.14215080346106304
8 0.5425925925925926 0.8430160692212608 0.08611111111111111 0.09270704573547589
8 0.6791666666666667 0.7941903584672435 0.13148148148148148 0.1668726823238566
8 0.700925925925926 0.6279357231149567 0.09907407407407408 0.16563658838071693
8 0.7972222222222223 0.6032138442521632 0.10555555555555556 0.15698393077873918
8 0.7921296296296296 0.37021013597033375 0.09259259259259259 0.09765142150803462
4 0.17083333333333334 0.45241038318912236 0.09166666666666666 0.1668726823238566
4 0.40879629629629627 0.2311495673671199 0.08055555555555556 0.10630407911001236
4 0.4375 0.37824474660074164 0.08703703703703704 0.1260815822002472
4 0.2912037037037037 0.44128553770086526 0.0712962962962963 0.103831891223733
4 0.17453703703703705 0.6483312731767614 0.07777777777777778 0.14215080346106304
4 0.3712962962962963 0.7873918417799752 0.075 0.19283065512978986
4 0.4981481481481482 0.7336217552533992 0.09907407407407408 0.17058096415327564
4 0.6106481481481482 0.7070457354758962 0.12314814814814815 0.18294190358467244
4 0.5703703703703704 0.5259579728059333 0.05648148148148148 0.0754017305315204
4 0.43333333333333335 0.534610630407911 0.06296296296296296 0.09023485784919653
4 0.5453703703703704 0.4011124845488257 0.08148148148148149 0.1100123609394314
4 0.6421296296296296 0.39060568603213847 0.0712962962962963 0.0865265760197775
4 0.6078703703703704 0.273176761433869 0.06481481481481481 0.07787391841779975
4 0.5597222222222222 0.12978986402966625 0.05 0.06551297898640297
4 0.6912037037037037 0.5129789864029666 0.07314814814814814 0.08776266996291718
4 0.7472222222222222 0.6847960444993819 0.06759259259259259 0.09147095179233622
4 0.7134259259259259 0.377008652657602 0.06851851851851852 0.0815822002472188
8 0.48055555555555557 0.14956736711990112 0.11296296296296296 0.1161928306551298
11 0.28194444444444444 0.3362175525339926 0.09444444444444444 0.12237330037082818
11 0.22546296296296298 0.4338689740420272 0.06388888888888888 0.11124845488257108
11 0.28888888888888886 0.6446229913473424 0.10833333333333334 0.14091470951792337
11 0.14953703703703702 0.7398022249690976 0.07592592592592592 0.14215080346106304
11 0.2671296296296296 0.8195302843016069 0.10462962962962963 0.1557478368355995
11 0.41898148148148145 0.6242274412855378 0.11574074074074074 0.14585908529048208
11 0.3861111111111111 0.44437577255871447 0.11018518518518519 0.138442521631644
11 0.5009259259259259 0.4604449938195303 0.09259259259259259 0.13226205191594562
11 0.5472222222222223 0.7027194066749073 0.07777777777777778 0.13967861557478367
11 0.6912037037037037 0.734857849196539 0.10740740740740741 0.14585908529048208
11 0.6574074074074074 0.5618046971569839 0.08518518518518518 0.13720642768850433
11 0.774537037037037 0.46600741656365885 0.1111111111111111 0.1433868974042027
11 0.7546296296296297 0.28182941903584674 0.08796296296296297 0.13967861557478367
11 0.6328703703703704 0.16625463535228677 0.11388888888888889 0.14709517923362175
11 0.6138888888888889 0.36402966625463534 0.08611111111111111 0.10630407911001236