14 0.4935185185185185 0.4981481481481482 0.987037037037037 0.9962962962962963
15 0.22685185185185186 0.3648148148148148 0.08796296296296297 0.08425925925925926
15 0.324537037037037 0.22870370370370371 0.08888888888888889 0.09537037037037037
15 0.4666666666666667 0.21481481481481482 0.08611111111111111 0.08796296296296297
15 0.5 0.3037037037037037 0.10277777777777777 0.08981481481481482
15 0.6606481481481481 0.324537037037037 0.11018518518518519 0.07777777777777778
15 0.5810185185185185 0.387037037037037 0.09259259259259259 0.09907407407407408
15 0.32592592592592595 0.4013888888888889 0.08981481481481482 0.09444444444444444
15 0.37592592592592594 0.49537037037037035 0.07777777777777778 0.0787037037037037
15 0.24953703703703703 0.5694444444444444 0.09166666666666666 0.07037037037037037
15 0.44814814814814813 0.5518518518518518 0.06944444444444445 0.09444444444444444
15 0.538425925925926 0.5805555555555556 0.09722222222222222 0.09166666666666666
15 0.6416666666666667 0.5203703703703704 0.08055555555555556 0.07685185185185185
15 0.6685185185185185 0.6092592592592593 0.08796296296296297 0.09814814814814815
15 0.7601851851851852 0.5541666666666667 0.10092592592592593 0.11388888888888889
15 0.3425925925925926 0.7300925925925926 0.11296296296296296 0.08703703703703704
15 0.49074074074074076 0.7421296296296296 0.09907407407407408 0.10555555555555556
9 0.5481481481481482 0.15648148148148147 0.06018518518518518 0.06481481481481481
9 0.5069444444444444 0.23981481481481481 0.058333333333333334 0.04814814814814815
9 0.21435185185185185 0.45416666666666666 0.05925925925925926 0.05925925925925926
9 0.23287037037037037 0.49953703703703706 0.06111111111111111 0.05648148148148148
9 0.23935185185185184 0.5402777777777777 0.06481481481481481 0.04722222222222222
9 0.3472222222222222 0.44537037037037036 0.05555555555555555 0.04814814814814815
9 0.2962962962962963 0.38425925925925924 0.04814814814814815 0.05
9 0.4185185185185185 0.4162037037037037 0.053703703703703705 0.05277777777777778
9 0.44814814814814813 0.4310185185185185 0.049074074074074076 0.05277777777777778
9 0.4425925925925926 0.4722222222222222 0.06296296296296296 0.053703703703703705
9 0.49583333333333335 0.4583333333333333 0.058333333333333334 0.04814814814814815
9 0.46805555555555556 0.5064814814814815 0.05925925925925926 0.05277777777777778
9 0.5189814814814815 0.524074074074074 0.07037037037037037 0.05092592592592592
9 0.45601851851851855 0.6291666666666667 0.05740740740740741 0.05277777777777778
9 0.7050925925925926 0.6458333333333334 0.06574074074074074 0.06574074074074074
9 0.48055555555555557 0.7930555555555555 0.06388888888888888 0.06018518518518518
9 0.6416666666666667 0.41944444444444445 0.05462962962962963 0.06018518518518518
9 0.6527777777777778 0.3731481481481482 0.06388888888888888 0.06018518518518518
9 0.4861111111111111 0.37037037037037035 0.058333333333333334 0.05
9 0.5273148148148148 0.3907407407407407 0.053703703703703705 0.05648148148148148
9 0.5324074074074074 0.34120370370370373 0.05462962962962963 0.05