14 0.5 0.5342592592592592 1 0.9314814814814815
4 0.29444444444444445 0.5768518518518518 0.2861111111111111 0.32592592592592595
4 0.46944444444444444 0.35509259259259257 0.18981481481481483 0.2351851851851852
4 0.7949074074074074 0.4222222222222222 0.35 0.17685185185185184
4 0.7574074074074074 0.20787037037037037 0.19814814814814816 0.19074074074074074
4 0.3837962962962963 0.24768518518518517 0.18055555555555555 0.15925925925925927
2 0.7064814814814815 0.5305555555555556 0.20925925925925926 0.14722222222222223
2 0.6106481481481482 0.30694444444444446 0.16666666666666666 0.12962962962962962
2 0.36527777777777776 0.5018518518518519 0.16018518518518518 0.08981481481481482
2 0.33055555555555555 0.2564814814814815 0.12407407407407407 0.12129629629629629
2 0.6560185185185186 0.22175925925925927 0.14722222222222223 0.1175925925925926
2 0.8680555555555556 0.2324074074074074 0.053703703703703705 0.08425925925925926