14 0.48055555555555557 0.5055624227441285 0.8537037037037037 0.9888751545117429
2 0.825925925925926 0.11124845488257108 0.14907407407407408 0.17552533992583436
2 0.9453703703703704 0.19530284301606923 0.10925925925925926 0.10877626699629171
2 0.9388888888888889 0.3009888751545117 0.10648148148148148 0.12484548825710753
2 0.8643518518518518 0.27812113720642767 0.058333333333333334 0.16440049443757726
8 0.3939814814814815 0.17243510506798518 0.11388888888888889 0.11866501854140915
8 0.3972222222222222 0.32509270704573545 0.08981481481481482 0.11248454882571075
8 0.21944444444444444 0.42707045735475896 0.04814814814814815 0.09023485784919653
8 0.337037037037037 0.44499381953028433 0.11481481481481481 0.0815822002472188
8 0.487962962962963 0.5179233621755254 0.058333333333333334 0.09888751545117429
8 0.6273148148148148 0.553770086526576 0.09907407407407408 0.103831891223733
8 0.575462962962963 0.3646477132262052 0.1111111111111111 0.09023485784919653
8 0.6967592592592593 0.2719406674907293 0.125 0.10135970333745364
8 0.7310185185185185 0.4196538936959209 0.10277777777777777 0.09023485784919653
8 0.5050925925925925 0.6396786155747837 0.0824074074074074 0.11248454882571075
8 0.20416666666666666 0.5673671199011124 0.10925925925925926 0.08776266996291718
8 0.24166666666666667 0.6860321384425216 0.06296296296296296 0.13597033374536466
8 0.3472222222222222 0.6977750309023486 0.06388888888888888 0.12855377008652658
8 0.43842592592592594 0.8380716934487021 0.07685185185185185 0.07169344870210136
8 0.5791666666666667 0.8646477132262052 0.11296296296296296 0.13720642768850433
8 0.6472222222222223 0.7224969097651421 0.075 0.1508034610630408
8 0.7435185185185185 0.7496909765142151 0.08518518518518518 0.13720642768850433
8 0.8069444444444445 0.5327564894932015 0.08425925925925926 0.07292954264524104
4 0.2111111111111111 0.28491965389369595 0.06574074074074074 0.15451174289245984
4 0.4949074074074074 0.20519159456118666 0.06851851851851852 0.08899876390605686
4 0.4777777777777778 0.3553770086526576 0.07037037037037037 0.1100123609394314
4 0.325 0.3368355995055624 0.058333333333333334 0.09023485784919653
4 0.15694444444444444 0.46662546353522866 0.05555555555555555 0.13102595797280595
4 0.2972222222222222 0.6971569839307787 0.040740740740740744 0.19283065512978986
4 0.4300925925925926 0.7138442521631644 0.07314814814814814 0.1557478368355995
4 0.5412037037037037 0.7484548825710754 0.09814814814814815 0.16069221260815822
4 0.5574074074074075 0.5605686032138443 0.04722222222222222 0.0630407911001236
4 0.4287037037037037 0.4969097651421508 0.05185185185185185 0.07787391841779975
4 0.5708333333333333 0.4326328800988875 0.06851851851851852 0.09270704573547589
4 0.662962962962963 0.47280593325092707 0.06111111111111111 0.07045735475896168
4 0.6657407407407407 0.3473423980222497 0.05648148148148148 0.0630407911001236
4 0.663425925925926 0.1903584672435105 0.04259259259259259 0.054388133498145856
4 0.6722222222222223 0.6118665018541409 0.06481481481481481 0.069221260815822
4 0.6736111111111112 0.7991347342398022 0.05648148148148148 0.07787391841779975
4 0.7324074074074074 0.49814585908529047 0.05925925925925926 0.06551297898640297
8 0.5847222222222223 0.16749072929542647 0.10277777777777777 0.0865265760197775
11 0.3472222222222222 0.23547589616810877 0.07962962962962963 0.10135970333745364
11 0.26666666666666666 0.29604449938195304 0.04814814814814815 0.10135970333745364
11 0.26342592592592595 0.522867737948084 0.09166666666666666 0.1161928306551298
11 0.10740740740740741 0.5383189122373301 0.053703703703703705 0.13226205191594562
11 0.19212962962962962 0.673053152039555 0.08333333333333333 0.13597033374536466
11 0.3888888888888889 0.5716934487021014 0.09907407407407408 0.11990111248454882
11 0.4115740740740741 0.38936959208899874 0.09537037037037037 0.11372064276885044
11 0.5125 0.4635352286773795 0.07592592592592592 0.11372064276885044
11 0.4842592592592593 0.711372064276885 0.05648148148148148 0.12855377008652658
11 0.6074074074074074 0.8158220024721878 0.08981481481481482 0.12237330037082818
11 0.6268518518518519 0.6390605686032138 0.06574074074074074 0.12360939431396786
11 0.7625 0.6118665018541409 0.09444444444444444 0.11866501854140915
11 0.7981481481481482 0.4320148331273177 0.06851851851851852 0.12484548825710753
11 0.7199074074074074 0.2620519159456119 0.09722222222222222 0.12237330037082818
11 0.6444444444444445 0.43448702101359704 0.07407407407407407 0.0865265760197775