14 0.48159259259259257 0.6874740740740741 0.9631851851851851 0.6250592592592593
15 0.2711574074074074 0.7596 0.1100925925925926 0.08734074074074073
15 0.5245277777777778 0.7639407407407407 0.09524074074074074 0.07354814814814815
15 0.4385 0.6132814814814814 0.09001851851851851 0.06305925925925926
15 0.6604166666666667 0.6369777777777778 0.09655555555555556 0.0654962962962963
15 0.6063611111111111 0.507362962962963 0.08328703703703703 0.056355555555555555
15 0.4025277777777778 0.47283703703703706 0.05496296296296296 0.030851851851851853
15 0.2297962962962963 0.5538666666666667 0.0905925925925926 0.042585185185185184
2 0.36640740740740746 0.7714962962962962 0.16712962962962963 0.28788148148148146
2 0.49366666666666664 0.4974074074074074 0.09147222222222223 0.10264444444444444
2 0.4073148148148148 0.5669259259259259 0.046981481481481485 0.027962962962962964
4 0.5282777777777777 0.8351407407407407 0.13941666666666666 0.057525925925925925
4 0.518712962962963 0.6287037037037037 0.05187037037037037 0.09197777777777778
4 0.5823981481481482 0.6402518518518518 0.03650925925925926 0.044696296296296296
4 0.7381666666666666 0.6334666666666666 0.045 0.06396296296296296
4 0.6770648148148148 0.6916666666666667 0.10853703703703703 0.028651851851851852
4 0.39388888888888884 0.5185037037037037 0.09350925925925925 0.04207407407407407
4 0.2247037037037037 0.598637037037037 0.10119444444444445 0.03852592592592592
14 0.45478703703703705 0.1931111111111111 0.39831481481481484 0.2262740740740741
0 0.5589351851851851 0.17022222222222222 0.14967592592592593 0.06979259259259259