14 0.48182407407407407 0.5130284301606922 0.8072870370370371 0.9267243510506799
2 0.8053981481481481 0.08197775030902348 0.1413333333333333 0.16395550061804695
2 0.9384259259259259 0.15463535228677378 0.1231574074074074 0.09793572311495674
2 0.927537037037037 0.2607911001236094 0.10072222222222223 0.1153522867737948
2 0.8517592592592592 0.24474660074165636 0.05012037037037037 0.15983930778739183
8 0.37736111111111115 0.18321384425216317 0.10893518518518519 0.10919653893695921
8 0.3885462962962963 0.3353646477132262 0.08474074074074074 0.10511742892459827
8 0.21621296296296297 0.45365883807169344 0.04277777777777778 0.08741656365883807
8 0.3344722222222222 0.46013597033374537 0.11093518518518519 0.07216316440049445
8 0.4889074074074074 0.5189493201483313 0.05414814814814815 0.09312731767614339
8 0.6297037037037038 0.5417923362175525 0.09425 0.09504326328800988
8 0.5682314814814815 0.3581458590852905 0.10737037037037037 0.08088998763906056
8 0.6841666666666667 0.2539925834363411 0.11985185185185185 0.08940667490729295
8 0.7263796296296297 0.39812113720642767 0.09884259259259259 0.08079110012360939
8 0.5122592592592593 0.6387144622991348 0.0770462962962963 0.10563658838071693
8 0.20825 0.5950556242274413 0.1050925925925926 0.0773300370828183
8 0.2519259259259259 0.7094808405438814 0.05639814814814814 0.13137206427688505
8 0.35800925925925925 0.7112855377008652 0.057666666666666665 0.12363411619283066
8 0.45643518518518517 0.8430037082818295 0.07424074074074075 0.06466007416563659
8 0.5978055555555556 0.8561928306551297 0.10699074074074073 0.1273671199011125
8 0.6586944444444445 0.707972805933251 0.06719444444444443 0.14409147095179234
8 0.7560370370370371 0.7265512978986403 0.07820370370370369 0.12964153275648949
8 0.8077962962962962 0.5040049443757726 0.0813888888888889 0.06550061804697158
4 0.2004351851851852 0.3121631644004944 0.058861111111111114 0.14954264524103833
4 0.4793518518518519 0.20614338689740422 0.06397222222222222 0.08279357231149567
4 0.4704259259259259 0.3575772558714462 0.06481481481481481 0.10414091470951792
4 0.3167962962962963 0.353708281829419 0.05348148148148148 0.08504326328800989
4 0.15613888888888888 0.4986897404202719 0.04848148148148148 0.12754017305315205
4 0.3080185185185185 0.7156860321384425 0.030824074074074073 0.18918417799752782
4 0.44124074074074077 0.7198640296662546 0.06596296296296296 0.14985166872682323
4 0.5540462962962963 0.7437700865265761 0.09089814814814814 0.15196538936959209
4 0.5604166666666667 0.5549443757725587 0.04412037037037037 0.05841779975278121
4 0.42871296296296296 0.5037453646477132 0.047712962962962964 0.07407911001236094
4 0.5669166666666666 0.4262669962917182 0.06361111111111112 0.0865389369592089
4 0.6609351851851851 0.4580098887515451 0.05807407407407407 0.06435105067985167
4 0.6573796296296297 0.33217552533992584 0.05436111111111111 0.057886279357231146
4 0.646787037037037 0.17610630407911002 0.03997222222222222 0.04995055624227441
4 0.6778611111111111 0.5953646477132262 0.06132407407407408 0.06431396786155748
4 0.6886851851851852 0.7822496909765142 0.05310185185185185 0.07257107540173054
4 0.7318333333333333 0.4764894932014833 0.05700925925925926 0.06043263288009889
8 0.567037037037037 0.16021013597033376 0.09885185185185186 0.07757725587144623
11 0.3335740740740741 0.2503831891223733 0.07531481481481482 0.09491965389369593
11 0.2564444444444444 0.31824474660074165 0.04317592592592593 0.09865265760197775
11 0.26510185185185187 0.5449320148331274 0.0866574074074074 0.10954264524103832
11 0.11024999999999999 0.5745982694684796 0.04735185185185185 0.1281211372064277
11 0.20199074074074075 0.7012237330037082 0.07673148148148148 0.12907292954264524
11 0.3930277777777778 0.5819159456118664 0.09390740740740741 0.11171817058096414
11 0.40594444444444444 0.39812113720642767 0.08921296296296295 0.10509270704573546
11 0.5105925925925926 0.4627564894932015 0.07027777777777779 0.10820766378244748
11 0.49516666666666664 0.7124227441285538 0.0495925925925926 0.12431396786155748
11 0.6234814814814815 0.805080346106304 0.0837962962962963 0.11553770086526576
11 0.6337592592592592 0.6266131025957973 0.05928703703703704 0.11765142150803462
11 0.7677222222222222 0.5870333745364648 0.0887962962962963 0.11030902348578492
11 0.7939537037037038 0.40422744128553767 0.06276851851851853 0.11925834363411619
11 0.7070833333333333 0.24208899876390605 0.09109259259259259 0.11326328800988875
11 0.6407592592592593 0.4209270704573547 0.07038888888888889 0.08023485784919654