14 0.5851063829787234 0.5385925085130534 0.8297872340425532 0.9228149829738933
2 0.648936170212766 0.41316685584562995 0.11063829787234042 0.1611804767309875
2 0.6886524822695036 0.6078320090805902 0.1574468085106383 0.1793416572077185
2 0.7609929078014185 0.4619750283768445 0.2170212765957447 0.1282633371169126
2 0.8546099290780141 0.5437003405221339 0.2907801418439716 0.13166855845629966
4 0.5170212765957447 0.5323496027241771 0.11773049645390071 0.15891032917139614
4 0.9609929078014184 0.3104426787741203 0.07801418439716312 0.11237230419977298
4 0.6808510638297872 0.3013620885357548 0.09787234042553192 0.05561861520998865
4 0.7964539007092198 0.35811577752553914 0.08226950354609928 0.06923950056753689
4 0.4595744680851064 0.7968217934165721 0.12482269503546099 0.07150964812712826
4 0.800709219858156 0.8598183881952327 0.1276595744680851 0.12939841089670828
4 0.922695035460993 0.8053348467650397 0.12198581560283688 0.1112372304199773