14 0.5 0.547537037037037 1 0.749
4 0.28258333333333335 0.5284537037037037 0.22842592592592592 0.2818425925925926
4 0.5027962962962963 0.3518611111111111 0.14725 0.2071574074074074
4 0.8051111111111111 0.4904074074074074 0.33519444444444446 0.10389814814814814
4 0.816675925925926 0.27325925925925926 0.16697222222222224 0.15725
4 0.44357407407407407 0.22783333333333333 0.15535185185185185 0.12806481481481483
2 0.6940925925925926 0.5761944444444445 0.19001851851851853 0.10742592592592592
2 0.6511296296296296 0.33658333333333335 0.14858333333333335 0.09950925925925926
2 0.36813888888888885 0.4714074074074074 0.1511111111111111 0.0577037037037037
2 0.3899166666666667 0.22448148148148148 0.10437962962962963 0.10049074074074074
2 0.7145462962962963 0.26419444444444445 0.1301574074074074 0.09058333333333334
2 0.9186666666666666 0.32208333333333333 0.03726851851851852 0.07742592592592593