14 0.5147887323943662 0.5 0.9704225352112676 1
15 0.2971830985915493 0.30704225352112674 0.1267605633802817 0.13380281690140844
15 0.31690140845070425 0.13732394366197184 0.12816901408450704 0.12112676056338029
15 0.5352112676056338 0.22183098591549297 0.11830985915492957 0.12394366197183099
15 0.7211267605633803 0.10774647887323943 0.13943661971830987 0.12816901408450704
15 0.7492957746478873 0.3330985915492958 0.13661971830985917 0.13380281690140844
15 0.5161971830985915 0.37183098591549296 0.13661971830985917 0.1352112676056338
15 0.33098591549295775 0.5218309859154929 0.13098591549295774 0.1295774647887324
15 0.2697183098591549 0.6767605633802817 0.14084507042253522 0.1323943661971831
15 0.43802816901408453 0.7549295774647887 0.13943661971830987 0.13380281690140844
15 0.5408450704225352 0.6154929577464788 0.13943661971830987 0.1323943661971831
15 0.6647887323943662 0.5366197183098591 0.13098591549295774 0.1323943661971831
15 0.7528169014084507 0.7387323943661972 0.1352112676056338 0.13098591549295774
15 0.6049295774647887 0.8830985915492958 0.13098591549295774 0.1323943661971831
8 0.18591549295774648 0.19718309859154928 0.12253521126760564 0.11690140845070422
8 0.17887323943661973 0.39225352112676054 0.11267605633802817 0.10140845070422536
8 0.1908450704225352 0.5725352112676056 0.12816901408450704 0.12394366197183099
8 0.32535211267605635 0.7612676056338028 0.14366197183098592 0.13380281690140844
8 0.45211267605633804 0.8985915492957747 0.1267605633802817 0.13380281690140844
8 0.6267605633802817 0.7873239436619718 0.13943661971830987 0.1
8 0.6711267605633803 0.6542253521126761 0.1323943661971831 0.09154929577464789
8 0.8464788732394366 0.55 0.1591549295774648 0.1295774647887324
8 0.8661971830985915 0.8246478873239437 0.13098591549295774 0.12394366197183099
8 0.4288732394366197 0.6014084507042253 0.11267605633802817 0.15352112676056337
8 0.4147887323943662 0.30915492957746477 0.10422535211267606 0.10845070422535211
8 0.5915492957746479 0.4267605633802817 0.08732394366197183 0.11830985915492957
8 0.7154929577464789 0.25985915492957745 0.12394366197183099 0.09295774647887324
8 0.4535211267605634 0.1028169014084507 0.10845070422535211 0.1267605633802817
10 0.2774647887323944 0.921830985915493 0.07464788732394366 0.08169014084507042
10 0.24929577464788732 0.5873239436619718 0.10140845070422536 0.07746478873239436
10 0.43380281690140843 0.45422535211267606 0.08591549295774648 0.07323943661971831
10 0.5584507042253521 0.5309859154929577 0.0676056338028169 0.05211267605633803
10 0.6830985915492958 0.37816901408450704 0.09295774647887324 0.10140845070422536
10 0.37253521126760564 0.3401408450704225 0.06619718309859154 0.0647887323943662
10 0.1176056338028169 0.321830985915493 0.06338028169014084 0.07464788732394366
10 0.16619718309859155 0.07746478873239436 0.11267605633802817 0.08450704225352113
10 0.5563380281690141 0.04647887323943662 0.07605633802816901 0.08873239436619719
10 0.6176056338028169 0.2028169014084507 0.057746478873239436 0.057746478873239436
10 0.8316901408450704 0.15211267605633802 0.07464788732394366 0.08169014084507042
10 0.8528169014084507 0.4563380281690141 0.08732394366197183 0.08309859154929577
10 0.7887323943661971 0.6450704225352113 0.08873239436619719 0.07323943661971831
10 0.9429577464788732 0.6605633802816901 0.07887323943661972 0.08028169014084507
10 0.8049295774647888 0.9246478873239437 0.15352112676056337 0.09436619718309859