14 0.4773888888888889 0.48875 0.8772962962962964 0.8553425925925926
15 0.257537037037037 0.3150277777777778 0.07578703703703703 0.07152777777777777
15 0.3793055555555555 0.20016666666666666 0.07473148148148148 0.0824074074074074
15 0.5216296296296297 0.2137037037037037 0.07268518518518519 0.07539814814814816
15 0.5374444444444445 0.3073240740740741 0.09027777777777778 0.07416666666666666
15 0.6913888888888889 0.35827777777777775 0.10144444444444445 0.05979629629629629
15 0.6012407407407407 0.40444444444444444 0.07753703703703703 0.08598148148148148
15 0.3477685185185185 0.37017592592592596 0.07581481481481481 0.08158333333333333
15 0.3790277777777778 0.4717222222222222 0.06616666666666667 0.06814814814814814
15 0.24112962962962964 0.5202592592592593 0.08307407407407408 0.054953703703703706
15 0.439 0.5409999999999999 0.05378703703703704 0.08641666666666667
15 0.5223148148148148 0.586574074074074 0.08407407407407406 0.07732407407407407
15 0.6353333333333333 0.5472407407407407 0.06952777777777779 0.06481481481481481
15 0.6448055555555555 0.6393518518518518 0.07244444444444444 0.08664814814814814
15 0.7452962962962962 0.6027592592592593 0.08296296296296296 0.09966666666666667
15 0.301787037037037 0.6956388888888888 0.10214814814814814 0.06889814814814814
15 0.4445185185185185 0.7357037037037036 0.08287037037037037 0.09088888888888888
9 0.6130185185185185 0.17196296296296296 0.04951851851851852 0.05637037037037037
9 0.556675925925926 0.24600925925925926 0.05134259259259259 0.03886111111111111
9 0.22833333333333333 0.40059259259259256 0.051555555555555556 0.050055555555555555
9 0.23766666666666666 0.4484166666666667 0.05260185185185185 0.046814814814814816
9 0.23621296296296299 0.48996296296296293 0.059194444444444445 0.03646296296296297
9 0.36062962962962963 0.4172592592592593 0.04931481481481481 0.03987962962962963
9 0.3221111111111111 0.34755555555555556 0.04136111111111111 0.042851851851851856
9 0.4361759259259259 0.40202777777777776 0.04600925925925926 0.044787037037037035
9 0.4620925925925926 0.4223148148148148 0.04030555555555556 0.046092592592592595
9 0.4488611111111111 0.4617314814814815 0.055129629629629626 0.04364814814814815
9 0.5036574074074075 0.4582777777777778 0.05199074074074074 0.039462962962962964
9 0.4675092592592593 0.5002314814814814 0.051138888888888887 0.043222222222222224
9 0.514212962962963 0.5273148148148148 0.06325925925925925 0.039370370370370375
9 0.4322037037037037 0.6181851851851852 0.05025925925925926 0.043694444444444445
9 0.6737222222222222 0.6821851851851852 0.05587962962962963 0.055842592592592596
9 0.425 0.7838425925925926 0.054814814814814816 0.0512962962962963
9 0.6542407407407408 0.44799074074074074 0.04466666666666667 0.05275
9 0.6743148148148148 0.40449074074074076 0.05501851851851852 0.05106481481481481
9 0.5108703703703704 0.3702037037037037 0.05182407407407407 0.04073148148148149
9 0.5474722222222222 0.3980648148148148 0.045120370370370366 0.04906481481481482
9 0.56225 0.35050000000000003 0.04759259259259259 0.04195370370370371