14 0.4726851851851852 0.5 0.9268518518518518 1
4 0.274537037037037 0.4942434210526316 0.05462962962962963 0.09868421052631579
4 0.33796296296296297 0.3618421052631579 0.058333333333333334 0.06743421052631579
4 0.5837962962962963 0.2779605263157895 0.1287037037037037 0.1299342105263158
4 0.7166666666666667 0.2565789473684211 0.1037037037037037 0.09703947368421052
4 0.46111111111111114 0.24013157894736842 0.07685185185185185 0.08717105263157894
2 0.23703703703703705 0.665296052631579 0.08981481481481482 0.10032894736842106
2 0.3333333333333333 0.2689144736842105 0.062037037037037036 0.07072368421052631
2 0.2101851851851852 0.5361842105263158 0.049074074074074076 0.07894736842105263
2 0.35138888888888886 0.4251644736842105 0.09166666666666666 0.07401315789473684
2 0.5023148148148148 0.33223684210526316 0.03611111111111111 0.10361842105263158
2 0.4842592592592593 0.0912828947368421 0.06759259259259259 0.10855263157894737
2 0.7240740740740741 0.17269736842105263 0.13518518518518519 0.08717105263157894
2 0.6564814814814814 0.3363486842105263 0.08611111111111111 0.15460526315789475
2 0.7601851851851852 0.3511513157894737 0.049074074074074076 0.06578947368421052
2 0.6583333333333333 0.5921052631578947 0.1287037037037037 0.08881578947368421
2 0.4930555555555556 0.602796052631579 0.11018518518518519 0.08881578947368421
11 0.3787037037037037 0.5106907894736842 0.08981481481481482 0.11842105263157894
11 0.2675925925925926 0.7047697368421053 0.10185185185185185 0.13486842105263158
11 0.1648148148148148 0.5197368421052632 0.08981481481481482 0.10032894736842106
11 0.25601851851851853 0.35444078947368424 0.07962962962962963 0.10197368421052631
11 0.43657407407407406 0.6842105263157895 0.09351851851851851 0.12335526315789473
11 0.5550925925925926 0.709703947368421 0.11574074074074074 0.11677631578947369
11 0.41712962962962963 0.08388157894736842 0.06296296296296296 0.06907894736842106
11 0.4388888888888889 0.16036184210526316 0.058333333333333334 0.0805921052631579
11 0.5361111111111111 0.1981907894736842 0.06481481481481481 0.08388157894736842
11 0.5782407407407407 0.09950657894736842 0.06481481481481481 0.08881578947368421
11 0.6203703703703703 0.17269736842105263 0.06296296296296296 0.06907894736842106
11 0.7055555555555556 0.3404605263157895 0.062037037037037036 0.09868421052631579
11 0.7620370370370371 0.4194078947368421 0.08425925925925926 0.08223684210526316
11 0.6689814814814815 0.5049342105263158 0.08148148148148149 0.12664473684210525
11 0.4847222222222222 0.4786184210526316 0.08055555555555556 0.10855263157894737
11 0.5467592592592593 0.37911184210526316 0.08518518518518518 0.06907894736842106
11 0.5666666666666667 0.4152960526315789 0.08796296296296297 0.10526315789473684
11 0.5768518518518518 0.4786184210526316 0.0824074074074074 0.09703947368421052
11 0.3814814814814815 0.2779605263157895 0.06296296296296296 0.0756578947368421