14 0.5541666666666667 0.6302083333333334 0.8916666666666667 0.6729166666666667
3 0.821875 0.753125 0.10625 0.1
3 0.846875 0.5541666666666667 0.12083333333333333 0.10208333333333333
3 0.69375 0.6239583333333333 0.13125 0.0875
3 0.85 0.6427083333333333 0.15 0.08958333333333333
10 0.37916666666666665 0.47291666666666665 0.14166666666666666 0.0625
10 0.290625 0.41875 0.10625 0.04583333333333333
10 0.43333333333333335 0.440625 0.09375 0.07708333333333334
10 0.4791666666666667 0.4979166666666667 0.05416666666666667 0.08333333333333333
10 0.26875 0.5447916666666667 0.05 0.0625
15 0.33541666666666664 0.5145833333333333 0.05625 0.05416666666666667
15 0.31875 0.5552083333333333 0.04583333333333333 0.041666666666666664
15 0.3802083333333333 0.540625 0.04583333333333333 0.04791666666666667