14 0.57275 0.6229791666666666 0.8343958333333333 0.5737083333333334
3 0.8498333333333333 0.7119791666666667 0.094875 0.090125
3 0.8510208333333333 0.5113958333333334 0.11152083333333333 0.08827083333333333
3 0.7072291666666667 0.5999166666666667 0.12341666666666667 0.0728125
3 0.8645625 0.5988541666666667 0.14335416666666667 0.07304166666666667
10 0.3770208333333333 0.487875 0.13560416666666666 0.04597916666666667
10 0.28279166666666666 0.44475 0.10164583333333334 0.03339583333333333
10 0.4268125 0.44927083333333334 0.08545833333333334 0.06620833333333334
10 0.47920833333333335 0.5003541666666667 0.04527083333333334 0.07806249999999999
10 0.2760208333333333 0.5728333333333333 0.042937499999999997 0.05664583333333333
15 0.33791666666666664 0.5346875 0.050291666666666665 0.049291666666666664
15 0.3272291666666666 0.577 0.043166666666666666 0.03883333333333334
15 0.3859375 0.555125 0.04172916666666667 0.042645833333333334