12 0.5 0.5 1 1
12 0.6458333333333334 0.14629629629629629 0.13055555555555556 0.09444444444444444
12 0.49398148148148147 0.10555555555555556 0.24722222222222223 0.2111111111111111
12 0.5143518518518518 0.6699074074074074 0.14814814814814814 0.2324074074074074
12 0.55 0.8763888888888889 0.08703703703703704 0.10185185185185185
12 0.7092592592592593 0.6486111111111111 0.2324074074074074 0.2962962962962963
12 0.11481481481481481 0.4986111111111111 0.15462962962962962 0.2175925925925926
12 0.3449074074074074 0.2439814814814815 0.2638888888888889 0.2212962962962963
12 0.15138888888888888 0.6481481481481481 0.17777777777777778 0.12037037037037036
12 0.6703703703703704 0.2967592592592593 0.1259259259259259 0.07777777777777778
5 0.7111111111111111 0.21388888888888888 0.11388888888888889 0.1388888888888889
5 0.8064814814814815 0.3398148148148148 0.1537037037037037 0.15648148148148147
5 0.6592592592592592 0.5657407407407408 0.14814814814814814 0.16574074074074074
5 0.5694444444444444 0.33796296296296297 0.1388888888888889 0.12777777777777777
5 0.23935185185185184 0.43148148148148147 0.1259259259259259 0.13148148148148148
5 0.4351851851851852 0.5402777777777777 0.15092592592592594 0.12037037037037036
12 0.3226851851851852 0.5796296296296296 0.12037037037037036 0.09166666666666666