12 0.5 0.5 1 1
12 0.4361111111111111 0.12314814814814815 0.1287037037037037 0.08796296296296297
12 0.2800925925925926 0.1587962962962963 0.2388888888888889 0.225
12 0.6023148148148149 0.6365740740740741 0.13518518518518519 0.23055555555555557
12 0.7421296296296296 0.7925925925925926 0.0824074074074074 0.1
12 0.7564814814814815 0.5152777777777777 0.21851851851851853 0.29074074074074074
12 0.1726851851851852 0.7027777777777777 0.14351851851851852 0.21481481481481482
12 0.23287037037037037 0.36527777777777776 0.2574074074074074 0.20925925925925926
12 0.2824074074074074 0.8101851851851852 0.17592592592592593 0.11018518518518519
12 0.5365740740740741 0.2375 0.1259259259259259 0.0712962962962963
5 0.5277777777777778 0.14537037037037037 0.10740740740740741 0.13518518518518519
5 0.675 0.20185185185185187 0.14814814814814814 0.15092592592592594
5 0.6699074074074074 0.47175925925925927 0.14074074074074075 0.16018518518518518
5 0.47314814814814815 0.32592592592592595 0.13425925925925927 0.12222222222222222
5 0.24259259259259258 0.5800925925925926 0.12037037037037036 0.12685185185185185
5 0.4666666666666667 0.5685185185185185 0.14814814814814814 0.11388888888888889
12 0.3921296296296296 0.6615740740740741 0.11851851851851852 0.08518518518518518