14 0.5677083333333334 0.6114583333333333 0.8645833333333334 0.6854166666666667
3 0.8760416666666667 0.6614583333333334 0.10625 0.10208333333333333
3 0.8489583333333334 0.4625 0.12291666666666666 0.10416666666666667
3 0.71875 0.5697916666666667 0.13125 0.08958333333333333
3 0.875 0.546875 0.15 0.09166666666666666
10 0.37604166666666666 0.5052083333333334 0.14166666666666666 0.06458333333333334
10 0.27708333333333335 0.475 0.10625 0.04791666666666667
10 0.42083333333333334 0.46041666666666664 0.09375 0.07708333333333334
10 0.4791666666666667 0.503125 0.05625 0.08541666666666667
10 0.28854166666666664 0.603125 0.052083333333333336 0.0625
15 0.34479166666666666 0.5572916666666666 0.05625 0.05416666666666667
15 0.33958333333333335 0.6 0.04791666666666667 0.04375
15 0.39479166666666665 0.5708333333333333 0.04791666666666667 0.04791666666666667