14 0.5 0.5 1 1
4 0.5814814814814815 0.7950174825174825 0.22685185185185186 0.2945804195804196
11 0.7337962962962963 0.6368006993006993 0.22685185185185186 0.20017482517482518
11 0.5680555555555555 0.5284090909090909 0.24351851851851852 0.2194055944055944
11 0.6412037037037037 0.3728146853146853 0.25092592592592594 0.1993006993006993
11 0.3486111111111111 0.5393356643356644 0.19074074074074074 0.17220279720279721
11 0.4009259259259259 0.40034965034965037 0.17222222222222222 0.16346153846153846
11 0.08101851851851852 0.5620629370629371 0.16203703703703703 0.13986013986013987
11 0.11481481481481481 0.7207167832167832 0.15555555555555556 0.16783216783216784
11 0.34120370370370373 0.7967657342657343 0.28055555555555556 0.2534965034965035
11 0.5032407407407408 0.06555944055944056 0.18055555555555555 0.13111888111888112
11 0.6458333333333334 0.03190559440559441 0.13796296296296295 0.06381118881118882
11 0.18009259259259258 0.3553321678321678 0.1787037037037037 0.145979020979021
11 0.053703703703703705 0.256993006993007 0.10740740740740741 0.09615384615384616
11 0.07314814814814814 0.17089160839160839 0.14629629629629629 0.11276223776223776
11 0.2967592592592593 0.06424825174825174 0.11666666666666667 0.08041958041958042
11 0.7300925925925926 0.22683566433566432 0.175 0.14685314685314685
11 0.3416666666666667 0.3116258741258741 0.16666666666666666 0.10751748251748251
11 0.07453703703703704 0.3894230769230769 0.14907407407407408 0.19143356643356643
11 0.22546296296296298 0.5777972027972028 0.1574074074074074 0.16695804195804195
11 0.24259259259259258 0.44624125874125875 0.15833333333333333 0.12062937062937062
11 0.8425925925925926 0.4090909090909091 0.2175925925925926 0.15996503496503497
11 0.7342592592592593 0.5017482517482518 0.16944444444444445 0.15821678321678323
11 0.7805555555555556 0.04938811188811189 0.1648148148148148 0.09877622377622378
11 0.43796296296296294 0.16477272727272727 0.17407407407407408 0.1145104895104895
11 0.25324074074074077 0.22727272727272727 0.2361111111111111 0.17395104895104896
11 0.45740740740740743 0.2583041958041958 0.14166666666666666 0.13286713286713286
11 0.8736111111111111 0.20498251748251747 0.12037037037037036 0.125
4 0.9171296296296296 0.6979895104895105 0.16574074074074074 0.3715034965034965