14 0.5 0.5 1 1
8 0.1037037037037037 0.4038709677419355 0.05555555555555555 0.06838709677419355
8 0.2111111111111111 0.7070967741935484 0.07314814814814814 0.09548387096774194
8 0.18055555555555555 0.5509677419354839 0.05648148148148148 0.06709677419354838
8 0.21574074074074073 0.4341935483870968 0.044444444444444446 0.06709677419354838
8 0.3148148148148148 0.44129032258064516 0.0787037037037037 0.07483870967741936
8 0.42962962962962964 0.6561290322580645 0.07592592592592592 0.09935483870967741
8 0.4199074074074074 0.8270967741935484 0.04814814814814815 0.07870967741935483
8 0.6212962962962963 0.9051612903225806 0.06851851851851852 0.08387096774193549
8 0.5726851851851852 0.6890322580645162 0.08888888888888889 0.09290322580645162
8 0.6375 0.6529032258064517 0.05648148148148148 0.08516129032258064
8 0.6175925925925926 0.5593548387096774 0.053703703703703705 0.10580645161290322
8 0.6671296296296296 0.5761290322580646 0.04351851851851852 0.0696774193548387
8 0.7361111111111112 0.6735483870967742 0.05648148148148148 0.0696774193548387
8 0.8092592592592592 0.727741935483871 0.046296296296296294 0.06451612903225806
8 0.8523148148148149 0.8290322580645161 0.07407407407407407 0.08774193548387096
8 0.5060185185185185 0.4896774193548387 0.05740740740740741 0.06451612903225806
8 0.40555555555555556 0.4309677419354839 0.03611111111111111 0.05290322580645161
8 0.41435185185185186 0.3709677419354839 0.03888888888888889 0.06193548387096774
8 0.3 0.3638709677419355 0.05277777777777778 0.06838709677419355
8 0.350462962962963 0.2845161290322581 0.10092592592592593 0.07741935483870968
8 0.31666666666666665 0.17290322580645162 0.046296296296296294 0.0567741935483871
8 0.3962962962962963 0.08 0.03796296296296296 0.04516129032258064
8 0.4564814814814815 0.08903225806451613 0.028703703703703703 0.03225806451612903
8 0.5041666666666667 0.08709677419354839 0.03425925925925926 0.03483870967741935
8 0.5064814814814815 0.14580645161290323 0.03796296296296296 0.0567741935483871
8 0.5013888888888889 0.2567741935483871 0.03333333333333333 0.04645161290322581
8 0.5212962962962963 0.3432258064516129 0.05092592592592592 0.06451612903225806
8 0.4587962962962963 0.31290322580645163 0.03796296296296296 0.04516129032258064
8 0.24351851851851852 0.2509677419354839 0.03611111111111111 0.05419354838709677
8 0.7916666666666666 0.5780645161290323 0.040740740740740744 0.06064516129032258
8 0.8527777777777777 0.5883870967741935 0.04814814814814815 0.0567741935483871
8 0.9175925925925926 0.5767741935483871 0.046296296296296294 0.06193548387096774
8 0.8861111111111111 0.49870967741935485 0.05092592592592592 0.05032258064516129
8 0.7592592592592593 0.4670967741935484 0.03888888888888889 0.05161290322580645
8 0.6351851851851852 0.4535483870967742 0.06944444444444445 0.06580645161290323
8 0.6282407407407408 0.34774193548387095 0.05092592592592592 0.05161290322580645
8 0.7763888888888889 0.35870967741935483 0.04814814814814815 0.06064516129032258
8 0.5814814814814815 0.27161290322580645 0.05092592592592592 0.08774193548387096
8 0.9175925925925926 0.37032258064516127 0.03981481481481482 0.05161290322580645
8 0.8425925925925926 0.29612903225806453 0.04259259259259259 0.04258064516129032
8 0.8564814814814815 0.2561290322580645 0.04259259259259259 0.04258064516129032
8 0.7462962962962963 0.16709677419354838 0.03518518518518519 0.04129032258064516
8 0.6837962962962963 0.2167741935483871 0.04259259259259259 0.04645161290322581
8 0.8166666666666667 0.22 0.037037037037037035 0.04516129032258064
8 0.825 0.4458064516129032 0.040740740740740744 0.06580645161290323
8 0.9305555555555556 0.4612903225806452 0.046296296296296294 0.05161290322580645
8 0.6703703703703704 0.18129032258064517 0.07407407407407407 0.05161290322580645
8 0.5657407407407408 0.16838709677419356 0.03518518518518519 0.05806451612903226
8 0.7064814814814815 0.3696774193548387 0.046296296296296294 0.05161290322580645
8 0.6541666666666667 0.3858064516129032 0.037037037037037035 0.0567741935483871
12 0.19490740740740742 0.3 0.044444444444444446 0.07354838709677419
12 0.29212962962962963 0.5045161290322581 0.04259259259259259 0.06193548387096774
12 0.3425925925925926 0.535483870967742 0.05092592592592592 0.05548387096774193
12 0.4027777777777778 0.5187096774193548 0.02962962962962963 0.05548387096774193
12 0.43194444444444446 0.46 0.03518518518518519 0.06709677419354838
12 0.5217592592592593 0.447741935483871 0.049074074074074076 0.05806451612903226
12 0.46064814814814814 0.22258064516129034 0.06018518518518518 0.06322580645161291
12 0.6481481481481481 0.2167741935483871 0.02962962962962963 0.04645161290322581
12 0.4162037037037037 0.7258064516129032 0.030555555555555555 0.05419354838709677
12 0.3106481481481482 0.7116129032258065 0.040740740740740744 0.06709677419354838
12 0.7865740740740741 0.4038709677419355 0.025 0.03612903225806452
12 0.8050925925925926 0.4638709677419355 0.03518518518518519 0.04129032258064516
4 0.4787037037037037 0.7987096774193548 0.08981481481481482 0.2129032258064516
4 0.2023148148148148 0.22580645161290322 0.05648148148148148 0.09806451612903226
4 0.4199074074074074 0.2974193548387097 0.04259259259259259 0.08258064516129032
4 0.4476851851851852 0.14967741935483872 0.07962962962962963 0.07741935483870968
4 0.9189814814814815 0.7625806451612903 0.07592592592592592 0.1135483870967742
4 0.46111111111111114 0.5580645161290323 0.0824074074074074 0.09032258064516129