14 0.5 0.5 1 1
2 0.30648148148148147 0.28935185185185186 0.0962962962962963 0.1
2 0.7291666666666666 0.3347222222222222 0.075 0.09907407407407408
2 0.5893518518518519 0.17314814814814813 0.08055555555555556 0.13425925925925927
2 0.6537037037037037 0.37962962962962965 0.04351851851851852 0.09166666666666666
2 0.6370370370370371 0.47962962962962963 0.13703703703703704 0.1175925925925926
2 0.5351851851851852 0.5236111111111111 0.11574074074074074 0.10925925925925926
2 0.37824074074074077 0.6476851851851851 0.10833333333333334 0.06759259259259259
2 0.6365740740740741 0.825 0.10833333333333334 0.13240740740740742
4 0.47314814814814815 0.7703703703703704 0.09166666666666666 0.15648148148148147
4 0.7402777777777778 0.6620370370370371 0.11388888888888889 0.10555555555555556
4 0.7773148148148148 0.5282407407407408 0.09074074074074075 0.03981481481481482
4 0.3189814814814815 0.38842592592592595 0.07685185185185185 0.10277777777777777
4 0.3768518518518518 0.5782407407407407 0.14722222222222223 0.08425925925925926
4 0.27685185185185185 0.6453703703703704 0.06851851851851852 0.08148148148148149
4 0.25 0.7481481481481481 0.058333333333333334 0.03981481481481482
4 0.5805555555555556 0.3537037037037037 0.08796296296296297 0.06296296296296296
4 0.4875 0.22777777777777777 0.03888888888888889 0.08888888888888889