14 0.47453703703703703 0.562037037037037 0.9490740740740741 0.7444444444444445
2 0.7162037037037037 0.7319444444444444 0.14351851851851852 0.09722222222222222
2 0.7606481481481482 0.49537037037037035 0.04722222222222222 0.02962962962962963
2 0.5439814814814815 0.4083333333333333 0.04351851851851852 0.02962962962962963
2 0.5527777777777778 0.5527777777777778 0.037037037037037035 0.03611111111111111
2 0.5185185185185185 0.5796296296296296 0.06666666666666667 0.028703703703703703
2 0.36944444444444446 0.638425925925926 0.03888888888888889 0.046296296296296294
4 0.45 0.4736111111111111 0.10555555555555556 0.15092592592592594
4 0.5694444444444444 0.4842592592592593 0.075 0.07314814814814814
4 0.42777777777777776 0.6143518518518518 0.04722222222222222 0.046296296296296294
4 0.6615740740740741 0.6296296296296297 0.06018518518518518 0.044444444444444446
4 0.725 0.6601851851851852 0.044444444444444446 0.03518518518518519
4 0.7861111111111111 0.674074074074074 0.037037037037037035 0.02962962962962963