14 0.5051666666666667 0.49657407407407406 0.9584814814814816 0.9227777777777778
2 0.32935185185185184 0.2702314814814815 0.08693518518518518 0.09174074074074073
2 0.7450648148148148 0.35953703703703704 0.06576851851851852 0.09237037037037038
2 0.6228981481481481 0.18421296296296294 0.0675462962962963 0.12846296296296297
2 0.6653055555555555 0.3964722222222222 0.0337037037037037 0.08933333333333333
2 0.6381666666666667 0.4942407407407407 0.12664814814814815 0.10467592592592592
2 0.5323703703703704 0.5273055555555556 0.10623148148148148 0.0982962962962963
2 0.36362962962962964 0.6343518518518518 0.10275 0.05748148148148148
2 0.6018055555555556 0.8376851851851852 0.09567592592592593 0.12355555555555556
4 0.4451481481481481 0.7659444444444444 0.07680555555555556 0.1492777777777778
4 0.7218796296296296 0.6864166666666667 0.10510185185185186 0.09569444444444444
4 0.772638888888889 0.5569722222222222 0.0879537037037037 0.03017592592592593
4 0.33143518518518517 0.37021296296296297 0.0669351851851852 0.09614814814814815
4 0.36933333333333335 0.5649907407407407 0.14053703703703704 0.07037962962962964
4 0.2628888888888889 0.6213425925925925 0.061675925925925926 0.07541666666666667
4 0.2256388888888889 0.7207685185185184 0.05530555555555555 0.034740740740740746
4 0.595212962962963 0.36274999999999996 0.08249074074074074 0.05484259259259259
4 0.5161203703703704 0.22817592592592592 0.029768518518518517 0.08674074074074074