14 0.5 0.5 1 1
4 0.6759259259259259 0.42 0.3388888888888889 0.3037037037037037
2 0.36527777777777776 0.18 0.16574074074074074 0.06814814814814815
2 0.725925925925926 0.2696296296296296 0.0824074074074074 0.05925925925925926
2 0.8782407407407408 0.42592592592592593 0.09537037037037037 0.08814814814814814
2 0.324537037037037 0.7222222222222222 0.1787037037037037 0.15259259259259259
2 0.787962962962963 0.9055555555555556 0.125 0.10740740740740741
2 0.9069444444444444 0.6481481481481481 0.06481481481481481 0.08296296296296296
15 0.5847222222222223 0.20962962962962964 0.12037037037037036 0.10962962962962963
15 0.15092592592592594 0.42407407407407405 0.20925925925925926 0.16814814814814816
15 0.20879629629629629 0.5292592592592592 0.15833333333333333 0.09037037037037036
15 0.13703703703703704 0.5896296296296296 0.10925925925925926 0.11185185185185186
15 0.41203703703703703 0.5811111111111111 0.13240740740740742 0.07407407407407407
15 0.7263888888888889 0.7959259259259259 0.16296296296296298 0.1637037037037037
15 0.487962962962963 0.8059259259259259 0.1175925925925926 0.1259259259259259
15 0.36712962962962964 0.8007407407407408 0.0962962962962963 0.0962962962962963
15 0.32083333333333336 0.07444444444444444 0.09166666666666666 0.06444444444444444
15 0.4625 0.2696296296296296 0.09722222222222222 0.07333333333333333
15 0.6685185185185185 0.8985185185185185 0.0824074074074074 0.10222222222222223
15 0.47129629629629627 0.6370370370370371 0.08981481481481482 0.05555555555555555
15 0.9518518518518518 0.5511111111111111 0.06481481481481481 0.07777777777777778
15 0.8652777777777778 0.33444444444444443 0.09444444444444444 0.09111111111111111
2 0.3731481481481482 0.41814814814814816 0.287962962962963 0.24074074074074073
2 0.6069444444444444 0.6092592592592593 0.17407407407407408 0.20666666666666667