14 0.12453703703703704 0.3074074074074074 0.23796296296296296 0.27685185185185185
14 0.45092592592592595 0.10046296296296296 0.5972222222222222 0.17685185185185184
14 0.9662037037037037 0.12685185185185185 0.06759259259259259 0.18703703703703703
11 0.45231481481481484 0.7273148148148149 0.9046296296296297 0.5453703703703704
11 0.22268518518518518 0.549074074074074 0.10833333333333334 0.06388888888888888
11 0.5027777777777778 0.5361111111111111 0.11018518518518519 0.06851851851851852
11 0.5023148148148148 0.6060185185185185 0.1 0.07222222222222222
11 0.6916666666666667 0.6240740740740741 0.11296296296296296 0.062037037037037036
11 0.6958333333333333 0.6861111111111111 0.12314814814814815 0.06666666666666667
11 0.5796296296296296 0.6759259259259259 0.10648148148148148 0.0787037037037037
11 0.5481481481481482 0.7444444444444445 0.06296296296296296 0.05
11 0.736574074074074 0.7828703703703703 0.12407407407407407 0.09537037037037037
11 0.5199074074074074 0.7916666666666666 0.1037037037037037 0.06666666666666667
11 0.6736111111111112 0.8722222222222222 0.13703703703703704 0.09259259259259259
11 0.5356481481481481 0.8986111111111111 0.11203703703703703 0.0962962962962963
11 0.4166666666666667 0.8606481481481482 0.11574074074074074 0.07777777777777778
11 0.30833333333333335 0.8587962962962963 0.10277777777777777 0.08888888888888889
11 0.3087962962962963 0.9444444444444444 0.1361111111111111 0.08796296296296297
11 0.4439814814814815 0.9560185185185185 0.13055555555555556 0.08796296296296297
11 0.11527777777777778 0.6148148148148148 0.11944444444444445 0.07222222222222222
11 0.22037037037037038 0.6282407407407408 0.07685185185185185 0.05740740740740741
11 0.30972222222222223 0.6546296296296297 0.0824074074074074 0.05185185185185185
11 0.3648148148148148 0.5958333333333333 0.08981481481481482 0.062037037037037036
11 0.2023148148148148 0.7199074074074074 0.10462962962962963 0.044444444444444446
11 0.1111111111111111 0.7828703703703703 0.11574074074074074 0.04814814814814815
12 0.10138888888888889 0.6976851851851852 0.07592592592592592 0.05740740740740741
12 0.22592592592592592 0.5736111111111111 0.05740740740740741 0.04722222222222222
12 0.30787037037037035 0.6083333333333333 0.08148148148148149 0.04722222222222222
12 0.34120370370370373 0.5157407407407407 0.06111111111111111 0.06759259259259259
12 0.5981481481481481 0.5861111111111111 0.07222222222222222 0.041666666666666664
12 0.5083333333333333 0.6861111111111111 0.09444444444444444 0.06111111111111111
12 0.6194444444444445 0.7314814814814815 0.0787037037037037 0.05740740740740741
12 0.42314814814814816 0.7490740740740741 0.075 0.053703703703703705
12 0.44074074074074077 0.8 0.13148148148148148 0.07314814814814814
12 0.2791666666666667 0.7759259259259259 0.0962962962962963 0.062037037037037036
12 0.19166666666666668 0.8342592592592593 0.1111111111111111 0.06574074074074074