14 0.4986111111111111 0.4722222222222222 0.950925925925926 0.8046296296296296
15 0.44583333333333336 0.1476851851851852 0.09814814814814815 0.04537037037037037
15 0.8819444444444444 0.6375 0.1675925925925926 0.07685185185185185
15 0.7222222222222222 0.44305555555555554 0.1175925925925926 0.09351851851851851
15 0.48842592592592593 0.7412037037037037 0.18055555555555555 0.06759259259259259
15 0.1814814814814815 0.6310185185185185 0.11851851851851852 0.09074074074074075
15 0.06435185185185185 0.4888888888888889 0.04351851851851852 0.06388888888888888
15 0.05462962962962963 0.3648148148148148 0.040740740740740744 0.05
15 0.22546296296296298 0.1925925925925926 0.05277777777777778 0.027777777777777776
15 0.4652777777777778 0.20787037037037037 0.08703703703703704 0.03333333333333333
15 0.4875 0.2773148148148148 0.06111111111111111 0.05925925925925926
15 0.5300925925925926 0.3388888888888889 0.06296296296296296 0.06944444444444445
15 0.3287037037037037 0.3888888888888889 0.05277777777777778 0.049074074074074076
15 0.5842592592592593 0.4111111111111111 0.13518518518518519 0.062037037037037036
15 0.6638888888888889 0.3138888888888889 0.041666666666666664 0.0787037037037037
15 0.5625 0.2388888888888889 0.09537037037037037 0.046296296296296294
15 0.6416666666666667 0.15324074074074073 0.09259259259259259 0.04537037037037037
15 0.6912037037037037 0.21805555555555556 0.07777777777777778 0.05555555555555555
15 0.8097222222222222 0.1726851851851852 0.0712962962962963 0.05462962962962963
15 0.3972222222222222 0.5226851851851851 0.15092592592592594 0.053703703703703705
12 0.47824074074074074 0.6902777777777778 0.1 0.07037037037037037
12 0.39166666666666666 0.7074074074074074 0.09722222222222222 0.062037037037037036
12 0.3439814814814815 0.5847222222222223 0.06018518518518518 0.04537037037037037
12 0.4736111111111111 0.5722222222222222 0.06851851851851852 0.032407407407407406
12 0.46805555555555556 0.4925925925925926 0.05 0.028703703703703703
12 0.45601851851851855 0.41759259259259257 0.06851851851851852 0.03148148148148148
12 0.399537037037037 0.43796296296296294 0.062037037037037036 0.026851851851851852
12 0.2675925925925926 0.5212962962962963 0.05 0.02962962962962963
12 0.11481481481481481 0.4759259259259259 0.058333333333333334 0.030555555555555555
12 0.125 0.5106481481481482 0.06944444444444445 0.03981481481481482
12 0.1175925925925926 0.399537037037037 0.11203703703703703 0.03981481481481482
12 0.13796296296296295 0.31296296296296294 0.03611111111111111 0.025
12 0.4449074074074074 0.26435185185185184 0.049074074074074076 0.03148148148148148
12 0.39444444444444443 0.3236111111111111 0.05185185185185185 0.022222222222222223
12 0.31805555555555554 0.2222222222222222 0.03333333333333333 0.03148148148148148
12 0.29074074074074074 0.2439814814814815 0.040740740740740744 0.021296296296296296
12 0.3527777777777778 0.2814814814814815 0.06388888888888888 0.030555555555555555
12 0.3958333333333333 0.325 0.049074074074074076 0.025
12 0.10416666666666667 0.3476851851851852 0.049074074074074076 0.022222222222222223
10 0.39675925925925926 0.20694444444444443 0.05092592592592592 0.04259259259259259
10 0.35324074074074074 0.17222222222222222 0.044444444444444446 0.049074074074074076
10 0.18101851851851852 0.31527777777777777 0.049074074074074076 0.11574074074074074
10 0.22592592592592592 0.2462962962962963 0.08981481481481482 0.023148148148148147
10 0.18287037037037038 0.43842592592592594 0.08981481481481482 0.07314814814814814
10 0.2300925925925926 0.35509259259259257 0.07222222222222222 0.08148148148148149
10 0.07268518518518519 0.4356481481481482 0.05648148148148148 0.04351851851851852
10 0.4287037037037037 0.3685185185185185 0.12685185185185185 0.06018518518518518
10 0.19722222222222222 0.5087962962962963 0.09351851851851851 0.08425925925925926
10 0.2824074074074074 0.674537037037037 0.09166666666666666 0.09537037037037037
10 0.35648148148148145 0.6472222222222223 0.07685185185185185 0.09166666666666666
10 0.43148148148148147 0.6328703703703704 0.08333333333333333 0.08518518518518518
10 0.37824074074074077 0.5449074074074074 0.17962962962962964 0.06481481481481481
10 0.4310185185185185 0.4564814814814815 0.13055555555555556 0.05185185185185185
10 0.39814814814814814 0.2726851851851852 0.05185185185185185 0.075
10 0.2884259259259259 0.2824074074074074 0.06944444444444445 0.05555555555555555
10 0.35694444444444445 0.23194444444444445 0.03611111111111111 0.06388888888888888
4 0.5875 0.6305555555555555 0.075 0.10833333333333334
4 0.6643518518518519 0.649537037037037 0.06851851851851852 0.0824074074074074
4 0.5814814814814815 0.5032407407407408 0.053703703703703705 0.0787037037037037
4 0.7453703703703703 0.3314814814814815 0.04351851851851852 0.044444444444444446
4 0.524074074074074 0.1587962962962963 0.030555555555555555 0.03611111111111111
4 0.5300925925925926 0.20833333333333334 0.027777777777777776 0.028703703703703703
4 0.6064814814814815 0.19212962962962962 0.05 0.06018518518518518
4 0.7194444444444444 0.16574074074074074 0.044444444444444446 0.03888888888888889
4 0.7490740740740741 0.2375 0.03425925925925926 0.04259259259259259
4 0.8101851851851852 0.2564814814814815 0.03888888888888889 0.04259259259259259
4 0.6722222222222223 0.5736111111111111 0.08148148148148149 0.03333333333333333
4 0.8592592592592593 0.5509259259259259 0.06296296296296296 0.053703703703703705
4 0.9078703703703703 0.4134259259259259 0.09166666666666666 0.025925925925925925
4 0.8592592592592593 0.26666666666666666 0.03611111111111111 0.02962962962962963
4 0.8537037037037037 0.20601851851851852 0.03796296296296296 0.021296296296296296
4 0.6092592592592593 0.35185185185185186 0.06481481481481481 0.053703703703703705
4 0.8587962962962963 0.4634259259259259 0.10833333333333334 0.03888888888888889