14 0.5006574074074075 0.472 0.9006574074074074 0.7432500000000001
15 0.4706666666666667 0.1448425925925926 0.09551851851851852 0.03888888888888889
15 0.871537037037037 0.6636851851851852 0.16346296296296295 0.06542592592592593
15 0.7256296296296296 0.45885185185185184 0.11161111111111112 0.08600925925925926
15 0.4716388888888889 0.7398888888888889 0.17724074074074073 0.055574074074074074
15 0.1730925925925926 0.6083888888888889 0.11262037037037037 0.08280555555555556
15 0.06626851851851852 0.4585092592592593 0.039314814814814816 0.06155555555555556
15 0.06512962962962963 0.3341851851851852 0.037037037037037035 0.04739814814814815
15 0.24759259259259256 0.17434259259259258 0.051370370370370365 0.023712962962962963
15 0.4859259259259259 0.20610185185185184 0.08469444444444445 0.027824074074074074
15 0.5031759259259259 0.2771666666666666 0.057490740740740745 0.05567592592592593
15 0.5412222222222222 0.3416018518518519 0.05817592592592592 0.06571296296296296
15 0.33705555555555555 0.37725000000000003 0.049749999999999996 0.045592592592592594
15 0.590462962962963 0.41724074074074075 0.1315185185185185 0.052675925925925925
15 0.6765092592592593 0.3256203703703704 0.03621296296296296 0.0759537037037037
15 0.5804166666666667 0.24403703703703705 0.09312962962962963 0.03969444444444444
15 0.6654166666666667 0.16383333333333333 0.08946296296296297 0.03925925925925926
15 0.7104351851851851 0.2322685185185185 0.07437037037037036 0.05043518518518519
15 0.8316666666666667 0.19525 0.06772222222222223 0.04952777777777778
15 0.39578703703703705 0.5152685185185185 0.14814814814814814 0.04401851851851852
12 0.46501851851851855 0.688138888888889 0.09543518518518518 0.0640462962962963
12 0.3772685185185185 0.6993425925925926 0.09362037037037037 0.05523148148148148
12 0.33864814814814814 0.5736666666666667 0.05752777777777778 0.04148148148148148
12 0.46867592592592594 0.5703518518518519 0.0661851851851852 0.027546296296296298
12 0.46867592592592594 0.4904907407407408 0.04790740740740741 0.025009259259259262
12 0.4620462962962963 0.4145185185185185 0.06663888888888889 0.026425925925925926
12 0.40400925925925923 0.4309722222222222 0.06024999999999999 0.022768518518518518
12 0.26655555555555555 0.5048888888888888 0.04816666666666667 0.02662962962962963
12 0.11733333333333333 0.44901851851851854 0.05596296296296296 0.026879629629629632
12 0.12533333333333335 0.4844444444444445 0.06738888888888889 0.034833333333333334
12 0.12544444444444444 0.37304629629629626 0.11102777777777778 0.03261111111111111
12 0.15207407407407408 0.2882685185185185 0.03401851851851852 0.023037037037037036
12 0.46159259259259255 0.2612685185185185 0.04744444444444445 0.028444444444444442
12 0.4070925925925926 0.3166759259259259 0.05042592592592593 0.01814814814814815
12 0.33808333333333335 0.2104259259259259 0.031240740740740743 0.02960185185185185
12 0.30917592592592597 0.22985185185185186 0.039703703703703706 0.018175925925925925
12 0.3683611111111111 0.2716851851851852 0.062092592592592595 0.026425925925925926
12 0.4082314814814815 0.3181851851851852 0.04813888888888889 0.02115740740740741
12 0.11574074074074074 0.3203518518518519 0.04819444444444444 0.01864814814814815
10 0.41737037037037034 0.20038888888888887 0.04813888888888889 0.03925
10 0.3765833333333333 0.16291666666666665 0.04198148148148149 0.04657407407407407
10 0.19480555555555554 0.29326851851851854 0.041777777777777775 0.11301851851851852
10 0.2445 0.22803703703703704 0.08862037037037036 0.016842592592592593
10 0.18783333333333335 0.41655555555555557 0.08497222222222221 0.06775925925925927
10 0.24062037037037037 0.3368148148148148 0.06713888888888889 0.07641666666666667
10 0.07837962962962963 0.40603703703703703 0.0534537037037037 0.039185185185185184
10 0.43806481481481485 0.3638888888888889 0.12301851851851853 0.051972222222222225
10 0.1973148148148148 0.4877314814814815 0.08794444444444445 0.07851851851851852
10 0.27055555555555555 0.6589907407407408 0.08587037037037036 0.09022222222222222
10 0.34653703703703703 0.6369444444444444 0.07100000000000001 0.08633333333333333
10 0.422287037037037 0.6279166666666667 0.07852777777777778 0.07925
10 0.3752037037037037 0.5362777777777777 0.17634259259259258 0.05285185185185185
10 0.43427777777777776 0.4517407407407407 0.12765740740740741 0.04309259259259259
10 0.4143981481481482 0.26608333333333334 0.046768518518518515 0.07236111111111111
10 0.30414814814814817 0.26837962962962963 0.06621296296296297 0.051027777777777776
10 0.37612962962962965 0.2227962962962963 0.03192592592592592 0.06221296296296296
4 0.5782407407407407 0.6363703703703704 0.06822222222222223 0.10347222222222222
4 0.6536574074074074 0.6608055555555555 0.0636388888888889 0.0779537037037037
4 0.5808703703703704 0.5090833333333333 0.0483425925925926 0.07616666666666667
4 0.7564814814814815 0.34902777777777777 0.040768518518518516 0.04171296296296296
4 0.5479722222222222 0.1615462962962963 0.02824074074074074 0.03468518518518519
4 0.5501388888888888 0.21125 0.025722222222222223 0.026675925925925926
4 0.6277222222222223 0.20038888888888887 0.046046296296296294 0.05752777777777778
4 0.7422037037037037 0.18176851851851852 0.04191666666666667 0.03627777777777778
4 0.7666574074074074 0.2556851851851852 0.03139814814814815 0.04013888888888889
4 0.8262962962962963 0.278537037037037 0.03641666666666667 0.04013888888888889
4 0.6664537037037037 0.5854074074074074 0.08009259259259259 0.027703703703703706
4 0.8549722222222222 0.576037037037037 0.05949074074074074 0.05010185185185185
4 0.9131296296296296 0.44213888888888886 0.09124074074074075 0.01998148148148148
4 0.8746296296296296 0.29247222222222224 0.03480555555555556 0.026879629629629632
4 0.8734814814814815 0.23147222222222222 0.037092592592592594 0.01912962962962963
4 0.6192592592592592 0.35976851851851854 0.061129629629629624 0.04948148148148148
4 0.8604537037037037 0.4887592592592593 0.10701851851851851 0.030935185185185184