14 0.16342592592592592 0.24537037037037038 0.2777777777777778 0.30925925925925923
14 0.5208333333333334 0.1175925925925926 0.6083333333333333 0.2351851851851852
14 0.9875 0.2162037037037037 0.025 0.19722222222222222
11 0.44907407407407407 0.6847222222222222 0.8981481481481481 0.6305555555555555
11 0.21851851851851853 0.500462962962963 0.11574074074074074 0.08055555555555556
11 0.4962962962962963 0.5361111111111111 0.11851851851851852 0.08518518518518518
11 0.4837962962962963 0.6046296296296296 0.10925925925925926 0.08796296296296297
11 0.6671296296296296 0.6555555555555556 0.12037037037037036 0.07962962962962963
11 0.6606481481481481 0.7175925925925926 0.13055555555555556 0.08611111111111111
11 0.5481481481481482 0.6875 0.11666666666666667 0.09444444444444444
11 0.5050925925925925 0.7490740740740741 0.06944444444444445 0.05925925925925926
11 0.6837962962962963 0.8194444444444444 0.1361111111111111 0.11388888888888889
11 0.4689814814814815 0.7902777777777777 0.11203703703703703 0.0824074074074074
11 0.6060185185185185 0.8967592592592593 0.14814814814814814 0.11388888888888889
11 0.46574074074074073 0.899074074074074 0.125 0.11296296296296296
11 0.35509259259259257 0.8407407407407408 0.1259259259259259 0.09537037037037037
11 0.2490740740740741 0.8203703703703704 0.11481481481481481 0.1037037037037037
11 0.23425925925925925 0.9046296296296297 0.14722222222222223 0.10925925925925926
11 0.36574074074074076 0.9398148148148148 0.1425925925925926 0.10925925925925926
11 0.10138888888888889 0.5458333333333333 0.12777777777777777 0.09074074074074075
11 0.2023148148148148 0.5777777777777777 0.08425925925925926 0.06944444444444445
11 0.28564814814814815 0.6194444444444445 0.08888888888888889 0.06388888888888888
11 0.35 0.5708333333333333 0.09814814814814815 0.07592592592592592
11 0.1685185185185185 0.6648148148148149 0.10925925925925926 0.06111111111111111
11 0.06759259259259259 0.7111111111111111 0.12037037037037036 0.06759259259259259
12 0.07314814814814814 0.625462962962963 0.08333333333333333 0.06851851851851852
12 0.21712962962962962 0.525 0.06388888888888888 0.05555555555555555
12 0.29212962962962963 0.5736111111111111 0.08703703703703704 0.05925925925925926
12 0.34120370370370373 0.487962962962963 0.0712962962962963 0.07592592592592592
12 0.5814814814814815 0.6018518518518519 0.07685185185185185 0.05277777777777778
12 0.4759259259259259 0.6847222222222222 0.10185185185185185 0.07592592592592592
12 0.5773148148148148 0.7490740740740741 0.08611111111111111 0.06944444444444445
12 0.38101851851851853 0.7319444444444444 0.08148148148148149 0.06481481481481481
12 0.38981481481481484 0.7851851851851852 0.1398148148148148 0.09351851851851851
12 0.23472222222222222 0.7333333333333333 0.1037037037037037 0.07685185185185185
12 0.13842592592592592 0.7754629629629629 0.11944444444444445 0.08333333333333333