14 0.5 0.5 1 1
10 0.7199074074074074 0.41064814814814815 0.14722222222222223 0.26851851851851855
10 0.9310185185185185 0.2490740740740741 0.13796296296296295 0.08333333333333333
10 0.39444444444444443 0.30324074074074076 0.06574074074074074 0.14351851851851852
10 0.18472222222222223 0.5717592592592593 0.16666666666666666 0.09444444444444444
10 0.3189814814814815 0.7092592592592593 0.18611111111111112 0.16574074074074074
12 0.8430555555555556 0.12685185185185185 0.13148148148148148 0.07592592592592592
12 0.600462962962963 0.7824074074074074 0.09814814814814815 0.08518518518518518
2 0.5462962962962963 0.4078703703703704 0.062037037037037036 0.1
2 0.3680555555555556 0.11018518518518519 0.1685185185185185 0.1574074074074074
4 0.2273148148148148 0.3 0.19722222222222222 0.28055555555555556
4 0.1439814814814815 0.3787037037037037 0.16203703703703703 0.18518518518518517
4 0.6263888888888889 0.16203703703703703 0.16666666666666666 0.1287037037037037
4 0.45416666666666666 0.5675925925925925 0.1648148148148148 0.2212962962962963
4 0.11805555555555555 0.7435185185185185 0.2361111111111111 0.2518518518518518
4 0.6074074074074074 0.5546296296296296 0.14907407407407408 0.1388888888888889
4 0.48657407407407405 0.8652777777777778 0.19907407407407407 0.20833333333333334
6 0.4527777777777778 0.3662037037037037 0.08703703703703704 0.09537037037037037
6 0.14537037037037037 0.1486111111111111 0.06481481481481481 0.10092592592592593
6 0.45555555555555555 0.1865740740740741 0.05092592592592592 0.05648148148148148
6 0.8819444444444444 0.25925925925925924 0.06481481481481481 0.06574074074074074
6 0.924074074074074 0.2824074074074074 0.05648148148148148 0.06111111111111111
6 0.9712962962962963 0.21851851851851853 0.05740740740740741 0.06111111111111111
6 0.8652777777777778 0.45601851851851855 0.0712962962962963 0.075
6 0.7055555555555556 0.41944444444444445 0.05555555555555555 0.053703703703703705
6 0.4597222222222222 0.587037037037037 0.0712962962962963 0.08055555555555556
6 0.4273148148148148 0.7898148148148149 0.08981481481481482 0.08148148148148149
6 0.3675925925925926 0.8731481481481481 0.06944444444444445 0.08333333333333333
6 0.2712962962962963 0.04027777777777778 0.07222222222222222 0.0787037037037037