14 0.5 0.579126213592233 1 0.7776699029126214
4 0.24351851851851852 0.591747572815534 0.1111111111111111 0.29902912621359223
4 0.2861111111111111 0.37475728155339805 0.08888888888888889 0.12524271844660195
4 0.41435185185185186 0.4703883495145631 0.11851851851851852 0.11650485436893204
4 0.5087962962962963 0.6427184466019418 0.1425925925925926 0.1912621359223301
4 0.8537037037037037 0.5296116504854369 0.17407407407407408 0.15825242718446603
4 0.6430555555555556 0.5131067961165049 0.08333333333333333 0.07864077669902912
15 0.7111111111111111 0.33349514563106797 0.2388888888888889 0.1145631067961165
15 0.40879629629629627 0.5432038834951456 0.2111111111111111 0.14660194174757282
15 0.6458333333333334 0.4407766990291262 0.18333333333333332 0.10582524271844661
15 0.4351851851851852 0.308252427184466 0.05462962962962963 0.06019417475728155