14 0.5007685185185186 0.5009722222222222 0.9080185185185184 0.8991666666666667
10 0.6989351851851852 0.37025925925925923 0.10064814814814815 0.2534722222222222
10 0.8771574074074074 0.17122222222222222 0.13302777777777777 0.05912037037037037
10 0.3586944444444444 0.3272314814814815 0.04052777777777778 0.13812037037037037
10 0.20407407407407407 0.6306481481481482 0.15721296296296294 0.06592592592592593
10 0.36215740740740743 0.7398796296296297 0.16320370370370368 0.13625
12 0.7655925925925926 0.06847222222222223 0.12286111111111112 0.0537962962962963
12 0.6524166666666666 0.7579444444444445 0.08630555555555555 0.07050925925925926
2 0.5281203703703704 0.4008333333333333 0.04605555555555556 0.09277777777777778
2 0.2961944444444444 0.14251851851851852 0.14700925925925926 0.1313425925925926
4 0.1941203703703704 0.3556759259259259 0.15119444444444444 0.256712962962963
4 0.12722222222222224 0.4489814814814815 0.13315740740740742 0.16315740740740742
4 0.5593611111111111 0.14414814814814816 0.1502037037037037 0.10217592592592592
4 0.4679351851851852 0.5748611111111112 0.1293888888888889 0.19971296296296295
4 0.15916666666666668 0.814861111111111 0.22480555555555554 0.2121388888888889
4 0.6160740740740741 0.5332037037037037 0.12937037037037036 0.1164074074074074
4 0.5563518518518519 0.8609259259259259 0.16733333333333333 0.17925925925925926
6 0.42789814814814814 0.3776759259259259 0.07246296296296297 0.08312962962962964
6 0.08463888888888889 0.22283333333333333 0.04798148148148148 0.09289814814814815
6 0.39664814814814814 0.20062037037037037 0.042379629629629635 0.048462962962962965
6 0.8290185185185186 0.19089814814814815 0.05525925925925926 0.056796296296296296
6 0.8748518518518519 0.20525925925925925 0.047518518518518515 0.053370370370370374
6 0.9141944444444445 0.1325740740740741 0.0589537037037037 0.05125925925925926
6 0.8503148148148149 0.38693518518518516 0.06081481481481482 0.0646111111111111
6 0.6864444444444444 0.38184259259259257 0.04787962962962963 0.04516666666666667
6 0.476962962962963 0.5933796296296296 0.05949074074074074 0.07010185185185185
6 0.4841388888888889 0.798212962962963 0.07847222222222222 0.06772222222222223
6 0.4410925925925926 0.8914814814814814 0.057185185185185186 0.07371296296296297
6 0.18787037037037038 0.09253703703703703 0.06 0.06839814814814815