14 0.6402777777777777 0.5944444444444444 0.7194444444444444 0.8111111111111111
12 0.4537037037037037 0.4337962962962963 0.06388888888888888 0.06851851851851852
12 0.8523148148148149 0.32037037037037036 0.041666666666666664 0.05277777777777778
12 0.9662037037037037 0.49212962962962964 0.06759259259259259 0.09351851851851851
12 0.6949074074074074 0.7662037037037037 0.04814814814814815 0.06018518518518518
12 0.6587962962962963 0.8092592592592592 0.05277777777777778 0.04722222222222222
12 0.8787037037037037 0.7518518518518519 0.07777777777777778 0.09166666666666666
12 0.4777777777777778 0.861574074074074 0.06759259259259259 0.07407407407407407
12 0.5995370370370371 0.9814814814814815 0.062037037037037036 0.037037037037037035
12 0.6958333333333333 0.5675925925925925 0.04259259259259259 0.03611111111111111
12 0.4828703703703704 0.7587962962962963 0.06296296296296296 0.058333333333333334
3 0.3824074074074074 0.5879629629629629 0.11481481481481481 0.08055555555555556
3 0.5263888888888889 0.4699074074074074 0.08425925925925926 0.06388888888888888
3 0.638425925925926 0.3148148148148148 0.06388888888888888 0.06574074074074074
3 0.7037037037037037 0.3189814814814815 0.05925925925925926 0.06666666666666667
3 0.7013888888888888 0.5032407407407408 0.058333333333333334 0.09351851851851851
3 0.5652777777777778 0.5652777777777778 0.10740740740740741 0.07685185185185185
3 0.3888888888888889 0.7356481481481482 0.075 0.10185185185185185
3 0.5592592592592592 0.7342592592592593 0.05925925925925926 0.0712962962962963
3 0.42777777777777776 0.8925925925925926 0.07777777777777778 0.05277777777777778
3 0.612037037037037 0.8675925925925926 0.07314814814814814 0.08796296296296297
3 0.7662037037037037 0.6435185185185185 0.04814814814814815 0.08055555555555556
3 0.8060185185185185 0.6949074074074074 0.03981481481481482 0.06574074074074074
3 0.8513888888888889 0.5504629629629629 0.07592592592592592 0.0712962962962963
3 0.9569444444444445 0.836574074074074 0.058333333333333334 0.09444444444444444
3 0.9351851851851852 0.9708333333333333 0.06481481481481481 0.058333333333333334
3 0.7537037037037037 0.8171296296296297 0.06666666666666667 0.07685185185185185
3 0.7078703703703704 0.9777777777777777 0.09907407407407408 0.044444444444444446
3 0.9425925925925925 0.3861111111111111 0.11481481481481481 0.06666666666666667
12 0.562962962962963 0.41898148148148145 0.05092592592592592 0.08333333333333333
12 0.7148148148148148 0.3837962962962963 0.046296296296296294 0.07037037037037037
12 0.8481481481481481 0.4134259259259259 0.1388888888888889 0.06759259259259259
12 0.8736111111111111 0.45555555555555555 0.12222222222222222 0.053703703703703705
12 0.8587962962962963 0.36203703703703705 0.06759259259259259 0.03333333333333333
12 0.9425925925925925 0.6833333333333333 0.10925925925925926 0.05462962962962963
12 0.7245370370370371 0.6185185185185185 0.05277777777777778 0.08703703703703704
12 0.788425925925926 0.5652777777777778 0.041666666666666664 0.06759259259259259
12 0.6986111111111111 0.8824074074074074 0.05462962962962963 0.11944444444444445
12 0.5259259259259259 0.8194444444444444 0.046296296296296294 0.1037037037037037
12 0.46944444444444444 0.6662037037037037 0.06574074074074074 0.058333333333333334
12 0.7453703703703703 0.8731481481481481 0.04722222222222222 0.05555555555555555
12 0.5949074074074074 0.48842592592592593 0.075 0.04814814814814815
4 0.6268518518518519 0.45231481481481484 0.0787037037037037 0.03888888888888889
4 0.7731481481481481 0.47685185185185186 0.07777777777777778 0.058333333333333334
4 0.8023148148148148 0.38425925925925924 0.046296296296296294 0.05740740740740741
4 0.8722222222222222 0.4976851851851852 0.11203703703703703 0.040740740740740744
4 0.9467592592592593 0.5592592592592592 0.10555555555555556 0.05092592592592592
4 0.8902777777777777 0.6236111111111111 0.06666666666666667 0.06851851851851852
4 0.9601851851851851 0.7416666666666667 0.07222222222222222 0.05925925925925926
4 0.8143518518518519 0.8875 0.07407407407407407 0.04537037037037037
4 0.8657407407407407 0.8287037037037037 0.08888888888888889 0.044444444444444446
4 0.8277777777777777 0.9407407407407408 0.125 0.044444444444444446
4 0.5365740740740741 0.9518518518518518 0.05277777777777778 0.0962962962962963
4 0.46064814814814814 0.5444444444444444 0.030555555555555555 0.03611111111111111
4 0.475462962962963 0.6027777777777777 0.053703703703703705 0.053703703703703705