14 0.5 0.5 1 1
13 0.6828703703703703 0.1675925925925926 0.1287037037037037 0.11574074074074074
13 0.7800925925925926 0.1986111111111111 0.09351851851851851 0.09722222222222222
13 0.8689814814814815 0.26435185185185184 0.14166666666666666 0.12037037037037036
13 0.8930555555555556 0.4023148148148148 0.11851851851851852 0.10740740740740741
13 0.8870370370370371 0.5185185185185185 0.12222222222222222 0.09259259259259259
13 0.8458333333333333 0.6717592592592593 0.13055555555555556 0.1361111111111111
13 0.6898148148148148 0.700925925925926 0.12129629629629629 0.1111111111111111
13 0.7333333333333333 0.7726851851851851 0.1361111111111111 0.12314814814814815
13 0.5648148148148148 0.7560185185185185 0.12685185185185185 0.11944444444444445
13 0.5976851851851852 0.812037037037037 0.09814814814814815 0.12685185185185185
13 0.37916666666666665 0.8236111111111111 0.1037037037037037 0.11851851851851852
13 0.41805555555555557 0.6504629629629629 0.12407407407407407 0.11944444444444445
13 0.46574074074074073 0.48148148148148145 0.1111111111111111 0.08611111111111111
13 0.3800925925925926 0.11944444444444445 0.125 0.11481481481481481
13 0.5439814814814815 0.10833333333333334 0.10925925925925926 0.10648148148148148
13 0.49166666666666664 0.29398148148148145 0.11944444444444445 0.10277777777777777
13 0.4388888888888889 0.21203703703703702 0.10648148148148148 0.12129629629629629
13 0.21712962962962962 0.24675925925925926 0.14074074074074075 0.11481481481481481
13 0.29212962962962963 0.3875 0.125 0.09444444444444444
13 0.14722222222222223 0.4305555555555556 0.1037037037037037 0.09907407407407408
13 0.17037037037037037 0.6212962962962963 0.12962962962962962 0.15185185185185185
13 0.36203703703703705 0.5527777777777778 0.11481481481481481 0.11944444444444445
13 0.3365740740740741 0.48194444444444445 0.05648148148148148 0.06759259259259259
13 0.4847222222222222 0.3773148148148148 0.0962962962962963 0.10185185185185185
13 0.5939814814814814 0.23981481481481481 0.07314814814814814 0.11388888888888889
13 0.6648148148148149 0.30694444444444446 0.09166666666666666 0.0824074074074074
13 0.7550925925925925 0.32314814814814813 0.12037037037037036 0.11944444444444445
13 0.7791666666666667 0.43796296296296294 0.1175925925925926 0.09814814814814815
13 0.6828703703703703 0.46805555555555556 0.13425925925925927 0.10648148148148148
13 0.7180555555555556 0.5731481481481482 0.1037037037037037 0.07314814814814814
13 0.6138888888888889 0.6231481481481481 0.11481481481481481 0.09074074074074075
7 0.7282407407407407 0.14953703703703702 0.09259259259259259 0.09074074074074075
7 0.8217592592592593 0.22777777777777777 0.09537037037037037 0.08888888888888889
7 0.6726851851851852 0.23148148148148148 0.0712962962962963 0.08425925925925926
7 0.7393518518518518 0.2851851851851852 0.09351851851851851 0.08981481481481482
7 0.8824074074074074 0.34120370370370373 0.11296296296296296 0.10092592592592593
7 0.7722222222222223 0.3921296296296296 0.08796296296296297 0.09722222222222222
7 0.6532407407407408 0.38564814814814813 0.0962962962962963 0.0787037037037037
7 0.7611111111111111 0.5175925925925926 0.08703703703703704 0.08333333333333333
7 0.8962962962962963 0.4675925925925926 0.11481481481481481 0.10277777777777777
7 0.8763888888888889 0.5916666666666667 0.10648148148148148 0.10648148148148148
7 0.7037037037037037 0.6310185185185185 0.09259259259259259 0.08981481481481482
7 0.8023148148148148 0.7314814814814815 0.11574074074074074 0.1259259259259259
7 0.6199074074074075 0.5180555555555556 0.08703703703703704 0.0824074074074074
7 0.5814814814814815 0.6967592592592593 0.10648148148148148 0.11296296296296296
7 0.5226851851851851 0.8393518518518519 0.10185185185185185 0.1037037037037037
7 0.6796296296296296 0.8203703703703704 0.09166666666666666 0.09259259259259259
12 0.600925925925926 0.13333333333333333 0.08055555555555556 0.1175925925925926
12 0.4898148148148148 0.2064814814814815 0.10462962962962963 0.08888888888888889
12 0.3333333333333333 0.24537037037037038 0.2111111111111111 0.15555555555555556
12 0.5546296296296296 0.36944444444444446 0.058333333333333334 0.0824074074074074
12 0.38287037037037036 0.4425925925925926 0.09537037037037037 0.062037037037037036
12 0.2587962962962963 0.6615740740740741 0.0712962962962963 0.09166666666666666
12 0.11712962962962963 0.525 0.05 0.062037037037037036
12 0.17037037037037037 0.5125 0.07592592592592592 0.06388888888888888
12 0.3421296296296296 0.7532407407407408 0.08888888888888889 0.08796296296296297
12 0.43287037037037035 0.8231481481481482 0.09259259259259259 0.1787037037037037
12 0.15138888888888888 0.387037037037037 0.05185185185185185 0.03981481481481482
12 0.2861111111111111 0.41574074074074074 0.05648148148148148 0.03611111111111111
10 0.1259259259259259 0.32916666666666666 0.08796296296296297 0.08888888888888889
10 0.19398148148148148 0.3537037037037037 0.09444444444444444 0.07777777777777778
10 0.2439814814814815 0.2814814814814815 0.075 0.09537037037037037
10 0.28425925925925927 0.31666666666666665 0.09814814814814815 0.10925925925925926
10 0.39814814814814814 0.2 0.11203703703703703 0.12407407407407407
10 0.5236111111111111 0.15925925925925927 0.1287037037037037 0.08888888888888889
10 0.5518518518518518 0.2162037037037037 0.06018518518518518 0.0824074074074074
10 0.5518518518518518 0.3365740740740741 0.06018518518518518 0.10648148148148148
10 0.43842592592592594 0.35833333333333334 0.06944444444444445 0.10462962962962963
10 0.46620370370370373 0.4273148148148148 0.0962962962962963 0.08611111111111111
10 0.3962962962962963 0.49675925925925923 0.09907407407407408 0.07407407407407407
10 0.20787037037037037 0.549074074074074 0.1 0.06944444444444445
10 0.2708333333333333 0.5310185185185186 0.13055555555555556 0.12685185185185185
10 0.2657407407407407 0.5953703703703703 0.12037037037037036 0.11481481481481481
10 0.3435185185185185 0.7064814814814815 0.10740740740740741 0.12129629629629629
10 0.4462962962962963 0.725 0.0824074074074074 0.11666666666666667
10 0.2814814814814815 0.8032407407407407 0.08611111111111111 0.08425925925925926
10 0.2847222222222222 0.7398148148148148 0.06574074074074074 0.07407407407407407
10 0.5611111111111111 0.055092592592592596 0.0962962962962963 0.06851851851851852