14 0.5 0.5 1 1
11 0.17824074074074073 0.6708333333333333 0.1287037037037037 0.1111111111111111
11 0.25601851851851853 0.6884259259259259 0.09722222222222222 0.12407407407407407
11 0.3476851851851852 0.6166666666666667 0.14722222222222223 0.16111111111111112
11 0.2851851851851852 0.5467592592592593 0.11851851851851852 0.10648148148148148
11 0.1439814814814815 0.5444444444444444 0.13333333333333333 0.13333333333333333
11 0.175 0.4462962962962963 0.11944444444444445 0.13333333333333333
11 0.08425925925925926 0.38657407407407407 0.11203703703703703 0.13148148148148148
11 0.10833333333333334 0.29814814814814816 0.10833333333333334 0.10555555555555556
11 0.17962962962962964 0.35138888888888886 0.11203703703703703 0.10462962962962963
11 0.2537037037037037 0.3814814814814815 0.10833333333333334 0.11944444444444445
11 0.3189814814814815 0.462037037037037 0.13240740740740742 0.12407407407407407
11 0.36944444444444446 0.3976851851851852 0.2 0.15462962962962962
11 0.2912037037037037 0.3013888888888889 0.10277777777777777 0.10092592592592593
11 0.2763888888888889 0.22916666666666666 0.11388888888888889 0.10092592592592593
11 0.24537037037037038 0.14907407407407408 0.15 0.11018518518518519
11 0.29814814814814816 0.1087962962962963 0.11574074074074074 0.0962962962962963
11 0.5300925925925926 0.12222222222222222 0.11574074074074074 0.12037037037037036
11 0.5115740740740741 0.20416666666666666 0.1111111111111111 0.11481481481481481
11 0.586574074074074 0.20416666666666666 0.09074074074074075 0.1
11 0.6449074074074074 0.15648148148148147 0.10092592592592593 0.10925925925925926
11 0.7481481481481481 0.17731481481481481 0.11203703703703703 0.10925925925925926
11 0.825462962962963 0.22962962962962963 0.1 0.1
11 0.8921296296296296 0.2828703703703704 0.11574074074074074 0.0962962962962963
11 0.8069444444444445 0.3037037037037037 0.11018518518518519 0.09444444444444444
11 0.6597222222222222 0.23657407407407408 0.10833333333333334 0.09907407407407408
11 0.7 0.3106481481481482 0.11666666666666667 0.10648148148148148
11 0.5675925925925925 0.2763888888888889 0.10740740740740741 0.10185185185185185
11 0.49166666666666664 0.3023148148148148 0.09907407407407408 0.10462962962962963
11 0.41759259259259257 0.18888888888888888 0.11481481481481481 0.10648148148148148
11 0.399537037037037 0.2824074074074074 0.1574074074074074 0.1425925925925926
11 0.5476851851851852 0.3574074074074074 0.11666666666666667 0.11851851851851852
11 0.6361111111111111 0.3537037037037037 0.09259259259259259 0.0787037037037037
11 0.7245370370370371 0.39861111111111114 0.1111111111111111 0.09259259259259259
11 0.8546296296296296 0.362962962962963 0.09074074074074075 0.08796296296296297
11 0.8856481481481482 0.4125 0.10185185185185185 0.09351851851851851
11 0.8078703703703703 0.4449074074074074 0.10833333333333334 0.09814814814814815
11 0.8759259259259259 0.513425925925926 0.11666666666666667 0.11203703703703703
11 0.9111111111111111 0.6222222222222222 0.10648148148148148 0.10833333333333334
11 0.8217592592592593 0.6259259259259259 0.1037037037037037 0.1
11 0.737037037037037 0.5314814814814814 0.1111111111111111 0.10648148148148148
11 0.6236111111111111 0.4888888888888889 0.10462962962962963 0.10277777777777777
11 0.6393518518518518 0.6018518518518519 0.10555555555555556 0.09351851851851851
11 0.5513888888888889 0.6337962962962963 0.08518518518518518 0.05925925925925926
11 0.6337962962962963 0.6685185185185185 0.11851851851851852 0.10740740740740741
11 0.6037037037037037 0.7439814814814815 0.09259259259259259 0.0962962962962963
11 0.750462962962963 0.7416666666666667 0.11944444444444445 0.12777777777777777
11 0.8486111111111111 0.7050925925925926 0.1361111111111111 0.11481481481481481
11 0.7412037037037037 0.8523148148148149 0.13425925925925927 0.12685185185185185
2 0.2574074074074074 0.7597222222222222 0.06388888888888888 0.05648148148148148
2 0.31666666666666665 0.6981481481481482 0.062037037037037036 0.06574074074074074
2 0.37453703703703706 0.6949074074074074 0.075 0.06759259259259259
2 0.2125 0.6282407407407408 0.07314814814814814 0.05462962962962963
2 0.14305555555555555 0.5199074074074074 0.06111111111111111 0.06851851851851852
2 0.18935185185185185 0.44814814814814813 0.06296296296296296 0.06388888888888888
2 0.19953703703703704 0.3282407407407407 0.07314814814814814 0.07037037037037037
2 0.2023148148148148 0.37824074074074077 0.04351851851851852 0.040740740740740744
2 0.26666666666666666 0.387037037037037 0.05648148148148148 0.06759259259259259
2 0.39351851851851855 0.4152777777777778 0.05185185185185185 0.05
2 0.5027777777777778 0.4199074074074074 0.058333333333333334 0.06666666666666667
2 0.5305555555555556 0.49675925925925923 0.06759259259259259 0.04814814814814815
2 0.5773148148148148 0.5986111111111111 0.03148148148148148 0.03981481481481482
2 0.3453703703703704 0.19722222222222222 0.0824074074074074 0.06111111111111111
2 0.38796296296296295 0.14722222222222223 0.05092592592592592 0.05277777777777778
2 0.43472222222222223 0.13194444444444445 0.05277777777777778 0.05462962962962963
2 0.6407407407407407 0.14027777777777778 0.07314814814814814 0.09907407407407408
2 0.6944444444444444 0.15092592592592594 0.04351851851851852 0.049074074074074076
2 0.6680555555555555 0.2152777777777778 0.04259259259259259 0.05462962962962963
2 0.5796296296296296 0.21666666666666667 0.06018518518518518 0.07037037037037037
2 0.5263888888888889 0.22546296296296298 0.053703703703703705 0.06759259259259259
2 0.5712962962962963 0.3087962962962963 0.041666666666666664 0.04259259259259259
2 0.5574074074074075 0.3523148148148148 0.05462962962962963 0.05
2 0.5319444444444444 0.3699074074074074 0.041666666666666664 0.037037037037037035
2 0.45787037037037037 0.2652777777777778 0.04722222222222222 0.04537037037037037
2 0.4675925925925926 0.32546296296296295 0.058333333333333334 0.0787037037037037
2 0.3060185185185185 0.31157407407407406 0.02962962962962963 0.030555555555555555
2 0.9861111111111112 0.37546296296296294 0.027777777777777776 0.06388888888888888
2 0.9324074074074075 0.35462962962962963 0.03518518518518519 0.037037037037037035
2 0.7509259259259259 0.33564814814814814 0.062037037037037036 0.10648148148148148
2 0.7046296296296296 0.33287037037037037 0.044444444444444446 0.049074074074074076
2 0.7125 0.4898148148148148 0.03888888888888889 0.03981481481481482
2 0.787962962962963 0.4949074074074074 0.05092592592592592 0.05277777777777778
2 0.8828703703703704 0.5064814814814815 0.08148148148148149 0.08518518518518518
2 0.8967592592592593 0.4388888888888889 0.1 0.06759259259259259
2 0.6504629629629629 0.8064814814814815 0.14166666666666666 0.12314814814814815
2 0.6773148148148148 0.7342592592592593 0.03518518518518519 0.03888888888888889
2 0.7574074074074074 0.7490740740740741 0.06018518518518518 0.05648148148148148