14 0.6319444444444444 0.575 0.7361111111111112 0.85
12 0.44722222222222224 0.4388888888888889 0.06851851851851852 0.07314814814814814
12 0.8319444444444445 0.28425925925925927 0.04537037037037037 0.05555555555555555
12 0.9629629629629629 0.44351851851851853 0.07407407407407407 0.09814814814814815
12 0.7217592592592592 0.7444444444444445 0.05185185185185185 0.06296296296296296
12 0.6902777777777778 0.7907407407407407 0.05555555555555555 0.05092592592592592
12 0.9032407407407408 0.7106481481481481 0.08333333333333333 0.09722222222222222
12 0.5157407407407407 0.862037037037037 0.07314814814814814 0.0787037037037037
12 0.65 0.9699074074074074 0.06388888888888888 0.04351851851851852
12 0.7018518518518518 0.5467592592592593 0.044444444444444446 0.03888888888888889
12 0.5101851851851852 0.7592592592592593 0.06666666666666667 0.06296296296296296
3 0.3921296296296296 0.6 0.12037037037037036 0.08796296296296297
3 0.5231481481481481 0.4671296296296296 0.08888888888888889 0.07037037037037037
3 0.6180555555555556 0.30092592592592593 0.06851851851851852 0.07037037037037037
3 0.6837962962962963 0.2986111111111111 0.06388888888888888 0.07037037037037037
3 0.700462962962963 0.48194444444444445 0.06481481481481481 0.09722222222222222
3 0.5717592592592593 0.5583333333333333 0.11296296296296296 0.08425925925925926
3 0.41388888888888886 0.7462962962962963 0.08148148148148149 0.10740740740740741
3 0.5837962962962963 0.7268518518518519 0.06481481481481481 0.075
3 0.46944444444444444 0.8976851851851851 0.08055555555555556 0.058333333333333334
3 0.65 0.8541666666666666 0.0787037037037037 0.09351851851851851
3 0.7796296296296297 0.6148148148148148 0.05277777777777778 0.08333333333333333
3 0.8245370370370371 0.6615740740740741 0.044444444444444446 0.06759259259259259
3 0.8550925925925926 0.513425925925926 0.08055555555555556 0.07685185185185185
3 0.9787037037037037 0.7870370370370371 0.04259259259259259 0.09814814814814815
3 0.9740740740740741 0.9263888888888889 0.05185185185185185 0.0712962962962963
3 0.7851851851851852 0.7888888888888889 0.07222222222222222 0.08148148148148149
3 0.7569444444444444 0.9555555555555556 0.10185185185185185 0.05555555555555555
3 0.9300925925925926 0.34074074074074073 0.12129629629629629 0.075
12 0.5541666666666667 0.412962962962963 0.05648148148148148 0.08611111111111111
12 0.7013888888888888 0.36203703703703705 0.05092592592592592 0.07314814814814814
12 0.837037037037037 0.3773148148148148 0.14351851851851852 0.07685185185185185
12 0.8666666666666667 0.4166666666666667 0.125 0.062037037037037036
12 0.8425925925925926 0.32546296296296295 0.06944444444444445 0.03796296296296296
12 0.9513888888888888 0.6356481481481482 0.09722222222222222 0.062037037037037036
12 0.7356481481481482 0.5944444444444444 0.058333333333333334 0.08981481481481482
12 0.7935185185185185 0.5351851851851852 0.046296296296296294 0.07037037037037037
12 0.7375 0.8592592592592593 0.06296296296296296 0.12314814814814815
12 0.5592592592592592 0.8152777777777778 0.053703703703703705 0.10648148148148148
12 0.48703703703703705 0.6685185185185185 0.06944444444444445 0.06296296296296296
12 0.7833333333333333 0.8453703703703703 0.05092592592592592 0.058333333333333334
12 0.5935185185185186 0.4787037037037037 0.07777777777777778 0.053703703703703705
4 0.6212962962962963 0.4393518518518518 0.08055555555555556 0.044444444444444446
4 0.7689814814814815 0.4486111111111111 0.08148148148148149 0.06388888888888888
4 0.788425925925926 0.35324074074074074 0.05 0.06018518518518518
4 0.8699074074074075 0.4587962962962963 0.11388888888888889 0.04814814814814815
4 0.9481481481481482 0.5115740740740741 0.1037037037037037 0.058333333333333334
4 0.9009259259259259 0.5819444444444445 0.0712962962962963 0.07314814814814814
4 0.9722222222222222 0.6921296296296297 0.05555555555555555 0.06388888888888888
4 0.8532407407407407 0.8523148148148149 0.07685185185185185 0.05
4 0.8981481481481481 0.788425925925926 0.09166666666666666 0.05
4 0.8722222222222222 0.9041666666666667 0.12777777777777777 0.053703703703703705
4 0.5842592592592593 0.9462962962962963 0.05925925925925926 0.1
4 0.4652777777777778 0.5481481481481482 0.032407407407407406 0.03796296296296296
4 0.48657407407407405 0.6046296296296296 0.05740740740740741 0.05740740740740741