14 0.3574074074074074 0.125 0.6240740740740741 0.25
14 0.5 0.5467592592592593 1 0.8601851851851852
7 0.7342592592592593 0.5643518518518519 0.36944444444444446 0.2351851851851852
7 0.7490740740740741 0.4444444444444444 0.2111111111111111 0.13796296296296295
7 0.8231481481481482 0.3416666666666667 0.13425925925925927 0.1111111111111111
7 0.5708333333333333 0.29259259259259257 0.1175925925925926 0.09351851851851851
7 0.6069444444444444 0.38055555555555554 0.17777777777777778 0.15092592592592594
7 0.2513888888888889 0.3560185185185185 0.15 0.09537037037037037
7 0.10092592592592593 0.4962962962962963 0.20185185185185187 0.1111111111111111
7 0.2712962962962963 0.7375 0.3148148148148148 0.2824074074074074
7 0.2125 0.5435185185185185 0.19722222222222222 0.09814814814814815
7 0.33287037037037037 0.45092592592592595 0.09814814814814815 0.14166666666666666
7 0.3731481481481482 0.3861111111111111 0.10092592592592593 0.06944444444444445
7 0.44305555555555554 0.3592592592592593 0.09259259259259259 0.09537037037037037
7 0.48148148148148145 0.4675925925925926 0.08055555555555556 0.06944444444444445
2 0.2212962962962963 0.586574074074074 0.11944444444444445 0.07685185185185185
2 0.4444444444444444 0.5027777777777778 0.18333333333333332 0.2851851851851852
4 0.24675925925925926 0.46111111111111114 0.1111111111111111 0.10092592592592593
4 0.09027777777777778 0.6550925925925926 0.11666666666666667 0.13333333333333333
4 0.3351851851851852 0.6597222222222222 0.0962962962962963 0.10462962962962963
4 0.6800925925925926 0.6768518518518518 0.2064814814814815 0.11481481481481481
4 0.5606481481481481 0.5106481481481482 0.09444444444444444 0.12777777777777777
4 0.47453703703703703 0.30787037037037035 0.08796296296296297 0.05925925925925926
4 0.5143518518518518 0.3648148148148148 0.06018518518518518 0.075
4 0.6638888888888889 0.31574074074074077 0.09907407407407408 0.05462962962962963