14 0.4935185185185185 0.5 0.987037037037037 1
8 0.0763888888888889 0.2824074074074074 0.0824074074074074 0.1037037037037037
8 0.7412037037037037 0.12175925925925926 0.1 0.11666666666666667
8 0.44583333333333336 0.35185185185185186 0.06944444444444445 0.09444444444444444
8 0.562037037037037 0.32407407407407407 0.09259259259259259 0.08148148148148149
8 0.5060185185185185 0.26296296296296295 0.07407407407407407 0.07314814814814814
8 0.4439814814814815 0.10046296296296296 0.07685185185185185 0.05555555555555555
8 0.1935185185185185 0.1476851851851852 0.05555555555555555 0.062037037037037036
8 0.19074074074074074 0.7203703703703703 0.09351851851851851 0.0824074074074074
8 0.17777777777777778 0.7837962962962963 0.07592592592592592 0.075
8 0.7898148148148149 0.35138888888888886 0.07962962962962963 0.08611111111111111
8 0.3074074074074074 0.37175925925925923 0.06481481481481481 0.05648148148148148
8 0.5407407407407407 0.512962962962963 0.07777777777777778 0.07962962962962963
8 0.5393518518518519 0.6712962962962963 0.08981481481481482 0.08611111111111111
8 0.3875 0.9518518518518518 0.09537037037037037 0.09074074074074075
8 0.2777777777777778 0.7907407407407407 0.08888888888888889 0.13055555555555556
8 0.2111111111111111 0.8583333333333333 0.05462962962962963 0.06574074074074074
8 0.41944444444444445 0.788425925925926 0.06759259259259259 0.09537037037037037
8 0.7912037037037037 0.4787037037037037 0.09166666666666666 0.10185185185185185
6 0.35694444444444445 0.125 0.08055555555555556 0.05092592592592592
6 0.4041666666666667 0.1310185185185185 0.027777777777777776 0.027777777777777776
6 0.29305555555555557 0.14629629629629629 0.040740740740740744 0.03425925925925926
6 0.31666666666666665 0.1625 0.025925925925925925 0.023148148148148147
6 0.3194444444444444 0.1875 0.032407407407407406 0.02962962962962963
6 0.16203703703703703 0.23287037037037037 0.03333333333333333 0.03518518518518519
6 0.18935185185185185 0.2611111111111111 0.04259259259259259 0.041666666666666664
6 0.22083333333333333 0.2300925925925926 0.02962962962962963 0.03796296296296296
6 0.2657407407407407 0.26851851851851855 0.040740740740740744 0.044444444444444446
6 0.25416666666666665 0.29444444444444445 0.03518518518518519 0.03425925925925926
6 0.2810185185185185 0.28703703703703703 0.03611111111111111 0.032407407407407406
6 0.2833333333333333 0.30648148148148147 0.03333333333333333 0.032407407407407406
6 0.3101851851851852 0.31527777777777777 0.032407407407407406 0.030555555555555555
6 0.2814814814814815 0.32916666666666666 0.046296296296296294 0.046296296296296294
6 0.3212962962962963 0.34120370370370373 0.037037037037037035 0.03518518518518519
6 0.1935185185185185 0.35509259259259257 0.049074074074074076 0.04259259259259259
6 0.22685185185185186 0.3578703703703704 0.046296296296296294 0.04259259259259259
6 0.11203703703703703 0.3388888888888889 0.03888888888888889 0.03518518518518519
6 0.18703703703703703 0.4078703703703704 0.03796296296296296 0.04259259259259259
6 0.21203703703703702 0.3912037037037037 0.03981481481481482 0.041666666666666664
6 0.2662037037037037 0.40694444444444444 0.041666666666666664 0.03148148148148148
6 0.25462962962962965 0.4300925925925926 0.03333333333333333 0.03148148148148148
6 0.22592592592592592 0.4888888888888889 0.037037037037037035 0.05555555555555555
6 0.2513888888888889 0.5087962962962963 0.04351851851851852 0.05555555555555555
6 0.12685185185185185 0.45740740740740743 0.04259259259259259 0.037037037037037035
6 0.14444444444444443 0.4361111111111111 0.04537037037037037 0.03796296296296296
6 0.12083333333333333 0.5074074074074074 0.03611111111111111 0.03888888888888889
6 0.20925925925925926 0.7388888888888889 0.040740740740740744 0.03611111111111111
6 0.2361111111111111 0.7384259259259259 0.03148148148148148 0.03518518518518519
6 0.2273148148148148 0.7032407407407407 0.03148148148148148 0.02962962962962963
6 0.2537037037037037 0.7101851851851851 0.040740740740740744 0.03148148148148148
6 0.27870370370370373 0.7032407407407407 0.03888888888888889 0.03425925925925926
6 0.22314814814814815 0.763425925925926 0.03888888888888889 0.04259259259259259
6 0.22824074074074074 0.8032407407407407 0.040740740740740744 0.04351851851851852
6 0.2726851851851852 0.8791666666666667 0.03981481481481482 0.03796296296296296
6 0.30277777777777776 0.8490740740740741 0.03518518518518519 0.046296296296296294
6 0.30972222222222223 0.9166666666666666 0.04814814814814815 0.03981481481481482
6 0.3175925925925926 0.9625 0.03981481481481482 0.040740740740740744
6 0.4532407407407407 0.9259259259259259 0.03148148148148148 0.030555555555555555
6 0.362962962962963 0.774074074074074 0.03888888888888889 0.049074074074074076
6 0.3958333333333333 0.749537037037037 0.03981481481481482 0.03333333333333333
6 0.3578703703703704 0.7231481481481481 0.04259259259259259 0.03518518518518519
6 0.36064814814814816 0.7050925925925926 0.025925925925925925 0.026851851851851852
6 0.37037037037037035 0.6847222222222222 0.02962962962962963 0.026851851851851852
6 0.38472222222222224 0.6597222222222222 0.03148148148148148 0.024074074074074074
6 0.45787037037037037 0.6861111111111111 0.030555555555555555 0.03796296296296296
6 0.5768518518518518 0.6393518518518518 0.03888888888888889 0.037037037037037035
6 0.3680555555555556 0.5231481481481481 0.03425925925925926 0.05185185185185185
6 0.3902777777777778 0.5185185185185185 0.027777777777777776 0.04351851851851852
6 0.42083333333333334 0.5259259259259259 0.03981481481481482 0.02962962962962963
6 0.4185185185185185 0.5518518518518518 0.03518518518518519 0.037037037037037035
6 0.41064814814814815 0.4388888888888889 0.022222222222222223 0.024074074074074074
6 0.42685185185185187 0.45601851851851855 0.03333333333333333 0.03425925925925926
6 0.47962962962962963 0.5162037037037037 0.030555555555555555 0.03611111111111111
6 0.48657407407407405 0.48564814814814816 0.037037037037037035 0.041666666666666664
6 0.4824074074074074 0.44027777777777777 0.026851851851851852 0.03333333333333333
6 0.5101851851851852 0.41944444444444445 0.03333333333333333 0.03333333333333333
6 0.5138888888888888 0.4393518518518518 0.028703703703703703 0.028703703703703703
6 0.5194444444444445 0.11018518518518519 0.037037037037037035 0.03981481481481482
6 0.5583333333333333 0.20601851851851852 0.03425925925925926 0.037037037037037035
6 0.5402777777777777 0.25416666666666665 0.037037037037037035 0.03425925925925926
6 0.5625 0.24166666666666667 0.027777777777777776 0.032407407407407406
6 0.5504629629629629 0.2726851851851852 0.037037037037037035 0.03796296296296296
6 0.5652777777777778 0.2875 0.03796296296296296 0.03148148148148148
6 0.6064814814814815 0.2222222222222222 0.04351851851851852 0.03888888888888889
6 0.6458333333333334 0.20879629629629629 0.032407407407407406 0.03888888888888889
6 0.6180555555555556 0.26666666666666666 0.03518518518518519 0.030555555555555555
6 0.6208333333333333 0.29259259259259257 0.02962962962962963 0.030555555555555555
6 0.675 0.28935185185185186 0.030555555555555555 0.03148148148148148
6 0.7671296296296296 0.29814814814814816 0.023148148148148147 0.026851851851851852
6 0.8013888888888889 0.2814814814814815 0.030555555555555555 0.03611111111111111
6 0.6615740740740741 0.3388888888888889 0.03425925925925926 0.03518518518518519
6 0.6337962962962963 0.36018518518518516 0.03888888888888889 0.03425925925925926
6 0.8111111111111111 0.4013888888888889 0.030555555555555555 0.040740740740740744
6 0.7925925925925926 0.4212962962962963 0.02962962962962963 0.024074074074074074
6 0.7490740740740741 0.42824074074074076 0.02962962962962963 0.026851851851851852
6 0.8143518518518519 0.5064814814814815 0.03796296296296296 0.046296296296296294
6 0.8319444444444445 0.5337962962962963 0.026851851851851852 0.03333333333333333
6 0.8 0.5337962962962963 0.03425925925925926 0.03333333333333333
6 0.7606481481481482 0.5782407407407407 0.03333333333333333 0.04351851851851852
6 0.7393518518518518 0.6259259259259259 0.04259259259259259 0.03518518518518519
6 0.7615740740740741 0.6180555555555556 0.03611111111111111 0.03796296296296296
6 0.7805555555555556 0.5981481481481481 0.030555555555555555 0.03796296296296296
6 0.8041666666666667 0.5888888888888889 0.02962962962962963 0.03888888888888889
6 0.8375 0.7467592592592592 0.03333333333333333 0.03888888888888889
6 0.7814814814814814 0.7541666666666667 0.03888888888888889 0.03611111111111111
6 0.8245370370370371 0.7814814814814814 0.03518518518518519 0.046296296296296294
6 0.8087962962962963 0.8300925925925926 0.03796296296296296 0.032407407407407406
6 0.8430555555555556 0.8157407407407408 0.03796296296296296 0.03981481481481482
6 0.8773148148148148 0.7953703703703704 0.03148148148148148 0.03611111111111111
6 0.8662037037037037 0.8384259259259259 0.040740740740740744 0.05
6 0.7388888888888889 0.8828703703703704 0.030555555555555555 0.030555555555555555
6 0.687037037037037 0.8782407407407408 0.03981481481481482 0.03888888888888889
6 0.5930555555555556 0.9467592592592593 0.044444444444444446 0.041666666666666664
6 0.6328703703703704 0.9453703703703704 0.04351851851851852 0.04351851851851852
4 0.6324074074074074 0.14814814814814814 0.12407407407407407 0.12314814814814815
4 0.32592592592592595 0.23333333333333334 0.053703703703703705 0.05092592592592592
4 0.2310185185185185 0.6064814814814815 0.06666666666666667 0.1111111111111111
4 0.37546296296296294 0.6189814814814815 0.11203703703703703 0.08703703703703704
4 0.624537037037037 0.5597222222222222 0.08888888888888889 0.08518518518518518
4 0.6449074074074074 0.6527777777777778 0.0824074074074074 0.12037037037037036
4 0.5097222222222222 0.875462962962963 0.10740740740740741 0.11018518518518519
4 0.6078703703703704 0.7643518518518518 0.10462962962962963 0.09074074074074075
4 0.2814814814814815 0.5638888888888889 0.05740740740740741 0.058333333333333334
4 0.27175925925925926 0.18472222222222223 0.09259259259259259 0.11574074074074074
4 0.5023148148148148 0.1574074074074074 0.1398148148148148 0.09074074074074075
4 0.3680555555555556 0.18564814814814815 0.06666666666666667 0.062037037037037036
4 0.7541666666666667 0.21296296296296297 0.11296296296296296 0.08148148148148149
4 0.6759259259259259 0.2412037037037037 0.058333333333333334 0.05185185185185185
4 0.6995370370370371 0.48842592592592593 0.08796296296296297 0.09722222222222222
4 0.75 0.6824074074074075 0.05277777777777778 0.06296296296296296
4 0.48657407407407405 0.7564814814814815 0.062037037037037036 0.05185185185185185
4 0.48148148148148145 0.8101851851851852 0.03611111111111111 0.05648148148148148
4 0.7037037037037037 0.9231481481481482 0.062037037037037036 0.05277777777777778
4 0.6958333333333333 0.8152777777777778 0.05092592592592592 0.07962962962962963