14 0.5027777777777778 0.5991735537190083 0.9037037037037037 0.45830202854996244
15 0.17962962962962964 0.5612321562734786 0.11481481481481481 0.07513148009015777
15 0.12129629629629629 0.6126972201352366 0.09166666666666666 0.04658151765589782
15 0.4925925925925926 0.4624342599549211 0.09722222222222222 0.06010518407212622
15 0.5013888888888889 0.5939143501126972 0.10277777777777777 0.07513148009015777
15 0.38055555555555554 0.6145755071374907 0.12129629629629629 0.06461307287753569
15 0.46111111111111114 0.6600300525920361 0.14907407407407408 0.06461307287753569
15 0.5185185185185185 0.7114951164537942 0.12407407407407407 0.07663410969196092
15 0.663425925925926 0.7013523666416228 0.08425925925925926 0.06235912847483095
15 0.6703703703703704 0.6006761833208114 0.049074074074074076 0.037565740045078885
15 0.6287037037037037 0.5236664162283997 0.11296296296296296 0.08640120210368145
15 0.7458333333333333 0.51427498121713 0.13518518518518519 0.0608564988730278
15 0.5097222222222222 0.5255447032306536 0.11574074074074074 0.06461307287753569
15 0.3680555555555556 0.5101427498121713 0.12037037037037036 0.056348610067618335
0 0.19722222222222222 0.6190833959429001 0.04722222222222222 0.03681442524417731
0 0.2884259259259259 0.6476333583771601 0.17407407407407408 0.0405709992486852
0 0.35833333333333334 0.5672426746806912 0.1037037037037037 0.08039068369646882
0 0.4324074074074074 0.5386927122464312 0.06111111111111111 0.03606311044327573
0 0.5782407407407407 0.4462809917355372 0.1037037037037037 0.09691960931630353
0 0.7481481481481481 0.6172051089406462 0.1287037037037037 0.15777610818933133
0 0.8435185185185186 0.5912847483095417 0.10833333333333334 0.07062359128474831
0 0.6222222222222222 0.5867768595041323 0.06851851851851852 0.05559729526671676
0 0.6129629629629629 0.67618332081142 0.06944444444444445 0.06836964688204357
0 0.5518518518518518 0.6269722013523666 0.03425925925925926 0.02404207362885049
0 0.45694444444444443 0.594290007513148 0.06111111111111111 0.045078888054094664