14 0.35546875 0.5 0.70703125 1
15 0.2509765625 0.07174231332357248 0.10546875 0.14348462664714495
15 0.15869140625 0.04538799414348463 0.0537109375 0.09077598828696926
15 0.09814453125 0.09370424597364568 0.1064453125 0.0849194729136164
15 0.0908203125 0.23133235724743778 0.05859375 0.14348462664714495
15 0.1533203125 0.21522693997071743 0.0556640625 0.14641288433382138
15 0.0283203125 0.24158125915080528 0.0537109375 0.11127379209370425
15 0.02294921875 0.3535871156661786 0.0458984375 0.13323572474377746
15 0.1064453125 0.43923865300146414 0.076171875 0.1581259150805271
15 0.01953125 0.6171303074670571 0.03515625 0.09224011713030747
15 0.068359375 0.6259150805270863 0.060546875 0.12445095168374817
15 0.1337890625 0.6559297218155198 0.0771484375 0.12298682284040996
15 0.2265625 0.6603221083455344 0.08203125 0.1273792093704246
15 0.421875 0.7247437774524158 0.0703125 0.1390922401171303
15 0.291015625 0.4992679355783309 0.09375 0.11127379209370425
15 0.3544921875 0.43045387994143486 0.0576171875 0.13177159590043924
15 0.42431640625 0.3579795021961933 0.0830078125 0.12152269399707175
15 0.5048828125 0.3140556368960469 0.0849609375 0.1259150805270864
15 0.548828125 0.5790629575402635 0.0791015625 0.14494875549048317
15 0.1552734375 0.8140556368960469 0.064453125 0.16691068814055637
15 0.03515625 0.7335285505124451 0.06640625 0.10688140556368961
4 0.31201171875 0.8674963396778916 0.1513671875 0.20644216691068815
4 0.392578125 0.5534407027818448 0.08984375 0.09370424597364568
4 0.18701171875 0.5541727672035139 0.0751953125 0.0424597364568082
4 0.02294921875 0.0841874084919473 0.037109375 0.15373352855051245
4 0.3984375 0.06881405563689605 0.123046875 0.13177159590043924
4 0.27685546875 0.2452415812591508 0.1376953125 0.18301610541727673
4 0.45263671875 0.8601756954612005 0.0947265625 0.11566617862371889
4 0.52392578125 0.7525622254758418 0.0712890625 0.0849194729136164
4 0.177734375 0.43191800878477304 0.029296875 0.07320644216691069