14 0.5 0.4912037037037037 1 0.9824074074074074
11 0.28055555555555556 0.7907407407407407 0.11666666666666667 0.09166666666666666
11 0.3587962962962963 0.774074074074074 0.07685185185185185 0.11481481481481481
11 0.4111111111111111 0.6699074074074074 0.12314814814814815 0.14351851851851852
11 0.325 0.6333333333333333 0.10555555555555556 0.08888888888888889
11 0.1962962962962963 0.6907407407407408 0.11481481481481481 0.11481481481481481
11 0.18287037037037038 0.5884259259259259 0.1 0.11851851851851852
11 0.075 0.5726851851851852 0.09166666666666666 0.11851851851851852
11 0.059722222222222225 0.4828703703703704 0.09444444444444444 0.09074074074074075
11 0.14675925925925926 0.5009259259259259 0.09814814814814815 0.08888888888888889
11 0.22685185185185186 0.49675925925925923 0.09074074074074075 0.10648148148148148
11 0.3199074074074074 0.5421296296296296 0.11666666666666667 0.10462962962962963
11 0.3384259259259259 0.4625 0.18611111111111112 0.12037037037037036
11 0.22685185185185186 0.4083333333333333 0.08888888888888889 0.08703703703703704
11 0.18287037037037038 0.3490740740740741 0.10277777777777777 0.08333333333333333
11 0.12083333333333333 0.28935185185185186 0.14074074074074075 0.08425925925925926
11 0.15138888888888888 0.2310185185185185 0.10555555555555556 0.07777777777777778
11 0.3675925925925926 0.1449074074074074 0.09907407407407408 0.10555555555555556
11 0.38564814814814813 0.22685185185185186 0.09537037037037037 0.1
11 0.4532407407407407 0.19537037037037036 0.07592592592592592 0.08888888888888889
11 0.4861111111111111 0.12777777777777777 0.08518518518518518 0.0962962962962963
11 0.5884259259259259 0.10277777777777777 0.09722222222222222 0.09444444444444444
11 0.6810185185185185 0.1175925925925926 0.08611111111111111 0.08611111111111111
11 0.7638888888888888 0.1375 0.10555555555555556 0.07777777777777778
11 0.6953703703703704 0.19212962962962962 0.1 0.07685185185185185
11 0.5337962962962963 0.1935185185185185 0.0962962962962963 0.08333333333333333
11 0.6013888888888889 0.24351851851851852 0.1037037037037037 0.08981481481481482
11 0.4666666666666667 0.26851851851851855 0.09444444444444444 0.08611111111111111
11 0.40925925925925927 0.324537037037037 0.08425925925925926 0.09166666666666666
11 0.2935185185185185 0.25277777777777777 0.10185185185185185 0.08981481481481482
11 0.31712962962962965 0.3453703703703704 0.1398148148148148 0.11851851851851852
11 0.4828703703703704 0.350462962962963 0.1 0.10277777777777777
11 0.5615740740740741 0.3101851851851852 0.08425925925925926 0.06481481481481481
11 0.6606481481481481 0.31342592592592594 0.10092592592592593 0.075
11 0.763425925925926 0.22592592592592592 0.07962962962962963 0.075
11 0.8125 0.25787037037037036 0.08981481481481482 0.0787037037037037
11 0.7560185185185185 0.3199074074074074 0.09722222222222222 0.0824074074074074
11 0.8462962962962963 0.3537037037037037 0.10185185185185185 0.09537037037037037
11 0.924074074074074 0.43703703703703706 0.09166666666666666 0.09444444444444444
11 0.8444444444444444 0.47824074074074074 0.09074074074074075 0.08518518518518518
11 0.7282407407407407 0.42824074074074076 0.09722222222222222 0.09166666666666666
11 0.6074074074074074 0.4375 0.09074074074074075 0.08796296296296297
11 0.6694444444444444 0.5333333333333333 0.09444444444444444 0.07777777777777778
11 0.6027777777777777 0.5995370370370371 0.08148148148148149 0.044444444444444446
11 0.6921296296296297 0.5958333333333333 0.10555555555555556 0.08981481481481482
11 0.6967592592592593 0.6773148148148148 0.0787037037037037 0.08425925925925926
11 0.8291666666666667 0.6129629629629629 0.1 0.11388888888888889
11 0.9027777777777778 0.538425925925926 0.12407407407407407 0.09351851851851851
11 0.8675925925925926 0.7175925925925926 0.11851851851851852 0.10740740740740741
2 0.38981481481481484 0.8379629629629629 0.05648148148148148 0.04722222222222222
2 0.41759259259259257 0.7574074074074074 0.05277777777777778 0.058333333333333334
2 0.4685185185185185 0.7296296296296296 0.06666666666666667 0.05648148148148148
2 0.2935185185185185 0.7375 0.06851851851851852 0.041666666666666664
2 0.18518518518518517 0.6689814814814815 0.05092592592592592 0.06111111111111111
2 0.1962962962962963 0.5842592592592593 0.053703703703703705 0.05555555555555555
2 0.1550925925925926 0.4708333333333333 0.06481481481481481 0.05925925925925926
2 0.1787037037037037 0.5157407407407407 0.03796296296296296 0.03425925925925926
2 0.24074074074074073 0.4962962962962963 0.04537037037037037 0.06111111111111111
2 0.3675925925925926 0.46805555555555556 0.04537037037037037 0.04259259259259259
2 0.4685185185185185 0.42592592592592593 0.04814814814814815 0.06018518518518518
2 0.5263888888888889 0.4842592592592593 0.06388888888888888 0.03611111111111111
2 0.611574074074074 0.5564814814814815 0.025 0.03611111111111111
2 0.23194444444444445 0.2912037037037037 0.07777777777777778 0.046296296296296294
2 0.24953703703703703 0.22777777777777777 0.044444444444444446 0.04537037037037037
2 0.2851851851851852 0.19398148148148148 0.04537037037037037 0.04722222222222222
2 0.475462962962963 0.11435185185185186 0.05648148148148148 0.09351851851851851
2 0.5287037037037037 0.10138888888888889 0.03611111111111111 0.044444444444444446
2 0.5319444444444444 0.17083333333333334 0.03333333333333333 0.05092592592592592
2 0.45231481481481484 0.20972222222222223 0.049074074074074076 0.06388888888888888
2 0.4078703703703704 0.23981481481481481 0.04259259259259259 0.062037037037037036
2 0.4837962962962963 0.2962962962962963 0.03611111111111111 0.037037037037037035
2 0.4898148148148148 0.3421296296296296 0.049074074074074076 0.041666666666666664
2 0.4736111111111111 0.3685185185185185 0.037037037037037035 0.03148148148148148
2 0.3625 0.3050925925925926 0.041666666666666664 0.03888888888888889
2 0.3972222222222222 0.35509259259259257 0.04537037037037037 0.07407407407407407
2 0.24444444444444444 0.4111111111111111 0.025 0.025925925925925925
2 0.9152777777777777 0.16944444444444445 0.08148148148148149 0.049074074074074076
2 0.8305555555555556 0.18564814814814815 0.02962962962962963 0.032407407407407406
2 0.6578703703703703 0.2449074074074074 0.040740740740740744 0.10462962962962963
2 0.6148148148148148 0.262037037037037 0.037037037037037035 0.04351851851851852
2 0.6884259259259259 0.4009259259259259 0.03333333333333333 0.03425925925925926
2 0.7587962962962963 0.37407407407407406 0.044444444444444446 0.04537037037037037
2 0.8495370370370371 0.34444444444444444 0.06944444444444445 0.075
2 0.8337962962962963 0.27685185185185185 0.09537037037037037 0.049074074074074076
2 0.7657407407407407 0.7138888888888889 0.12777777777777777 0.10092592592592593
2 0.7597222222222222 0.6375 0.02962962962962963 0.03425925925925926
2 0.8384259259259259 0.6171296296296296 0.053703703703703705 0.04814814814814815