14 0.5072314814814814 0.5989782118707738 0.8858796296296296 0.4334710743801653
15 0.18262962962962964 0.5702028549962435 0.11173148148148149 0.0718106686701728
15 0.12625925925925927 0.6233583771600301 0.09041666666666667 0.04460555972952667
15 0.490962962962963 0.4627948910593539 0.09462037037037037 0.057257700976709236
15 0.5055925925925926 0.59381667918858 0.09949074074074074 0.07205108940646131
15 0.3853888888888889 0.6180390683696468 0.11810185185185185 0.061164537941397444
15 0.4678055555555556 0.660931630353118 0.14580555555555555 0.06041322314049587
15 0.5273703703703703 0.7107438016528925 0.12173148148148148 0.07350112697220135
15 0.6717962962962962 0.696656649135988 0.08149074074074074 0.06015026296018032
15 0.6743888888888889 0.5957926371149511 0.04705555555555556 0.036453794139744554
15 0.6295925925925926 0.5201427498121712 0.10983333333333334 0.0829526671675432
15 0.7461388888888889 0.5072952667167544 0.13265740740740742 0.057242674680691205
15 0.5109166666666667 0.5252141247182569 0.11320370370370371 0.06094665664913599
15 0.36848148148148147 0.5139744552967693 0.1177962962962963 0.05301277235161533
0 0.20258333333333334 0.6276859504132232 0.045009259259259256 0.0359504132231405
0 0.29505555555555557 0.6535161532682194 0.1720462962962963 0.03569496619083396
0 0.3613240740740741 0.5713298271975958 0.10042592592592592 0.07676183320811421
0 0.43399074074074073 0.5404207362885048 0.059898148148148145 0.03449286250939143
0 0.5759722222222222 0.4442524417731029 0.1000925925925926 0.09434259954921112
0 0.7528425925925927 0.6101202103681443 0.12169444444444445 0.15411720510894064
0 0.8471388888888889 0.581457550713749 0.10613888888888888 0.06710743801652892
0 0.6259444444444444 0.5833057851239669 0.06595370370370371 0.05351615326821939
0 0.6204537037037038 0.6729301277235161 0.06717592592592592 0.06640871525169045
0 0.5573888888888889 0.6254620586025544 0.0324537037037037 0.02288504883546206
0 0.46111111111111114 0.5953042824943652 0.059277777777777776 0.043643876784372655