14 0.5 0.5 1 1
2 0.31203703703703706 0.25601851851851853 0.19722222222222222 0.16944444444444445
2 0.7412037037037037 0.3712962962962963 0.32592592592592595 0.22962962962962963
2 0.35694444444444445 0.4722222222222222 0.2212962962962963 0.18888888888888888
2 0.48148148148148145 0.7268518518518519 0.21296296296296297 0.21203703703703702
4 0.3574074074074074 0.663425925925926 0.2222222222222222 0.20925925925925926
4 0.3375 0.3773148148148148 0.23333333333333334 0.2222222222222222
4 0.7078703703703704 0.5032407407407408 0.19722222222222222 0.2212962962962963
4 0.5375 0.23564814814814813 0.15462962962962962 0.14444444444444443
4 0.6282407407407408 0.30648148148148147 0.1361111111111111 0.10462962962962963
4 0.5740740740740741 0.4134259259259259 0.125 0.12037037037037036
4 0.48009259259259257 0.4217592592592593 0.10092592592592593 0.12685185185185185
4 0.5064814814814815 0.5236111111111111 0.08796296296296297 0.08333333333333333
4 0.22453703703703703 0.6856481481481481 0.125 0.1398148148148148
4 0.17407407407407408 0.5342592592592592 0.10925925925925926 0.13240740740740742
4 0.2037037037037037 0.3731481481481482 0.10648148148148148 0.13148148148148148
4 0.7675925925925926 0.30185185185185187 0.12129629629629629 0.09074074074074075
4 0.8467592592592592 0.5055555555555555 0.14166666666666666 0.19166666666666668
4 0.7777777777777778 0.6509259259259259 0.16574074074074074 0.17685185185185184
4 0.6458333333333334 0.7310185185185185 0.14537037037037037 0.17407407407407408
4 0.6023148148148149 0.5930555555555556 0.14722222222222223 0.16018518518518518
4 0.48055555555555557 0.6143518518518518 0.11203703703703703 0.12685185185185185