14 0.5 0.4556277056277056 1 0.9112554112554112
2 0.32592592592592595 0.23322510822510822 0.12407407407407407 0.11363636363636363
2 0.5037037037037037 0.1471861471861472 0.1361111111111111 0.08982683982683982
2 0.600462962962963 0.2857142857142857 0.16574074074074074 0.17207792207792208
2 0.7087962962962963 0.49242424242424243 0.21944444444444444 0.27056277056277056
2 0.31203703703703706 0.38852813852813856 0.1925925925925926 0.22510822510822512
4 0.49722222222222223 0.43452380952380953 0.19907407407407407 0.17424242424242425
4 0.5351851851851852 0.5838744588744589 0.21481481481481482 0.19696969696969696
4 0.7615740740740741 0.5898268398268398 0.1685185185185185 0.16233766233766234
4 0.8069444444444445 0.4810606060606061 0.0962962962962963 0.10064935064935066
4 0.7935185185185185 0.3268398268398268 0.10833333333333334 0.12229437229437229
4 0.6236111111111111 0.18831168831168832 0.16111111111111112 0.12987012987012986
4 0.3675925925925926 0.14502164502164502 0.14444444444444443 0.10064935064935066
4 0.4837962962962963 0.18398268398268397 0.10555555555555556 0.07792207792207792
4 0.4638888888888889 0.288961038961039 0.10925925925925926 0.15043290043290045
4 0.6018518518518519 0.3695887445887446 0.13333333333333333 0.10064935064935066
4 0.30925925925925923 0.49188311688311687 0.225 0.10822510822510822
4 0.26805555555555555 0.275974025974026 0.14351851851851852 0.11904761904761904