14 0.5248322147651007 0.4959731543624161 0.9503355704697987 0.9919463087248322
12 0.28053691275167786 0.5093959731543625 0.11275167785234899 0.11946308724832215
12 0.5020134228187919 0.21543624161073827 0.08993288590604027 0.07919463087248323
12 0.40268456375838924 0.2483221476510067 0.07651006711409396 0.06308724832214765
12 0.3187919463087248 0.38456375838926177 0.05503355704697987 0.07785234899328859
12 0.6986577181208053 0.6429530201342282 0.0953020134228188 0.12885906040268458
12 0.4147651006711409 0.4879194630872483 0.08322147651006712 0.04429530201342282
12 0.5812080536912752 0.4778523489932886 0.08993288590604027 0.10201342281879194
12 0.5778523489932886 0.5738255033557047 0.11812080536912752 0.0912751677852349
12 0.43355704697986575 0.6100671140939598 0.08993288590604027 0.09664429530201342
12 0.6080536912751678 0.6845637583892618 0.10335570469798658 0.1342281879194631
12 0.6026845637583893 0.28926174496644297 0.0697986577181208 0.10201342281879194
12 0.42013422818791946 0.34429530201342284 0.09664429530201342 0.0912751677852349