14 0.5288590604026846 0.4986577181208054 0.9422818791946309 0.9973154362416108
12 0.28993288590604027 0.4375838926174497 0.11006711409395974 0.11812080536912752
12 0.5946308724832214 0.23154362416107382 0.08859060402684564 0.07919463087248323
12 0.4899328859060403 0.2302013422818792 0.07651006711409396 0.06308724832214765
12 0.36644295302013424 0.33221476510067116 0.05503355704697987 0.07785234899328859
12 0.6409395973154363 0.7 0.09395973154362416 0.12751677852348994
12 0.42348993288590603 0.4610738255033557 0.08322147651006712 0.042953020134228186
12 0.5838926174496645 0.5053691275167785 0.08859060402684564 0.10067114093959731
12 0.5496644295302013 0.5953020134228187 0.11812080536912752 0.08993288590604027
12 0.40134228187919463 0.5825503355704698 0.08859060402684564 0.0953020134228188
12 0.5422818791946309 0.7100671140939597 0.10067114093959731 0.13288590604026845
12 0.6657718120805369 0.33422818791946307 0.06711409395973154 0.10067114093959731
12 0.47516778523489933 0.3268456375838926 0.0953020134228188 0.08993288590604027