11 0.5507915567282322 0.1174934725848564 0.10422163588390501 0.10052219321148825
11 0.4267810026385224 0.16383812010443866 0.1266490765171504 0.10052219321148825
11 0.48548812664907653 0.2565274151436031 0.09630606860158311 0.09660574412532637
11 0.4478891820580475 0.3218015665796345 0.09234828496042216 0.10182767624020887
11 0.4821899736147757 0.43537859007832896 0.08047493403693931 0.10574412532637076
11 0.591688654353562 0.3009138381201044 0.0633245382585752 0.08746736292428199
11 0.6543535620052771 0.1566579634464752 0.08047493403693931 0.09921671018276762
11 0.8212401055408971 0.2297650130548303 0.11477572559366754 0.10966057441253264
11 0.7117414248021108 0.293733681462141 0.10949868073878628 0.09138381201044386
11 0.8753298153034301 0.3283289817232376 0.09234828496042216 0.08093994778067885
11 0.7592348284960422 0.4027415143603133 0.09498680738786279 0.06266318537859007
11 0.6015831134564644 0.4281984334203655 0.09630606860158311 0.0835509138381201
11 0.695910290237467 0.4869451697127937 0.09366754617414248 0.1031331592689295
11 0.8034300791556728 0.5019582245430809 0.11213720316622691 0.097911227154047
11 0.920844327176781 0.4908616187989556 0.10290237467018469 0.10182767624020887
11 0.8370712401055409 0.5842036553524804 0.09234828496042216 0.08485639686684072
11 0.7262532981530343 0.606396866840731 0.11873350923482849 0.08093994778067885
11 0.6094986807387863 0.5424281984334204 0.10949868073878628 0.09660574412532637
11 0.4426121372031662 0.5306788511749347 0.06728232189973615 0.097911227154047
11 0.3687335092348285 0.48172323759791125 0.09762532981530343 0.10443864229765012
11 0.2757255936675462 0.43798955613577023 0.10026385224274406 0.09399477806788512
11 0.3186015831134565 0.3642297650130548 0.10949868073878628 0.08877284595300261
11 0.23087071240105542 0.3244125326370757 0.10686015831134564 0.10704960835509138
11 0.22823218997361477 0.20169712793733682 0.10422163588390501 0.1122715404699739
11 0.11147757255936676 0.5554830287206266 0.11741424802110818 0.09530026109660575
11 0.14643799472295516 0.6808093994778068 0.09366754617414248 0.08746736292428199
11 0.25 0.6475195822454308 0.10817941952506596 0.10704960835509138
11 0.3007915567282322 0.5515665796344648 0.09762532981530343 0.10182767624020887
11 0.2262532981530343 0.5117493472584856 0.11345646437994723 0.057441253263707574
11 0.36939313984168864 0.6168407310704961 0.08839050131926121 0.1122715404699739
11 0.43271767810026385 0.6409921671018277 0.09894459102902374 0.10182767624020887
11 0.5600263852242744 0.6168407310704961 0.10949868073878628 0.1227154046997389
11 0.6299472295514512 0.6964751958224543 0.09366754617414248 0.10966057441253264
11 0.5369393139841688 0.7389033942558747 0.09366754617414248 0.097911227154047
11 0.4155672823218997 0.75 0.11345646437994723 0.097911227154047
11 0.29353562005277045 0.7702349869451697 0.11477572559366754 0.1122715404699739
11 0.37994722955145116 0.8701044386422977 0.09366754617414248 0.1031331592689295
11 0.5395778364116095 0.881201044386423 0.10158311345646438 0.11488250652741515
11 0.6728232189973615 0.8485639686684073 0.09630606860158311 0.11618798955613577
11 0.8027704485488126 0.7513054830287206 0.09630606860158311 0.1174934725848564
11 0.8529023746701847 0.6723237597911227 0.10290237467018469 0.10182767624020887
14 0.5 0.5 1 1