14 0.5 0.5092592592592593 1 0.9814814814814815
2 0.4828703703703704 0.44305555555555554 0.23148148148148148 0.22314814814814815
4 0.29074074074074074 0.41574074074074074 0.09259259259259259 0.08333333333333333
4 0.3648148148148148 0.32083333333333336 0.12129629629629629 0.12222222222222222
4 0.49675925925925923 0.27361111111111114 0.1537037037037037 0.1175925925925926
4 0.5148148148148148 0.3523148148148148 0.14907407407407408 0.10277777777777777
4 0.6342592592592593 0.3277777777777778 0.14629629629629629 0.11018518518518519
4 0.6282407407407408 0.41388888888888886 0.13518518518518519 0.10648148148148148
4 0.7129629629629629 0.47453703703703703 0.11018518518518519 0.11574074074074074
4 0.6763888888888889 0.549074074074074 0.11296296296296296 0.15092592592592594
4 0.4824074074074074 0.5189814814814815 0.07037037037037037 0.06666666666666667
4 0.3875 0.4550925925925926 0.05925925925925926 0.07314814814814814
4 0.21342592592592594 0.4949074074074074 0.08981481481481482 0.08518518518518518
4 0.2884259259259259 0.5365740740740741 0.1175925925925926 0.125
4 0.3398148148148148 0.6342592592592593 0.09722222222222222 0.08148148148148149
4 0.4101851851851852 0.5657407407407408 0.11018518518518519 0.09907407407407408
4 0.5638888888888889 0.6314814814814815 0.1398148148148148 0.1111111111111111
4 0.4652777777777778 0.7412037037037037 0.12037037037037036 0.1175925925925926