11 0.6800791556728232 0.15796344647519583 0.12269129287598944 0.12010443864229765
11 0.5474934036939314 0.15926892950391644 0.1437994722955145 0.12532637075718014
11 0.5699208443271768 0.26631853785900783 0.11477572559366754 0.11357702349869452
11 0.512532981530343 0.31462140992167104 0.11213720316622691 0.11879895561357702
11 0.5059366754617414 0.43342036553524804 0.10158311345646438 0.11879895561357702
11 0.6543535620052771 0.34399477806788514 0.08179419525065963 0.097911227154047
11 0.7631926121372031 0.2297650130548303 0.10026385224274406 0.1122715404699739
11 0.895778364116095 0.35509138381201044 0.1358839050131926 0.13185378590078328
11 0.7697889182058048 0.3772845953002611 0.1266490765171504 0.1122715404699739
11 0.9116094986807388 0.4654046997389034 0.10686015831134564 0.09921671018276762
11 0.7770448548812665 0.4960835509138381 0.10554089709762533 0.08224543080939947
11 0.6207124010554089 0.466710182767624 0.11081794195250659 0.10182767624020887
11 0.6879947229551451 0.554177545691906 0.11345646437994723 0.12010443864229765
11 0.7849604221635884 0.6044386422976501 0.12928759894459102 0.11879895561357702
11 0.8990765171503958 0.6338120104438643 0.12137203166226913 0.12010443864229765
11 0.787598944591029 0.6932114882506527 0.10817941952506596 0.1031331592689295
11 0.6754617414248021 0.6762402088772846 0.13192612137203166 0.10574412532637076
11 0.5883905013192612 0.577023498694517 0.1279683377308707 0.1174934725848564
11 0.43535620052770446 0.5097911227154047 0.0870712401055409 0.10966057441253264
11 0.38324538258575197 0.4386422976501306 0.11741424802110818 0.12140992167101827
11 0.3106860158311346 0.3661879895561358 0.11873350923482849 0.1122715404699739
11 0.3759894459102902 0.3113577023498694 0.12532981530343007 0.11096605744125326
11 0.3073878627968338 0.24412532637075718 0.1266490765171504 0.12663185378590078
11 0.3476253298153034 0.1279373368146214 0.1266490765171504 0.13054830287206268
11 0.11609498680738786 0.42036553524804177 0.1345646437994723 0.1174934725848564
11 0.10554089709762533 0.5502610966057441 0.11081794195250659 0.10443864229765012
11 0.21437994722955145 0.554177545691906 0.1279683377308707 0.1279373368146214
11 0.2948548812664908 0.4804177545691906 0.11741424802110818 0.12010443864229765
11 0.23878627968337732 0.41840731070496084 0.12137203166226913 0.08224543080939947
11 0.3370712401055409 0.5652741514360313 0.11213720316622691 0.1279373368146214
11 0.38852242744063326 0.6096605744125326 0.11741424802110818 0.12010443864229765
11 0.5158311345646438 0.6305483028720626 0.13324538258575197 0.1422976501305483
11 0.554089709762533 0.72911227154047 0.11609498680738786 0.12663185378590078
11 0.4525065963060686 0.7369451697127938 0.11213720316622691 0.11618798955613577
11 0.3337730870712401 0.706266318537859 0.13060686015831136 0.12010443864229765
11 0.21240105540897097 0.683420365535248 0.1358839050131926 0.13446475195822455
11 0.2598944591029024 0.8074412532637075 0.11345646437994723 0.12010443864229765
11 0.40567282321899734 0.8714099216710183 0.12401055408970976 0.13315926892950392
11 0.5415567282321899 0.8864229765013055 0.12005277044854881 0.13185378590078328
11 0.6978891820580475 0.8387728459530026 0.12005277044854881 0.13446475195822455
11 0.7717678100263852 0.7813315926892951 0.12137203166226913 0.12140992167101827
14 0.5 0.5 1 1