14 0.5 0.44264069264069267 1 0.8852813852813853
2 0.2611111111111111 0.3143939393939394 0.12037037037037036 0.10822510822510822
2 0.4050925925925926 0.16504329004329005 0.13518518518518519 0.08333333333333333
2 0.5351851851851852 0.2591991341991342 0.16111111111111112 0.1645021645021645
2 0.6953703703703704 0.4134199134199134 0.2101851851851852 0.2619047619047619
2 0.2912037037037037 0.4659090909090909 0.18611111111111112 0.21645021645021645
4 0.4791666666666667 0.43885281385281383 0.19444444444444445 0.1645021645021645
4 0.5569444444444445 0.566017316017316 0.20925925925925926 0.18722943722943722
4 0.7722222222222223 0.48538961038961037 0.1638888888888889 0.15367965367965367
4 0.7847222222222222 0.3652597402597403 0.09351851851851851 0.09632034632034632
4 0.7291666666666666 0.22510822510822512 0.10462962962962963 0.11688311688311688
4 0.5300925925925926 0.15800865800865802 0.15833333333333333 0.12121212121212122
4 0.2759259259259259 0.21482683982683984 0.1425925925925926 0.09307359307359307
4 0.39675925925925926 0.20725108225108224 0.1037037037037037 0.07251082251082251
4 0.40694444444444444 0.31385281385281383 0.1037037037037037 0.1461038961038961
4 0.5597222222222222 0.33820346320346323 0.13055555555555556 0.09415584415584416
4 0.3175925925925926 0.564935064935065 0.22407407407407406 0.09523809523809523
4 0.21851851851851853 0.37662337662337664 0.1398148148148148 0.11255411255411256