14 0.5780386740331491 0.44751381215469616 0.8038674033149171 0.8273480662983426
0 0.6747237569060773 0.24930939226519336 0.30248618784530384 0.11740331491712708
0 0.47582872928176795 0.36187845303867405 0.30939226519337015 0.14226519337016574
0 0.29765193370165743 0.5124309392265194 0.21408839779005526 0.21685082872928177
0 0.550414364640884 0.5455801104972375 0.143646408839779 0.1850828729281768
0 0.6712707182320442 0.4171270718232044 0.10911602209944751 0.21408839779005526
0 0.7810773480662984 0.4185082872928177 0.16298342541436464 0.15331491712707182
0 0.7700276243093923 0.585635359116022 0.18232044198895028 0.1850828729281768
0 0.6767955801104972 0.6312154696132597 0.19751381215469613 0.12154696132596685
0 0.5414364640883977 0.14157458563535913 0.03729281767955801 0.10497237569060773
7 0.2900552486187845 0.5269337016574586 0.1132596685082873 0.09116022099447514
7 0.48687845303867405 0.6263812154696132 0.16022099447513813 0.11740331491712708
7 0.6774861878453039 0.7562154696132597 0.0856353591160221 0.09806629834254144
7 0.835635359116022 0.2948895027624309 0.07320441988950276 0.11049723756906077
7 0.8570441988950276 0.4046961325966851 0.09806629834254144 0.08839779005524862
7 0.7493093922651933 0.43922651933701656 0.0856353591160221 0.05939226519337017
7 0.7354972375690608 0.18853591160220995 0.0787292817679558 0.05939226519337017
7 0.5808011049723757 0.10497237569060773 0.09392265193370165 0.07458563535911603
7 0.5020718232044199 0.18646408839779005 0.09392265193370165 0.08287292817679558
7 0.38812154696132595 0.19613259668508287 0.08011049723756906 0.058011049723756904
7 0.319060773480663 0.2983425414364641 0.10082872928176796 0.06353591160220995
7 0.5303867403314917 0.40400552486187846 0.055248618784530384 0.05662983425414365
7 0.600828729281768 0.46408839779005523 0.058011049723756904 0.06906077348066299