14 0.5 0.47962962962962963 1 0.9388888888888889
2 0.7300925925925926 0.6324074074074074 0.18888888888888888 0.13703703703703704
2 0.8060185185185185 0.42777777777777776 0.18611111111111112 0.09907407407407408
2 0.5962962962962963 0.23194444444444445 0.0824074074074074 0.075
2 0.25416666666666665 0.4625 0.08148148148148149 0.09907407407407408
2 0.3939814814814815 0.5259259259259259 0.13333333333333333 0.10925925925925926
2 0.37916666666666665 0.36944444444444446 0.07222222222222222 0.046296296296296294
11 0.22083333333333333 0.2763888888888889 0.11018518518518519 0.10462962962962963
11 0.3638888888888889 0.32037037037037036 0.10277777777777777 0.08425925925925926
11 0.41712962962962963 0.19814814814814816 0.09444444444444444 0.08148148148148149
11 0.4740740740740741 0.23657407407407408 0.09444444444444444 0.07685185185185185
11 0.5032407407407408 0.28703703703703703 0.09814814814814815 0.08148148148148149
11 0.4787037037037037 0.34953703703703703 0.11944444444444445 0.09814814814814815
11 0.5342592592592592 0.38333333333333336 0.08611111111111111 0.0712962962962963
11 0.6333333333333333 0.275 0.11018518518518519 0.09907407407407408
11 0.7185185185185186 0.29074074074074074 0.12037037037037036 0.10277777777777777
11 0.8009259259259259 0.3773148148148148 0.12685185185185185 0.09537037037037037
11 0.6833333333333333 0.44027777777777777 0.17222222222222222 0.11666666666666667
11 0.7861111111111111 0.5435185185185185 0.12407407407407407 0.11481481481481481
11 0.5347222222222222 0.5902777777777778 0.13240740740740742 0.13333333333333333
11 0.6166666666666667 0.6018518518518519 0.1388888888888889 0.12685185185185185
11 0.38564814814814813 0.7087962962962963 0.13240740740740742 0.09444444444444444
11 0.27824074074074073 0.6574074074074074 0.12222222222222222 0.07592592592592592
11 0.3023148148148148 0.5115740740740741 0.11666666666666667 0.1111111111111111
11 0.43703703703703706 0.4439814814814815 0.13240740740740742 0.12685185185185185
11 0.6351851851851852 0.3662037037037037 0.08425925925925926 0.07685185185185185
4 0.33287037037037037 0.6055555555555555 0.13055555555555556 0.10925925925925926
4 0.4587962962962963 0.6601851851851852 0.14629629629629629 0.11388888888888889
4 0.6060185185185185 0.6990740740740741 0.11018518518518519 0.13055555555555556
4 0.8143518518518519 0.4675925925925926 0.07685185185185185 0.07407407407407407
4 0.6972222222222222 0.3527777777777778 0.11851851851851852 0.09537037037037037
4 0.7912037037037037 0.3277777777777778 0.0787037037037037 0.06111111111111111
4 0.6851851851851852 0.24166666666666667 0.10648148148148148 0.062037037037037036
4 0.4787037037037037 0.1837962962962963 0.06296296296296296 0.05
4 0.3106481481481482 0.24537037037037038 0.08888888888888889 0.07962962962962963
4 0.20972222222222223 0.38472222222222224 0.1259259259259259 0.0824074074074074
4 0.3597222222222222 0.42268518518518516 0.07037037037037037 0.06574074074074074