14 0.5138888888888888 0.4736111111111111 0.9722222222222222 0.8175925925925925
2 0.7606481481481482 0.55 0.17777777777777778 0.11388888888888889
2 0.7657407407407407 0.33194444444444443 0.1814814814814815 0.07314814814814814
2 0.5037037037037037 0.2152777777777778 0.075 0.06481481481481481
2 0.25555555555555554 0.5444444444444444 0.06944444444444445 0.09166666666666666
2 0.4083333333333333 0.5592592592592592 0.12314814814814815 0.09351851851851851
2 0.34305555555555556 0.41574074074074074 0.06944444444444445 0.03611111111111111
11 0.16342592592592592 0.37916666666666665 0.1 0.09166666666666666
11 0.31296296296296294 0.37453703703703706 0.09537037037037037 0.0712962962962963
11 0.32314814814814813 0.24166666666666667 0.08703703703703704 0.07037037037037037
11 0.38981481481481484 0.25925925925925924 0.08796296296296297 0.06574074074074074
11 0.4337962962962963 0.29768518518518516 0.09074074074074075 0.07037037037037037
11 0.4310185185185185 0.3648148148148148 0.1111111111111111 0.08425925925925926
11 0.49444444444444446 0.37824074074074077 0.07962962962962963 0.06111111111111111
11 0.5527777777777778 0.2439814814814815 0.10092592592592593 0.08703703703703704
11 0.6388888888888888 0.2310185185185185 0.1111111111111111 0.08888888888888889
11 0.7444444444444445 0.2861111111111111 0.11851851851851852 0.07962962962962963
11 0.6541666666666667 0.3837962962962963 0.1638888888888889 0.09444444444444444
11 0.7842592592592592 0.4476851851851852 0.11203703703703703 0.10092592592592593
11 0.562037037037037 0.5740740740740741 0.11851851851851852 0.11944444444444445
11 0.6435185185185185 0.5583333333333333 0.12685185185185185 0.1111111111111111
11 0.4597222222222222 0.7347222222222223 0.125 0.07777777777777778
11 0.3416666666666667 0.7212962962962963 0.1175925925925926 0.06018518518518518
11 0.31712962962962965 0.575462962962963 0.10555555555555556 0.09814814814814815
11 0.4217592592592593 0.4675925925925926 0.11944444444444445 0.11203703703703703
11 0.5842592592592593 0.32916666666666666 0.07685185185185185 0.06666666666666667
4 0.3763888888888889 0.6546296296296297 0.12037037037037036 0.09351851851851851
4 0.512962962962963 0.6648148148148149 0.1361111111111111 0.0962962962962963
4 0.6652777777777777 0.6532407407407408 0.09444444444444444 0.12037037037037036
4 0.7870370370370371 0.36666666666666664 0.06944444444444445 0.06574074074074074
4 0.638425925925926 0.2962962962962963 0.11018518518518519 0.08055555555555556
4 0.7194444444444444 0.24259259259259258 0.07407407407407407 0.05092592592592592
4 0.5912037037037037 0.19537037037037036 0.10277777777777777 0.04722222222222222
4 0.3768518518518518 0.20833333333333334 0.05925925925925926 0.04259259259259259
4 0.23796296296296296 0.32083333333333336 0.08148148148148149 0.06944444444444445
4 0.18796296296296297 0.48564814814814816 0.12037037037037036 0.06574074074074074
4 0.3421296296296296 0.4726851851851852 0.06388888888888888 0.05740740740740741