14 0.49706481481481485 0.5056018518518518 0.9932037037037038 0.9269351851851853
2 0.38137037037037036 0.2156574074074074 0.16922222222222222 0.12946296296296295
2 0.766287037037037 0.43830555555555556 0.2955277777777778 0.1580925925925926
2 0.36887037037037035 0.43599074074074073 0.1905185185185185 0.14421296296296296
2 0.4232592592592593 0.7141851851851853 0.17430555555555555 0.17282407407407407
4 0.3197962962962963 0.6209166666666667 0.18497222222222223 0.16683333333333333
4 0.3748888888888889 0.3394814814814815 0.1932962962962963 0.17802777777777778
4 0.7000925925925926 0.5570370370370371 0.15388888888888888 0.1872222222222222
4 0.6047314814814815 0.2545462962962963 0.12983333333333333 0.11463888888888889
4 0.6741666666666667 0.3461944444444444 0.12056481481481482 0.07573148148148148
4 0.5938518518518519 0.43553703703703706 0.10344444444444445 0.09699074074074074
4 0.5008055555555556 0.41933333333333334 0.07475925925925926 0.1108888888888889
4 0.4998796296296296 0.5246481481481482 0.0729074074074074 0.06687962962962964
4 0.18578703703703706 0.6081944444444445 0.0975 0.11823148148148148
4 0.1762962962962963 0.4489537037037037 0.08314814814814815 0.11458333333333333
4 0.2464259259259259 0.3008333333333333 0.07989814814814815 0.11462962962962962
4 0.8095740740740741 0.3776759259259259 0.10896296296296297 0.0646111111111111
4 0.8336481481481481 0.5949907407407408 0.10155555555555557 0.1705462962962963
4 0.7290277777777778 0.7176666666666667 0.1330462962962963 0.1473611111111111
4 0.5811203703703703 0.760712962962963 0.11038888888888888 0.1501296296296296
4 0.5746388888888889 0.6165185185185186 0.11594444444444445 0.13489814814814816
4 0.4517407407407407 0.6056481481481482 0.08773148148148148 0.10851851851851853