14 0.4527777777777778 0.55 0.9055555555555556 0.7992592592592592
9 0.36574074074074076 0.30666666666666664 0.07962962962962963 0.06074074074074074
9 0.5430555555555555 0.2774074074074074 0.08703703703703704 0.061481481481481484
9 0.5856481481481481 0.35777777777777775 0.06388888888888888 0.04518518518518518
9 0.45416666666666666 0.3625925925925926 0.062037037037037036 0.047407407407407405
9 0.5125 0.3825925925925926 0.075 0.05925925925925926
9 0.4722222222222222 0.40555555555555556 0.05648148148148148 0.037037037037037035
9 0.5421296296296296 0.45666666666666667 0.075 0.05703703703703704
9 0.600462962962963 0.49296296296296294 0.08703703703703704 0.06814814814814815
9 0.6208333333333333 0.47962962962962963 0.06018518518518518 0.04814814814814815
9 0.6555555555555556 0.4925925925925926 0.05925925925925926 0.05407407407407407
9 0.625 0.5874074074074074 0.08796296296296297 0.06962962962962962
9 0.6921296296296297 0.6159259259259259 0.08055555555555556 0.06518518518518518
9 0.5064814814814815 0.697037037037037 0.08888888888888889 0.06962962962962962
9 0.44027777777777777 0.7077777777777777 0.0787037037037037 0.06
9 0.47685185185185186 0.6459259259259259 0.0787037037037037 0.09185185185185185
9 0.5092592592592593 0.5574074074074075 0.0787037037037037 0.05851851851851852
9 0.44675925925925924 0.5125925925925926 0.09166666666666666 0.1037037037037037
9 0.40925925925925927 0.5655555555555556 0.049074074074074076 0.03481481481481481
9 0.3962962962962963 0.6285185185185185 0.06666666666666667 0.06
9 0.3282407407407407 0.5666666666666667 0.07314814814814814 0.05925925925925926
9 0.24537037037037038 0.524074074074074 0.08425925925925926 0.07111111111111111
9 0.13425925925925927 0.47074074074074074 0.1 0.06592592592592593
9 0.1550925925925926 0.5174074074074074 0.06759259259259259 0.05407407407407407
9 0.16712962962962963 0.5625925925925926 0.07962962962962963 0.07037037037037037
9 0.09768518518518518 0.6162962962962963 0.08148148148148149 0.04888888888888889
9 0.13425925925925927 0.42407407407407405 0.06388888888888888 0.04
9 0.1736111111111111 0.42 0.05092592592592592 0.04148148148148148
9 0.2847222222222222 0.3225925925925926 0.07962962962962963 0.08592592592592592
9 0.6166666666666667 0.32185185185185183 0.04259259259259259 0.03185185185185185
9 0.32916666666666666 0.6266666666666667 0.07314814814814814 0.05925925925925926
9 0.27037037037037037 0.5940740740740741 0.06574074074074074 0.05555555555555555
9 0.2712962962962963 0.644074074074074 0.07962962962962963 0.05407407407407407
9 0.2657407407407407 0.6885185185185185 0.08425925925925926 0.0674074074074074
13 0.21388888888888888 0.38925925925925925 0.08796296296296297 0.07925925925925927
13 0.29953703703703705 0.2751851851851852 0.0712962962962963 0.05555555555555555
13 0.3425925925925926 0.30962962962962964 0.08518518518518518 0.061481481481481484
13 0.5731481481481482 0.3985185185185185 0.0962962962962963 0.0674074074074074
13 0.6509259259259259 0.3874074074074074 0.09444444444444444 0.07703703703703704
13 0.6958333333333333 0.4822222222222222 0.08703703703703704 0.08148148148148149
13 0.6847222222222222 0.5585185185185185 0.09907407407407408 0.08148148148148149
13 0.7416666666666667 0.5648148148148148 0.09537037037037037 0.08
13 0.5175925925925926 0.4866666666666667 0.09814814814814815 0.07703703703703704
13 0.5041666666666667 0.5296296296296297 0.09537037037037037 0.0725925925925926
13 0.48333333333333334 0.5874074074074074 0.10462962962962963 0.07555555555555556
13 0.5726851851851852 0.5988888888888889 0.0962962962962963 0.09259259259259259
13 0.4375 0.6455555555555555 0.06666666666666667 0.06962962962962962
13 0.662962962962963 0.752962962962963 0.10555555555555556 0.07925925925925927
13 0.3365740740740741 0.7092592592592593 0.10648148148148148 0.0637037037037037
13 0.22314814814814815 0.7374074074074074 0.11481481481481481 0.12518518518518518
13 0.30694444444444446 0.7511111111111111 0.11944444444444445 0.08222222222222222
13 0.15324074074074073 0.6711111111111111 0.10462962962962963 0.09037037037037036
13 0.21666666666666667 0.6166666666666667 0.09537037037037037 0.09185185185185185
13 0.10740740740740741 0.5662962962962963 0.09907407407407408 0.08962962962962963
13 0.062037037037037036 0.4685185185185185 0.07222222222222222 0.06222222222222222
13 0.08888888888888889 0.5118518518518519 0.08518518518518518 0.06814814814814815
13 0.3037037037037037 0.40555555555555556 0.09351851851851851 0.07925925925925927
13 0.34953703703703703 0.38925925925925925 0.10648148148148148 0.07037037037037037
13 0.4310185185185185 0.40444444444444444 0.09907407407407408 0.0725925925925926
13 0.4185185185185185 0.447037037037037 0.10462962962962963 0.08148148148148149
10 0.5583333333333333 0.32 0.10277777777777777 0.06296296296296296
10 0.6314814814814815 0.3625925925925926 0.044444444444444446 0.03185185185185185
10 0.5421296296296296 0.4137037037037037 0.05740740740740741 0.05703703703703704
10 0.5101851851851852 0.43148148148148147 0.0712962962962963 0.06592592592592593
10 0.22546296296296298 0.43555555555555553 0.06296296296296296 0.05185185185185185
10 0.2810185185185185 0.4425925925925926 0.08425925925925926 0.06074074074074074
10 0.3490740740740741 0.45185185185185184 0.09351851851851851 0.06592592592592593
10 0.3680555555555556 0.5125925925925926 0.06944444444444445 0.04296296296296296
10 0.24675925925925926 0.56 0.10925925925925926 0.06592592592592593
10 0.3435185185185185 0.6692592592592592 0.10185185185185185 0.07037037037037037
10 0.5949074074074074 0.6507407407407407 0.09907407407407408 0.09555555555555556
10 0.14537037037037037 0.6259259259259259 0.049074074074074076 0.04296296296296296
10 0.2212962962962963 0.3325925925925926 0.06481481481481481 0.06222222222222222
10 0.37037037037037035 0.5896296296296296 0.06481481481481481 0.05333333333333334
10 0.12824074074074074 0.38555555555555554 0.05555555555555555 0.05333333333333334