14 0.5169722222222223 0.4748333333333334 0.9126481481481481 0.7404074074074074
2 0.755175925925926 0.5726481481481481 0.17014814814814813 0.09922222222222223
2 0.7795185185185185 0.3557777777777778 0.1768148148148148 0.058509259259259254
2 0.5284166666666668 0.21662037037037035 0.07008333333333333 0.059500000000000004
2 0.2525833333333333 0.5231944444444444 0.06222222222222223 0.08683333333333333
2 0.40335185185185185 0.5508703703703705 0.11657407407407408 0.08287037037037037
2 0.35120370370370374 0.40235185185185185 0.0666574074074074 0.03125925925925926
11 0.17510185185185187 0.3503148148148148 0.09263888888888888 0.08466666666666667
11 0.32462962962962966 0.3586018518518519 0.09013888888888888 0.06414814814814815
11 0.34650000000000003 0.22737037037037036 0.08198148148148149 0.06369444444444446
11 0.41125925925925927 0.2507222222222222 0.08295370370370371 0.058499999999999996
11 0.4517962962962963 0.2927314814814815 0.08492592592592592 0.06342592592592593
11 0.4430185185185185 0.3590925925925926 0.1044537037037037 0.07501851851851851
11 0.5050555555555556 0.37837037037037036 0.07527777777777778 0.054259259259259264
11 0.5748796296296297 0.2496111111111111 0.09380555555555556 0.07851851851851852
11 0.6616296296296296 0.2440462962962963 0.10416666666666667 0.07975
11 0.7622222222222222 0.30830555555555555 0.11255555555555556 0.06985185185185185
11 0.6636018518518519 0.3977685185185185 0.15755555555555556 0.08069444444444444
11 0.7879259259259259 0.4728981481481482 0.10463888888888889 0.09253703703703703
11 0.5553518518518519 0.5790462962962963 0.10912962962962963 0.10955555555555554
11 0.6377777777777778 0.5707685185185185 0.11825925925925926 0.10041666666666667
11 0.43943518518518515 0.730175925925926 0.11952777777777777 0.06823148148148148
11 0.3227777777777778 0.7064537037037038 0.11362037037037036 0.050444444444444445
11 0.31103703703703706 0.5592777777777778 0.09755555555555555 0.08978703703703704
11 0.42510185185185184 0.460787037037037 0.11063888888888888 0.10291666666666667
11 0.5986018518518519 0.3373425925925926 0.0720462962962963 0.06118518518518518
4 0.3634351851851852 0.6430555555555556 0.11337037037037037 0.08432407407407407
4 0.49874999999999997 0.6655462962962962 0.1294074074074074 0.08481481481481482
4 0.6511296296296296 0.6672777777777777 0.08563888888888889 0.11299074074074074
4 0.7973240740740741 0.39233333333333337 0.0641111111111111 0.05993518518518519
4 0.6555740740740741 0.3092962962962963 0.10441666666666666 0.07182407407407407
4 0.7409722222222223 0.26246296296296295 0.0700462962962963 0.04489814814814815
4 0.6173888888888889 0.20462962962962963 0.09973148148148148 0.038
4 0.4028611111111111 0.19857407407407407 0.05626851851851852 0.03825
4 0.2545648148148148 0.298787037037037 0.07606481481481482 0.06317592592592593
4 0.1902962962962963 0.45844444444444443 0.11562037037037037 0.056212962962962965
4 0.3450185185185185 0.4591851851851852 0.05924074074074074 0.05275