14 0.5023148148148148 0.4833948339483395 0.9935185185185185 0.966789667896679
9 0.6643518518518519 0.7112546125461254 0.09351851851851851 0.10239852398523985
9 0.8740740740740741 0.43496309963099633 0.08888888888888889 0.09686346863468635
9 0.7407407407407407 0.1992619926199262 0.09074074074074075 0.07564575645756458
9 0.6550925925925926 0.41420664206642066 0.09074074074074075 0.09778597785977859
9 0.4046296296296296 0.34686346863468637 0.09537037037037037 0.09870848708487084
9 0.29768518518518516 0.16051660516605165 0.0962962962962963 0.07933579335793357
9 0.05416666666666667 0.3874538745387454 0.07592592592592592 0.07564575645756458
9 0.17592592592592593 0.6369926199261993 0.08703703703703704 0.11162361623616236
15 0.31157407407407406 0.23247232472324722 0.16111111111111112 0.11808118081180811
15 0.5263888888888889 0.11992619926199262 0.10648148148148148 0.1706642066420664
15 0.8638888888888889 0.3440959409594096 0.14629629629629629 0.1014760147601476
15 0.7726851851851851 0.6116236162361623 0.11666666666666667 0.1706642066420664
15 0.43287037037037035 0.8874538745387454 0.16944444444444445 0.1595940959409594
15 0.10324074074074074 0.47186346863468637 0.17037037037037037 0.13745387453874539
7 0.2101851851851852 0.2140221402214022 0.1111111111111111 0.1503690036900369
7 0.24722222222222223 0.32149446494464945 0.1685185185185185 0.08763837638376384
7 0.3537037037037037 0.8099630996309963 0.10648148148148148 0.12546125461254612
7 0.7064814814814815 0.5198339483394834 0.12037037037037036 0.11162361623616236
7 0.6060185185185185 0.8302583025830258 0.1685185185185185 0.15682656826568267
7 0.5189814814814815 0.4709409594095941 0.08703703703703704 0.11531365313653137
7 0.7263888888888889 0.34317343173431736 0.11574074074074074 0.09132841328413284
8 0.22685185185185186 0.4146678966789668 0.0962962962962963 0.05627306273062731
8 0.28703703703703703 0.45802583025830257 0.06018518518518518 0.10239852398523985
8 0.3111111111111111 0.382380073800738 0.0712962962962963 0.07472324723247233
8 0.25555555555555554 0.5691881918819188 0.10648148148148148 0.08394833948339483
8 0.2773148148148148 0.665590405904059 0.06574074074074074 0.055350553505535055
8 0.4828703703703704 0.7795202952029521 0.07592592592592592 0.09317343173431734
8 0.549537037037037 0.6964944649446494 0.04537037037037037 0.1014760147601476
8 0.4513888888888889 0.5424354243542435 0.046296296296296294 0.09132841328413284
8 0.5398148148148149 0.9086715867158671 0.07962962962962963 0.05166051660516605
8 0.7125 0.7938191881918819 0.06388888888888888 0.07380073800738007
8 0.8694444444444445 0.6333025830258303 0.075 0.055350553505535055
8 0.9069444444444444 0.5705719557195572 0.05462962962962963 0.06365313653136531
8 0.6129629629629629 0.5908671586715867 0.05925925925925926 0.09132841328413284
8 0.674074074074074 0.599169741697417 0.07222222222222222 0.08579335793357934
8 0.7824074074074074 0.5170664206642066 0.06296296296296296 0.058118081180811805
8 0.85 0.27260147601476015 0.06851851851851852 0.07287822878228782
8 0.6518518518518519 0.26383763837638374 0.05277777777777778 0.06273062730627306
8 0.7712962962962963 0.10608856088560886 0.05555555555555555 0.061808118081180814
8 0.6092592592592593 0.09778597785977859 0.09074074074074075 0.07841328413284133
8 0.49722222222222223 0.25276752767527677 0.06666666666666667 0.07103321033210332
8 0.40324074074074073 0.2624538745387454 0.058333333333333334 0.06549815498154982
8 0.45925925925925926 0.31411439114391143 0.06111111111111111 0.07103321033210332
8 0.4615740740740741 0.4497232472324723 0.058333333333333334 0.11439114391143912
8 0.5268518518518519 0.45295202952029523 0.049074074074074076 0.04797047970479705
8 0.5037037037037037 0.3943726937269373 0.058333333333333334 0.046125461254612546