14 0.5 0.5 1 1
9 0.6953703703703704 0.6826568265682657 0.10740740740740741 0.11439114391143912
9 0.8592592592592593 0.3773062730627306 0.10277777777777777 0.1088560885608856
9 0.6902777777777778 0.16512915129151293 0.10092592592592593 0.08856088560885608
9 0.6393518518518518 0.39114391143911437 0.10462962962962963 0.10977859778597786
9 0.3814814814814815 0.363929889298893 0.10925925925925926 0.11162361623616236
9 0.24722222222222223 0.19603321033210333 0.10740740740740741 0.09317343173431734
9 0.04259259259259259 0.4584870848708487 0.08518518518518518 0.08671586715867159
9 0.2013888888888889 0.6858856088560885 0.10277777777777777 0.12269372693726938
15 0.27175925925925926 0.26522140221402213 0.17685185185185184 0.1411439114391144
15 0.4666666666666667 0.12038745387453874 0.13148148148148148 0.18357933579335795
15 0.8347222222222223 0.28920664206642066 0.15925925925925927 0.12177121771217712
15 0.7865740740740741 0.5678044280442804 0.14166666666666666 0.1863468634686347
15 0.49444444444444446 0.8929889298892989 0.19166666666666668 0.18357933579335795
15 0.1037037037037037 0.5341328413284133 0.18981481481481483 0.16143911439114392
7 0.16898148148148148 0.2624538745387454 0.13240740740740742 0.16512915129151293
7 0.2222222222222222 0.36300738007380073 0.17962962962962964 0.11254612546125461
7 0.4041666666666667 0.8288745387453874 0.12407407407407407 0.14022140221402213
7 0.7069444444444445 0.4870848708487085 0.1361111111111111 0.1282287822878229
7 0.6564814814814814 0.8099630996309963 0.18981481481481483 0.18081180811808117
7 0.5143518518518518 0.46817343173431736 0.1037037037037037 0.12638376383763839
7 0.6990740740740741 0.30996309963099633 0.12777777777777777 0.10793357933579335
8 0.21712962962962962 0.4584870848708487 0.1037037037037037 0.07011070110701106
8 0.2833333333333333 0.49169741697416974 0.075 0.10977859778597786
8 0.2949074074074074 0.4132841328413284 0.08148148148148149 0.08487084870848709
8 0.26944444444444443 0.6060885608856088 0.11851851851851852 0.09870848708487084
8 0.30648148148148147 0.698339483394834 0.07314814814814814 0.06457564575645756
8 0.5268518518518519 0.7785977859778598 0.08888888888888889 0.1033210332103321
8 0.5796296296296296 0.6863468634686347 0.06018518518518518 0.10608856088560886
8 0.4587962962962963 0.5493542435424354 0.05925925925925926 0.09686346863468635
8 0.6037037037037037 0.8976014760147601 0.08611111111111111 0.06365313653136531
8 0.7560185185185185 0.7569188191881919 0.075 0.08302583025830258
8 0.8861111111111111 0.5738007380073801 0.0824074074074074 0.06642066420664207
8 0.912962962962963 0.5059963099630996 0.06388888888888888 0.07103321033210332
8 0.625462962962963 0.5719557195571956 0.07222222222222222 0.09870848708487084
8 0.6875 0.5705719557195572 0.08425925925925926 0.0959409594095941
8 0.7814814814814814 0.4727859778597786 0.0712962962962963 0.06734317343173432
8 0.8101851851851852 0.22047970479704798 0.0787037037037037 0.08210332103321033
8 0.6129629629629629 0.24308118081180813 0.062037037037037036 0.07011070110701106
8 0.7060185185185185 0.06872693726937269 0.06388888888888888 0.06918819188191883
8 0.5444444444444444 0.0853321033210332 0.10185185185185185 0.09132841328413284
8 0.4583333333333333 0.25599630996309963 0.07685185185185185 0.08025830258302583
8 0.36712962962962964 0.28044280442804426 0.06759259259259259 0.07380073800738007
8 0.4310185185185185 0.32287822878228783 0.0712962962962963 0.07933579335793357
8 0.45416666666666666 0.4561808118081181 0.075 0.12177121771217712
8 0.5189814814814815 0.4492619926199262 0.05555555555555555 0.0544280442804428
8 0.48703703703703705 0.3948339483394834 0.06388888888888888 0.0544280442804428