14 0.4930925925925926 0.48629629629629634 0.9753518518518519 0.9347037037037037
15 0.2717407407407408 0.21441666666666667 0.10303703703703704 0.1067962962962963
15 0.48720370370370364 0.13933333333333334 0.09420370370370369 0.13252777777777777
15 0.5803981481481482 0.18009259259259258 0.12158333333333333 0.11593518518518518
15 0.7271944444444445 0.3583425925925926 0.1445648148148148 0.08679629629629629
15 0.3245092592592593 0.3287407407407408 0.10032407407407407 0.09187962962962963
15 0.14353703703703705 0.3221481481481482 0.12402777777777776 0.10237037037037038
15 0.10549074074074075 0.4772222222222222 0.11896296296296295 0.12498148148148147
15 0.30015740740740743 0.49362962962962964 0.0922037037037037 0.08675925925925926
15 0.42733333333333334 0.505287037037037 0.08948148148148148 0.24200000000000002
15 0.49059259259259264 0.453037037037037 0.06037962962962962 0.15441666666666667
15 0.553 0.4638611111111111 0.0870925925925926 0.10840740740740741
15 0.7804722222222222 0.6250277777777777 0.14624074074074073 0.17025925925925925
15 0.5856388888888889 0.668324074074074 0.1354537037037037 0.09448148148148149
15 0.3219722222222222 0.7730277777777778 0.11892592592592592 0.1798611111111111
15 0.4046851851851852 0.7657314814814815 0.1385 0.16750925925925925
4 0.4366388888888889 0.28882407407407407 0.15205555555555555 0.18794444444444444
4 0.5645 0.31250925925925926 0.12362037037037037 0.12705555555555556
4 0.7048703703703704 0.2296388888888889 0.11344444444444444 0.1304722222222222
4 0.7231296296296297 0.4603148148148148 0.23115740740740742 0.13175
4 0.6165833333333333 0.568712962962963 0.17367592592592593 0.11513888888888889
4 0.2137314814814815 0.61875 0.07835185185185185 0.4587685185185185
4 0.1489537037037037 0.6706851851851852 0.14837962962962964 0.2006851851851852
4 0.3075925925925926 0.611 0.14767592592592593 0.11175
4 0.43680555555555556 0.6583518518518519 0.13548148148148148 0.05762037037037037
4 0.5629722222222222 0.8056388888888889 0.1645462962962963 0.1661388888888889
4 0.739037037037037 0.7682685185185185 0.18853703703703703 0.10831481481481482
4 0.8122685185185186 0.3414259259259259 0.061 0.10709259259259259
4 0.5141018518518519 0.5802222222222222 0.08371296296296296 0.07049074074074074
4 0.37828703703703703 0.14880555555555555 0.10639814814814814 0.11087962962962963
4 0.23943518518518517 0.3158888888888889 0.06211111111111111 0.10676851851851853
4 0.18159259259259258 0.2325185185185185 0.07498148148148148 0.05165740740740741