14 0.5 0.49198396793587174 1 0.9839679358717435
2 0.1683366733466934 0.3727454909819639 0.1462925851703407 0.11022044088176353
2 0.2845691382765531 0.23146292585170342 0.1462925851703407 0.12224448897795591
2 0.5150300601202404 0.17535070140280562 0.11823647294589178 0.13026052104208416
2 0.48096192384769537 0.3186372745490982 0.10020040080160321 0.08817635270541083
2 0.34769539078156314 0.405811623246493 0.0841683366733467 0.12024048096192384
2 0.4408817635270541 0.6182364729458918 0.12224448897795591 0.10821643286573146
2 0.5090180360721442 0.5260521042084169 0.14228456913827656 0.15030060120240482
2 0.5751503006012024 0.42985971943887774 0.11022044088176353 0.09418837675350701
2 0.6993987975951904 0.44288577154308617 0.12024048096192384 0.0781563126252505
2 0.5991983967935872 0.30861723446893785 0.1523046092184369 0.1342685370741483
2 0.7565130260521042 0.23647294589178355 0.12424849699398798 0.11022044088176353
2 0.7625250501002004 0.3627254509018036 0.10020040080160321 0.09819639278557114
2 0.9258517034068137 0.39779559118236474 0.14228456913827656 0.13026052104208416
2 0.8517034068136272 0.6442885771543087 0.14829659318637275 0.1523046092184369
2 0.6362725450901804 0.7384769539078156 0.15831663326653306 0.11823647294589178
11 0.25250501002004005 0.46392785571142287 0.09819639278557114 0.09018036072144289
11 0.2995991983967936 0.32665330661322645 0.10220440881763528 0.0841683366733467
11 0.3787575150300601 0.24749498997995992 0.10220440881763528 0.09819639278557114
11 0.4498997995991984 0.2565130260521042 0.08617234468937876 0.08016032064128256
11 0.4318637274549098 0.17034068136272545 0.10821643286573146 0.08216432865731463
11 0.5621242484969939 0.18937875751503006 0.08617234468937876 0.07414829659318638
11 0.6863727454909819 0.18537074148296592 0.09018036072144289 0.09018036072144289
11 0.3967935871743487 0.4308617234468938 0.08617234468937876 0.10220440881763528
11 0.4529058116232465 0.3927855711422846 0.12024048096192384 0.10220440881763528
11 0.5741482965931863 0.3777555110220441 0.07414829659318638 0.05811623246492986
11 0.6202404809619239 0.4188376753507014 0.06613226452905811 0.0841683366733467
11 0.6893787575150301 0.374749498997996 0.12224448897795591 0.09218436873747494
11 0.6673346693386774 0.28857715430861725 0.08817635270541083 0.07615230460921844
11 0.7965931863727455 0.2635270541082164 0.07214428857715431 0.06813627254509018
11 0.7404809619238477 0.3096192384769539 0.0781563126252505 0.0841683366733467
11 0.87374749498998 0.4819639278557114 0.11222444889779559 0.09619238476953908
11 0.8557114228456913 0.5280561122244489 0.09819639278557114 0.11022044088176353
11 0.7705410821643287 0.43587174348697394 0.07615230460921844 0.06412825651302605
11 0.7334669338677354 0.4779559118236473 0.08817635270541083 0.08617234468937876
11 0.6352705410821643 0.56312625250501 0.13026052104208416 0.12625250501002003
11 0.7344689378757515 0.6082164328657315 0.10220440881763528 0.10020040080160321
11 0.6653306613226453 0.47394789579158314 0.09418837675350701 0.07615230460921844
11 0.5400801603206413 0.467935871743487 0.11623246492985972 0.09218436873747494
11 0.7555110220440882 0.7444889779559118 0.13827655310621242 0.09018036072144289
11 0.3396793587174349 0.5460921843687375 0.1462925851703407 0.09018036072144289
11 0.3927855711422846 0.624248496993988 0.1062124248496994 0.11022044088176353