14 0.5002204408817635 0.4545090180360722 0.9995591182364729 0.8992384769539079
2 0.15110220440881764 0.4323046092184369 0.13208416833667333 0.08885771543086173
2 0.24128256513026053 0.27334669338677353 0.12983967935871746 0.1004809619238477
2 0.4585771543086173 0.17761523046092184 0.10130260521042084 0.11386773547094188
2 0.4494589178356713 0.32523046092184366 0.08751503006012025 0.07509018036072145
2 0.33390781563126254 0.4340881763527054 0.06571142284569138 0.11022044088176353
2 0.46214428857715434 0.6262324649298597 0.10843687374749499 0.08923847695390781
2 0.5138076152304609 0.5240280561122245 0.12268537074148296 0.1297795591182365
2 0.5616633266533065 0.41805611222444894 0.09817635270541082 0.07817635270541082
2 0.6865731462925853 0.4091583166332665 0.11196392785571142 0.060360721442885776
2 0.5645691382765532 0.29450901803607216 0.1351302605210421 0.11160320641282565
2 0.7063927855711423 0.1956513026052104 0.11150300601202405 0.0920440881763527
2 0.7344488977955912 0.31877755511022043 0.08745490981963928 0.08442885771543086
2 0.9016432865731463 0.32523046092184366 0.12350701402805611 0.11070140280561122
2 0.8718236472945892 0.5812424849699399 0.12617234468937877 0.13288577154308617
2 0.6758917835671342 0.7110420841683367 0.14402805611222447 0.09410821643286574
11 0.24985971943887778 0.5069739478957915 0.08553106212424849 0.07667334669338677
11 0.27268537074148297 0.36374749498997994 0.09312625250501001 0.06839679358717435
11 0.33687374749499 0.27198396793587176 0.08835671342685371 0.08458917835671342
11 0.40783567134268534 0.2686573146292585 0.07575150300601202 0.06843687374749499
11 0.37551102204408815 0.18721442885771544 0.09667334669338677 0.06721442885771543
11 0.5070941883767535 0.1837675350701403 0.07691382765531063 0.06270541082164328
11 0.6285971943887776 0.15809619238476955 0.07737474949899799 0.07793587174348697
11 0.3864529058116232 0.4495390781563126 0.07100200400801603 0.0902004008016032
11 0.43519038076152305 0.4023647294589178 0.10665330661322645 0.08380761523046092
11 0.5520440881763528 0.36633266533066133 0.06693386773547094 0.04743486973947896
11 0.6045891783567134 0.3991382765531062 0.053126252505010026 0.07501002004008016
11 0.6648496993987976 0.34362725450901804 0.10945891783567134 0.0757314629258517
11 0.6279959919839679 0.2623246492985972 0.07855711422845692 0.06529058116232464
11 0.7509218436873747 0.2151503006012024 0.06284569138276554 0.05889779559118236
11 0.704188376753507 0.2703006012024048 0.06689378757515031 0.07408817635270541
11 0.8645490981963928 0.41733466933867736 0.09991983967935872 0.08046092184368737
11 0.8555110220440881 0.46547094188376753 0.08186372745490983 0.09827655310621242
11 0.7553106212424849 0.38975951903807615 0.06927855711422845 0.05384769539078157
11 0.7258316633266533 0.4382565130260521 0.0768937875751503 0.07474949899799599
11 0.6445090180360722 0.538937875751503 0.11398797595190381 0.10729458917835671
11 0.7500801603206413 0.5654308617234468 0.08733466933867735 0.08659318637274549
11 0.6578356713426854 0.445751503006012 0.08354709418837675 0.0635871743486974
11 0.5336072144288577 0.46142284569138275 0.1037875751503006 0.0759318637274549
11 0.7938276553106213 0.6965731462925852 0.12727454909819638 0.06829659318637274
11 0.35066132264529054 0.5734268537074148 0.1349498997995992 0.06929859719438877
11 0.4165130260521042 0.641062124248497 0.09072144288577155 0.09755511022044087