14 0.5 0.5 1 1
15 0.2300925925925926 0.2537037037037037 0.11851851851851852 0.12129629629629629
15 0.4310185185185185 0.14583333333333334 0.11388888888888889 0.14537037037037037
15 0.5291666666666667 0.1712962962962963 0.13796296296296295 0.13333333333333333
15 0.7023148148148148 0.324537037037037 0.15648148148148147 0.10833333333333334
15 0.3 0.35833333333333334 0.11388888888888889 0.10740740740740741
15 0.11990740740740741 0.3800925925925926 0.1388888888888889 0.12037037037037036
15 0.10694444444444444 0.5393518518518519 0.13703703703703704 0.14166666666666666
15 0.30185185185185187 0.525 0.10462962962962963 0.1
15 0.42916666666666664 0.5166666666666667 0.12685185185185185 0.25277777777777777
15 0.48333333333333334 0.4550925925925926 0.08333333333333333 0.16203703703703703
15 0.5467592592592593 0.45601851851851855 0.10277777777777777 0.12129629629629629
15 0.7967592592592593 0.5796296296296296 0.1712962962962963 0.19074074074074074
15 0.6111111111111112 0.6527777777777778 0.14907407407407408 0.11481481481481481
15 0.36666666666666664 0.7976851851851852 0.14537037037037037 0.1962962962962963
15 0.44722222222222224 0.7773148148148148 0.16296296296296298 0.18611111111111112
4 0.4041666666666667 0.3013888888888889 0.18055555555555555 0.20925925925925926
4 0.5342592592592592 0.30462962962962964 0.14166666666666666 0.14444444444444443
4 0.6601851851851852 0.20092592592592592 0.13240740740740742 0.14629629629629629
4 0.7143518518518519 0.42592592592592593 0.2490740740740741 0.16574074074074074
4 0.6259259259259259 0.549537037037037 0.18981481481481483 0.14074074074074075
4 0.23564814814814813 0.6620370370370371 0.14907407407407408 0.4648148148148148
4 0.18009259259259258 0.7236111111111111 0.17777777777777778 0.2212962962962963
4 0.32731481481481484 0.6398148148148148 0.1638888888888889 0.13333333333333333
4 0.4625 0.6662037037037037 0.1425925925925926 0.07777777777777778
4 0.6101851851851852 0.7921296296296296 0.18888888888888888 0.18981481481481483
4 0.7782407407407408 0.7277777777777777 0.2037037037037037 0.1361111111111111
4 0.7837962962962963 0.29444444444444445 0.07685185185185185 0.11574074074074074
4 0.5263888888888889 0.5768518518518518 0.09351851851851851 0.0824074074074074
4 0.325 0.17222222222222222 0.12222222222222222 0.1259259259259259
4 0.21388888888888888 0.3587962962962963 0.07777777777777778 0.11481481481481481
4 0.14351851851851852 0.28564814814814815 0.0824074074074074 0.06296296296296296