14 0.5 0.5 1 1
15 0.16342592592592592 0.35694444444444445 0.23703703703703705 0.23425925925925925
15 0.3388888888888889 0.1712962962962963 0.1962962962962963 0.1962962962962963
15 0.5819444444444445 0.15231481481481482 0.2222222222222222 0.20092592592592592
15 0.8018518518518518 0.2569444444444444 0.19814814814814816 0.19166666666666668
15 0.8560185185185185 0.4828703703703704 0.23055555555555557 0.2361111111111111
11 0.6652777777777777 0.39351851851851855 0.18425925925925926 0.18518518518518517
15 0.1875 0.6569444444444444 0.25555555555555554 0.2518518518518518
15 0.4476851851851852 0.8101851851851852 0.24722222222222223 0.25925925925925924
15 0.7546296296296297 0.7296296296296296 0.23148148148148148 0.2351851851851852
9 0.09259259259259259 0.5217592592592593 0.11388888888888889 0.08611111111111111
9 0.23194444444444445 0.24027777777777778 0.08611111111111111 0.08425925925925926
9 0.4537037037037037 0.14166666666666666 0.08518518518518518 0.09722222222222222
9 0.711574074074074 0.17962962962962964 0.08148148148148149 0.07314814814814814
9 0.6050925925925926 0.28703703703703703 0.07962962962962963 0.08703703703703704
9 0.8703703703703703 0.3435185185185185 0.0824074074074074 0.07777777777777778
9 0.7231481481481481 0.5467592592592593 0.08611111111111111 0.08981481481481482
9 0.8953703703703704 0.6620370370370371 0.1037037037037037 0.10092592592592593
9 0.6324074074074074 0.8652777777777778 0.09074074074074075 0.125
9 0.2763888888888889 0.7870370370370371 0.11203703703703703 0.08518518518518518
9 0.4634259259259259 0.6060185185185185 0.0962962962962963 0.09907407407407408
9 0.5175925925925926 0.45185185185185184 0.09351851851851851 0.08333333333333333
9 0.3277777777777778 0.39444444444444443 0.10185185185185185 0.08703703703703704
11 0.4476851851851852 0.32175925925925924 0.19722222222222222 0.17592592592592593
11 0.36712962962962964 0.5254629629629629 0.18425925925925926 0.17222222222222222
11 0.5768518518518518 0.5953703703703703 0.1962962962962963 0.1824074074074074