14 0.5 0.47873731679819614 1 0.9430439684329199
2 0.12770370370370368 0.5735851183765501 0.052055555555555556 0.06011273957158963
2 0.1385648148148148 0.5145208568207441 0.06509259259259259 0.05131905298759865
2 0.18027777777777776 0.5935174746335965 0.04422222222222222 0.05411499436302142
2 0.25601851851851853 0.6143179255918827 0.10590740740740741 0.10277339346110484
2 0.30671296296296297 0.47538895152198424 0.09721296296296296 0.10454340473506202
2 0.32858333333333334 0.5732356257046223 0.0859074074074074 0.06645997745208569
2 0.39723148148148146 0.5478466741826381 0.06677777777777778 0.058004509582863586
2 0.5582777777777779 0.6314205186020294 0.11077777777777778 0.06291995490417136
2 0.6909444444444445 0.6347688838782413 0.08642592592592593 0.08724915445321307
2 0.6884814814814815 0.39673055242390076 0.07281481481481482 0.09790304396843293
2 0.7720462962962963 0.33092446448703494 0.098 0.07916572717023675
2 0.8699444444444444 0.40321307779030435 0.09682407407407406 0.07561443066516346
2 0.8760370370370371 0.4972040586245772 0.06843518518518518 0.0766403607666291
2 0.9367129629629629 0.3207102593010147 0.1 0.061195039458850055
2 0.86575 0.31471251409244644 0.06814814814814814 0.05201803833145434
2 0.8952962962962963 0.27520856820744083 0.04612962962962963 0.03225479143179256
2 0.8715462962962963 0.23165727170236752 0.05656481481481482 0.024137542277339347
2 0.8674907407407407 0.19498308906426154 0.0484537037037037 0.026944757609921082
2 0.8977592592592593 0.16270574971815108 0.08291666666666667 0.046065388951521985
2 0.9378796296296296 0.2007891770011274 0.04438888888888889 0.051691093573844424
2 0.7839259259259259 0.12021420518602029 0.08119444444444444 0.06335963923337092
2 0.6351851851851852 0.14631341600901918 0.07050925925925926 0.045016910935738445
2 0.6711018518518518 0.18386696730552424 0.0844074074074074 0.06016910935738444
2 0.7010833333333333 0.22688838782412626 0.04298148148148148 0.04745208568207441
2 0.6343148148148148 0.2653325817361894 0.08614814814814815 0.04674182638105975
2 0.6991944444444445 0.2954791431792559 0.042111111111111106 0.04003382187147689
2 0.6340277777777777 0.322108229988726 0.056601851851851855 0.05447576099210823
2 0.5087407407407408 0.2535174746335964 0.1681388888888889 0.06190529875986471
2 0.0495 0.3321533258173619 0.09262037037037037 0.12747463359639233
2 0.12958333333333333 0.2334160090191657 0.08768518518518519 0.07108229988726042
2 0.16130555555555556 0.20009019165727168 0.04973148148148148 0.03617812852311161
2 0.20359259259259258 0.2321758737316798 0.06478703703703703 0.05098083427282976
2 0.19983333333333334 0.16905298759864712 0.0630462962962963 0.044656144306651636
2 0.22474074074074074 0.14013528748590756 0.054935185185185184 0.02914317925591883
2 0.2552962962962963 0.20554678692220968 0.08418518518518518 0.07885005636978579
2 0.3356759259259259 0.21613303269447576 0.07403703703703703 0.05768883878241263
2 0.3391574074074074 0.2563359639233371 0.08098148148148147 0.05343855693348365
2 0.39260185185185187 0.2889627959413754 0.0343425925925926 0.05872604284103721
2 0.4127314814814815 0.21825253664036076 0.04274074074074074 0.04781285231116121
2 0.37521296296296297 0.1843968432919955 0.06910185185185184 0.06474633596392333
2 0.4146111111111111 0.16641488162344983 0.06677777777777778 0.049943630214205184
2 0.4372037037037037 0.09428410372040585 0.0772037037037037 0.06441939120631342
2 0.3385740740740741 0.08195039458850056 0.045064814814814814 0.046798196166854565
2 0.3668148148148148 0.11104847801578353 0.023342592592592592 0.030913190529875987
2 0.5636388888888889 0.07648252536640361 0.0838425925925926 0.046448703494926726
2 0.6328611111111111 0.08476888387824126 0.0890462962962963 0.06653889515219842
2 0.6965925925925927 0.0697857948139797 0.05427777777777777 0.025997745208568207
2 0.768425925925926 0.06607666290868094 0.047314814814814816 0.06443066516347237
2 0.726712962962963 0.11615558060879369 0.03341666666666667 0.03762119503945885
2 0.47732407407407407 0.1651747463359639 0.0618425925925926 0.058049605411499436
2 0.5659537037037037 0.15406989853438557 0.0768888888888889 0.046426155580608794
2 0.6023055555555555 0.19568207440811725 0.048212962962962964 0.03089064261555806
2 0.47152777777777777 0.3485569334836528 0.0618425925925926 0.05799323562570462
2 0.19316666666666668 0.4540022547914318 0.05551851851851852 0.06431792559188275
2 0.15464814814814815 0.4092108229988726 0.05378703703703704 0.038229988726042836
2 0.23632407407407408 0.44536640360766633 0.04335185185185185 0.036459977452085686
2 0.5905740740740741 0.4961443066516347 0.09716666666666667 0.08157835400225479
2 0.6838425925925925 0.5014317925591882 0.0635462962962963 0.056888387824126266
2 0.6328703703703704 0.37059751972942506 0.0427037037037037 0.042119503945885005
2 0.7978240740740741 0.27043968432919957 0.039481481481481485 0.039334836527621195