14 0.4957407407407407 0.4973185185185185 0.9914907407407407 0.7973777777777779
12 0.27269444444444446 0.4086666666666667 0.14151851851851852 0.09362962962962963
12 0.3917685185185185 0.3196 0.1313240740740741 0.12068888888888889
12 0.5601018518518518 0.30919259259259263 0.06493518518518518 0.05646666666666667
12 0.5222407407407407 0.26133333333333336 0.12763888888888889 0.18475555555555553
12 0.832037037037037 0.41159259259259257 0.10397222222222223 0.19718518518518519
12 0.8147407407407407 0.5153185185185185 0.08972222222222223 0.08871111111111112
12 0.7198888888888889 0.3990592592592593 0.11987037037037038 0.11024444444444445
12 0.5680462962962963 0.37545925925925927 0.08487962962962962 0.05325925925925926
12 0.5894166666666667 0.41420740740740736 0.042138888888888885 0.07213333333333333
12 0.6380648148148148 0.4414 0.06207407407407408 0.05161481481481482
12 0.695861111111111 0.637925925925926 0.22652777777777777 0.1612962962962963
12 0.6307314814814815 0.705525925925926 0.19397222222222224 0.22136296296296296
12 0.8173888888888888 0.5819185185185185 0.09094444444444444 0.10139259259259259
12 0.45201851851851854 0.5075259259259259 0.0792037037037037 0.20045925925925925
12 0.3999074074074074 0.5355111111111112 0.1313240740740741 0.10303703703703704
12 0.30648148148148147 0.4824296296296296 0.16837962962962963 0.08156296296296296
12 0.20226851851851851 0.5929925925925925 0.12280555555555556 0.08445925925925926
12 0.17255555555555557 0.6447703703703704 0.05523148148148148 0.051222222222222225
10 0.4257592592592592 0.3954814814814815 0.12195370370370372 0.05748888888888889
10 0.5196018518518518 0.3998814814814815 0.09385185185185185 0.06953333333333334
10 0.5912407407407407 0.34256296296296296 0.12314814814814815 0.05913333333333333
10 0.6551574074074075 0.41159999999999997 0.09626851851851852 0.07995555555555556
10 0.5617314814814814 0.4536148148148148 0.11704629629629629 0.04020740740740741
10 0.5812685185185185 0.5460962962962963 0.1398425925925926 0.09488888888888888
10 0.5550185185185185 0.6219703703703704 0.07511111111111111 0.07077037037037037
10 0.3101481481481481 0.5825703703703704 0.05358333333333333 0.07664444444444445
4 0.3669351851851852 0.7348 0.20378703703703704 0.2280222222222222
4 0.2684259259259259 0.3184666666666667 0.10447222222222222 0.06304444444444444
4 0.7072685185185186 0.29648148148148146 0.15162037037037038 0.0939925925925926
4 0.9020648148148148 0.45654074074074075 0.08115740740740741 0.09165925925925926