14 0.5 0.5 1 1
15 0.15231481481481482 0.38657407407407407 0.25092592592592594 0.2490740740740741
15 0.3106481481481482 0.1865740740740741 0.2074074074074074 0.2074074074074074
15 0.5513888888888889 0.14629629629629629 0.23333333333333334 0.21481481481481482
15 0.7796296296296297 0.23194444444444445 0.20925925925925926 0.2037037037037037
15 0.8527777777777777 0.45185185185185184 0.24537037037037038 0.25
11 0.6555555555555556 0.37962962962962965 0.19537037037037036 0.1962962962962963
15 0.2023148148148148 0.6833333333333333 0.27037037037037037 0.2675925925925926
15 0.47453703703703703 0.8134259259259259 0.26296296296296295 0.2740740740740741
15 0.774074074074074 0.7064814814814815 0.24537037037037038 0.2490740740740741
9 0.0962962962962963 0.5574074074074075 0.1175925925925926 0.09444444444444444
9 0.2101851851851852 0.26435185185185184 0.09166666666666666 0.08981481481481482
9 0.42268518518518516 0.14722222222222223 0.09074074074074075 0.10185185185185185
9 0.6828703703703703 0.1625 0.08518518518518518 0.0787037037037037
9 0.5861111111111111 0.27870370370370373 0.08518518518518518 0.09074074074074075
9 0.8555555555555555 0.31157407407407406 0.08703703703703704 0.08333333333333333
9 0.7263888888888889 0.5273148148148148 0.09166666666666666 0.09537037037037037
9 0.9078703703703703 0.6268518518518519 0.10925925925925926 0.10740740740740741
9 0.663425925925926 0.8523148148148149 0.09907407407407408 0.1287037037037037
9 0.3023148148148148 0.8055555555555556 0.11574074074074074 0.09259259259259259
9 0.4726851851851852 0.6087962962962963 0.10185185185185185 0.10462962962962963
9 0.513425925925926 0.45046296296296295 0.09814814814814815 0.08981481481481482
9 0.3194444444444444 0.4097222222222222 0.10740740740740741 0.09444444444444444
11 0.4324074074074074 0.32731481481481484 0.2074074074074074 0.18796296296296297
11 0.3699074074074074 0.5370370370370371 0.19444444444444445 0.18333333333333332
11 0.5847222222222223 0.5879629629629629 0.2064814814814815 0.19444444444444445