14 0.5 0.5 1 1
2 0.27361111111111114 0.4114457831325301 0.2361111111111111 0.23132530120481928
2 0.3578703703703704 0.03855421686746988 0.18796296296296297 0.07710843373493977
2 0.5800925925925926 0.10240963855421686 0.1935185185185185 0.19518072289156627
2 0.8157407407407408 0.16987951807228915 0.175 0.14337349397590363
2 0.8041666666666667 0.38012048192771086 0.23425925925925925 0.2385542168674699
2 0.5430555555555555 0.30542168674698794 0.21851851851851853 0.22409638554216868
2 0.32592592592592595 0.19518072289156627 0.14166666666666666 0.15421686746987953
2 0.5097222222222222 0.5313253012048192 0.12129629629629629 0.17951807228915662
2 0.7300925925925926 0.6 0.11018518518518519 0.14578313253012049
2 0.6791666666666667 0.7843373493975904 0.1388888888888889 0.18072289156626506
2 0.337037037037037 0.7656626506024097 0.10740740740740741 0.12530120481927712
2 0.5453703703703704 0.9234939759036145 0.1537037037037037 0.1530120481927711