14 0.5005185185185185 0.5685753931544866 0.9989722222222223 0.6170582793709528
2 0.4009814814814815 0.6575300647548565 0.19496296296296298 0.0857354301572618
2 0.7414166666666667 0.5737742830712304 0.17621296296296296 0.09296022201665124
2 0.7666018518518518 0.4468640148011101 0.1792962962962963 0.10843663274745606
2 0.5192592592592592 0.3893154486586494 0.15991666666666668 0.06736355226641998
2 0.2827037037037037 0.4519981498612396 0.1806388888888889 0.08172062904717854
2 0.17780555555555555 0.5953469010175764 0.15601851851851853 0.11556891766882517
15 0.46270370370370373 0.7068547641073081 0.05915740740740741 0.04872340425531915
15 0.5696574074074074 0.4746068455134135 0.11257407407407408 0.065263644773358
15 0.4930462962962963 0.522913968547641 0.051944444444444446 0.03852913968547641
15 0.39894444444444443 0.5198242368177612 0.06742592592592592 0.04469010175763182
15 0.36191666666666666 0.3893154486586494 0.0797962962962963 0.05502312673450509
15 0.13564814814814816 0.5301017576318223 0.05937037037037037 0.04058279370952821
15 0.23952777777777778 0.5331914893617021 0.057249999999999995 0.02208140610545791