14 0.5 0.5027777777777778 1 0.9944444444444445
11 0.21851851851851853 0.44351851851851853 0.13703703703703704 0.11018518518518519
11 0.3453703703703704 0.5398148148148149 0.15648148148148147 0.125
11 0.325 0.29212962962962963 0.17037037037037037 0.12962962962962962
11 0.3990740740740741 0.6712962962962963 0.16944444444444445 0.12777777777777777
11 0.6851851851851852 0.6106481481481482 0.15555555555555556 0.14351851851851852
11 0.5763888888888888 0.4824074074074074 0.15648148148148147 0.15185185185185185
11 0.736574074074074 0.39814814814814814 0.14074074074074075 0.12777777777777777
11 0.6416666666666667 0.3050925925925926 0.12962962962962962 0.12777777777777777
11 0.5087962962962963 0.33611111111111114 0.12685185185185185 0.10833333333333334
11 0.6472222222222223 0.18101851851851852 0.12962962962962962 0.09444444444444444
2 0.46944444444444444 0.44583333333333336 0.18425925925925926 0.13148148148148148