14 0.5 0.5 1 1
2 0.15833333333333333 0.3449074074074074 0.287962962962963 0.17962962962962964
2 0.42962962962962964 0.28564814814814815 0.2361111111111111 0.19166666666666668
2 0.7800925925925926 0.2875 0.3907407407407407 0.2759259259259259
2 0.7152777777777778 0.06157407407407407 0.3398148148148148 0.12314814814814815
9 0.5555555555555556 0.5634259259259259 0.14814814814814814 0.13703703703703704
9 0.2375 0.1787037037037037 0.1111111111111111 0.0787037037037037
9 0.5324074074074074 0.20972222222222223 0.09166666666666666 0.08425925925925926
9 0.812962962962963 0.1875 0.09259259259259259 0.09074074074074075
9 0.08287037037037037 0.28194444444444444 0.10462962962962963 0.11296296296296296
4 0.6810185185185185 0.5435185185185185 0.3712962962962963 0.337037037037037
4 0.5569444444444445 0.41574074074074074 0.14722222222222223 0.13518518518518519
4 0.7949074074074074 0.14537037037037037 0.24814814814814815 0.1814814814814815
4 0.4935185185185185 0.05 0.13148148148148148 0.1
4 0.21805555555555556 0.41574074074074074 0.13518518518518519 0.10092592592592593