14 0.5 0.5304695304695305 1 0.939060939060939
4 0.30569430569430567 0.468031968031968 0.08291708291708291 0.09090909090909091
4 0.31868131868131866 0.6233766233766234 0.1028971028971029 0.0979020979020979
4 0.5104895104895105 0.7002997002997003 0.1258741258741259 0.13186813186813187
4 0.5494505494505495 0.5589410589410589 0.11888111888111888 0.0989010989010989
4 0.6983016983016983 0.6103896103896104 0.13686313686313686 0.0989010989010989
4 0.6933066933066933 0.4835164835164835 0.11888111888111888 0.0899100899100899
4 0.6993006993006993 0.3806193806193806 0.1108891108891109 0.0979020979020979
4 0.8016983016983017 0.479020979020979 0.1048951048951049 0.0969030969030969
4 0.497002997002997 0.37362637362637363 0.08891108891108891 0.07192807192807193
4 0.482017982017982 0.2887112887112887 0.0899100899100899 0.06293706293706294
4 0.43506493506493504 0.4130869130869131 0.07492507492507493 0.06893106893106893
0 0.43956043956043955 0.5284715284715285 0.12287712287712288 0.12487512487512488
0 0.6133866133866134 0.5424575424575424 0.11388611388611389 0.14285714285714285
0 0.6088911088911089 0.33016983016983015 0.1028971028971029 0.11288711288711288
0 0.4095904095904096 0.2937062937062937 0.13086913086913088 0.12487512487512488
0 0.23326673326673328 0.3841158841158841 0.11288711288711288 0.14585414585414586
0 0.3051948051948052 0.5339660339660339 0.16083916083916083 0.09490509490509491
0 0.34615384615384615 0.3841158841158841 0.09490509490509491 0.0979020979020979
0 0.6088911088911089 0.6953046953046953 0.0939060939060939 0.08791208791208792
0 0.8106893106893107 0.5764235764235764 0.1008991008991009 0.0899100899100899