14 0.5 0.5 1 1
11 0.2689814814814815 0.3300925925925926 0.14907407407407408 0.12962962962962962
11 0.34305555555555556 0.4708333333333333 0.17037037037037037 0.14722222222222223
11 0.42916666666666664 0.2375 0.18518518518518517 0.15462962962962962
11 0.33611111111111114 0.6125 0.18333333333333332 0.1527777777777778
11 0.6212962962962963 0.6787037037037037 0.17314814814814813 0.1648148148148148
11 0.5763888888888888 0.5166666666666667 0.17592592592592593 0.17314814814814813
11 0.7574074074074074 0.5074074074074074 0.15648148148148147 0.14722222222222223
11 0.7106481481481481 0.38333333333333336 0.14629629629629629 0.14537037037037037
11 0.5773148148148148 0.35509259259259257 0.1398148148148148 0.1259259259259259
11 0.7680555555555556 0.27314814814814814 0.1398148148148148 0.11388888888888889
2 0.4949074074074074 0.43796296296296294 0.19814814814814816 0.15925925925925927