14 0.4537037037037037 0.45092592592592595 0.7888888888888889 0.7277777777777777
7 0.562037037037037 0.5449074074074074 0.10925925925925926 0.1111111111111111
7 0.3925925925925926 0.5578703703703703 0.12314814814814815 0.10740740740740741
7 0.28379629629629627 0.5319444444444444 0.10462962962962963 0.08981481481481482
7 0.4615740740740741 0.45416666666666666 0.08518518518518518 0.09351851851851851
7 0.6458333333333334 0.39305555555555555 0.12407407407407407 0.11944444444444445
7 0.5018518518518519 0.20555555555555555 0.11666666666666667 0.11481481481481481
7 0.46805555555555556 0.3023148148148148 0.08703703703703704 0.10185185185185185
7 0.3402777777777778 0.2574074074074074 0.10462962962962963 0.09351851851851851
7 0.24537037037037038 0.33935185185185185 0.10277777777777777 0.09074074074074075
7 0.1375 0.42685185185185187 0.08796296296296297 0.08981481481481482
7 0.3837962962962963 0.3560185185185185 0.10555555555555556 0.09351851851851851