14 0.5 0.5 1 1
11 0.5592592592592592 0.700462962962963 0.16111111111111112 0.1787037037037037
11 0.35555555555555557 0.5 0.2064814814814815 0.2101851851851852
11 0.7648148148148148 0.6208333333333333 0.2898148148148148 0.2601851851851852
11 0.8518518518518519 0.37916666666666665 0.15925925925925927 0.14351851851851852
11 0.6754629629629629 0.2564814814814815 0.15092592592592594 0.1638888888888889
11 0.5504629629629629 0.16944444444444445 0.09814814814814815 0.11481481481481481
11 0.4222222222222222 0.1310185185185185 0.24444444444444444 0.23981481481481481
11 0.24814814814814815 0.18981481481481483 0.18888888888888888 0.17222222222222222
11 0.20092592592592592 0.38935185185185184 0.27037037037037037 0.2611111111111111
11 0.6546296296296297 0.4078703703703704 0.29259259259259257 0.2175925925925926