14 0.5 0.5 1 1
15 0.3984375 0.353125 0.090625 0.0875
15 0.45625 0.65703125 0.059375 0.05625
15 0.66875 0.69453125 0.0859375 0.0953125
15 0.6609375 0.5546875 0.1265625 0.1390625
15 0.67109375 0.39453125 0.09375 0.1140625
15 0.525 0.234375 0.071875 0.065625
15 0.56484375 0.29140625 0.0625 0.0671875
15 0.81171875 0.25546875 0.1125 0.1078125
15 0.30390625 0.52109375 0.14375 0.1359375
15 0.4171875 0.55078125 0.1 0.0796875
15 0.28046875 0.3625 0.065625 0.0578125
15 0.7265625 0.48515625 0.0890625 0.1015625
15 0.9109375 0.51796875 0.0828125 0.0921875
15 0.428125 0.7390625 0.1328125 0.1296875
4 0.36640625 0.63984375 0.11875 0.1234375
4 0.575 0.45625 0.159375 0.1609375
4 0.57109375 0.71953125 0.10625 0.1125
4 0.746875 0.6265625 0.128125 0.1390625
4 0.73984375 0.3375 0.13125 0.1359375
4 0.46484375 0.25703125 0.1171875 0.109375
4 0.2125 0.4890625 0.1046875 0.1
15 0.53671875 0.64921875 0.0546875 0.0640625
15 0.49140625 0.39453125 0.096875 0.115625
15 0.4296875 0.30625 0.0578125 0.0421875
3 0.61640625 0.21953125 0.234375 0.2046875
3 0.5359375 0.83203125 0.1890625 0.165625
3 0.8109375 0.465625 0.1421875 0.1359375
3 0.50234375 0.54609375 0.1609375 0.1453125
3 0.365625 0.42265625 0.171875 0.1546875
3 0.33515625 0.26640625 0.1390625 0.1265625
3 0.3640625 0.74921875 0.1171875 0.1203125