14 0.5 0.5458333333333333 1 0.9083333333333333
9 0.16666666666666666 0.39537037037037037 0.11851851851851852 0.1
9 0.125 0.20601851851851852 0.07777777777777778 0.06759259259259259
9 0.21064814814814814 0.2638888888888889 0.053703703703703705 0.05925925925925926
9 0.3277777777777778 0.24351851851851852 0.08703703703703704 0.06388888888888888
9 0.3263888888888889 0.19166666666666668 0.05555555555555555 0.044444444444444446
9 0.5013888888888889 0.5851851851851851 0.10925925925925926 0.08425925925925926
9 0.4847222222222222 0.42962962962962964 0.07685185185185185 0.05925925925925926
9 0.48703703703703705 0.3675925925925926 0.07222222222222222 0.053703703703703705
9 0.44583333333333336 0.3189814814814815 0.06296296296296296 0.07037037037037037
9 0.8824074074074074 0.5305555555555556 0.07314814814814814 0.04722222222222222
9 0.9319444444444445 0.5787037037037037 0.0824074074074074 0.06111111111111111
9 0.9824074074074074 0.425 0.03518518518518519 0.05185185185185185
9 0.7726851851851851 0.30324074074074076 0.08981481481481482 0.07037037037037037
9 0.7356481481481482 0.3726851851851852 0.07592592592592592 0.06481481481481481
9 0.5907407407407408 0.29398148148148145 0.07222222222222222 0.05185185185185185
9 0.4986111111111111 0.2300925925925926 0.08333333333333333 0.06481481481481481
15 0.6592592592592592 0.7092592592592593 0.15092592592592594 0.10833333333333334
15 0.7592592592592593 0.7083333333333334 0.1388888888888889 0.11203703703703703
15 0.8847222222222222 0.700925925925926 0.1935185185185185 0.22777777777777777
15 0.5592592592592592 0.4074074074074074 0.10833333333333334 0.07037037037037037
15 0.6754629629629629 0.3675925925925926 0.08425925925925926 0.08703703703703704
15 0.7125 0.32083333333333336 0.10185185185185185 0.0712962962962963
15 0.27685185185185185 0.4930555555555556 0.14814814814814814 0.11574074074074074
15 0.3125 0.5726851851851852 0.12685185185185185 0.11018518518518519
15 0.1375 0.5018518518518519 0.19537037037037036 0.13240740740740742
15 0.2611111111111111 0.3425925925925926 0.16574074074074074 0.11574074074074074
15 0.24814814814814815 0.40925925925925927 0.12222222222222222 0.1175925925925926
15 0.41203703703703703 0.2791666666666667 0.12685185185185185 0.0824074074074074
15 0.37916666666666665 0.34953703703703703 0.1175925925925926 0.09907407407407408
4 0.5194444444444445 0.5175925925925926 0.20277777777777778 0.13425925925925927
4 0.8949074074074074 0.44583333333333336 0.1935185185185185 0.12129629629629629
4 0.6402777777777777 0.6111111111111112 0.12777777777777777 0.12129629629629629
4 0.549537037037037 0.3472222222222222 0.14166666666666666 0.12222222222222222
4 0.15648148148148147 0.2847222222222222 0.12407407407407407 0.08796296296296297
4 0.07175925925925926 0.38101851851851853 0.10833333333333334 0.07962962962962963
4 0.2537037037037037 0.16712962962962963 0.08611111111111111 0.07407407407407407
4 0.39490740740740743 0.42407407407407405 0.10185185185185185 0.06574074074074074
15 0.6097222222222223 0.47962962962962963 0.13703703703703704 0.0962962962962963
15 0.060648148148148145 0.3106481481481482 0.075 0.08055555555555556
9 0.0587962962962963 0.24722222222222223 0.040740740740740744 0.05185185185185185