14 0.5155277777777778 0.5078703703703704 0.9611018518518518 0.8902314814814816
11 0.22768518518518518 0.4097314814814815 0.1261574074074074 0.09518518518518518
11 0.34185185185185185 0.5208148148148148 0.14460185185185184 0.10747222222222222
11 0.35162037037037036 0.27241666666666664 0.15796296296296294 0.11067592592592593
11 0.37887037037037036 0.6576203703703704 0.15691666666666668 0.10947222222222222
11 0.6704444444444445 0.6324166666666666 0.14130555555555557 0.1269722222222222
11 0.5778796296296297 0.49200925925925926 0.1413611111111111 0.13628703703703704
11 0.7470740740740741 0.4277314814814815 0.12788888888888889 0.11265740740740741
11 0.6642777777777777 0.32384259259259257 0.11662962962962962 0.11476851851851852
11 0.5285185185185185 0.33824074074074073 0.11671296296296296 0.09418518518518518
11 0.6848518518518518 0.20144444444444445 0.12073148148148147 0.07984259259259259
2 0.47605555555555557 0.4426481481481481 0.17228703703703704 0.11162962962962963