14 0.5029629629629631 0.49140740740740746 0.9940833333333332 0.9709814814814816
11 0.6153611111111111 0.6741111111111111 0.12298148148148147 0.14914814814814817
11 0.3617592592592592 0.5422222222222223 0.1637222222222222 0.1695
11 0.7886296296296297 0.5379907407407407 0.2429166666666667 0.19824074074074075
11 0.8009074074074074 0.28141666666666665 0.13385185185185186 0.10959259259259259
11 0.5967685185185185 0.21589814814814814 0.11623148148148148 0.13582407407407407
11 0.45139814814814816 0.16898148148148148 0.07302777777777779 0.09780555555555555
11 0.3177962962962963 0.1698148148148148 0.19756481481481483 0.1907962962962963
11 0.16860185185185186 0.2771851851851852 0.15792592592592594 0.13157407407407407
11 0.18169444444444444 0.48138888888888887 0.21962962962962962 0.2058425925925926
11 0.6208333333333333 0.3667962962962963 0.2607685185185185 0.14844444444444443