14 0.5031851851851853 0.49043518518518514 0.9857962962962964 0.4356111111111111
9 0.20558333333333334 0.3896759259259259 0.10046296296296296 0.061250000000000006
9 0.30894444444444447 0.4709351851851852 0.0911388888888889 0.0756111111111111
9 0.5270092592592592 0.5851203703703703 0.10235185185185186 0.0910648148148148
9 0.4683888888888889 0.4750648148148149 0.07968518518518519 0.06015740740740741
9 0.5861203703703703 0.4267037037037037 0.0961111111111111 0.07357407407407407
9 0.7059351851851852 0.3948240740740741 0.0826574074074074 0.046842592592592595
9 0.7877314814814815 0.3804351851851852 0.06858333333333333 0.031324074074074074
6 0.34287962962962965 0.33464814814814814 0.12197222222222222 0.043787037037037034
15 0.3176851851851852 0.3680833333333333 0.0901111111111111 0.030398148148148146
15 0.45962037037037035 0.32487962962962963 0.07767592592592593 0.030416666666666668
15 0.3819722222222222 0.4390462962962963 0.06435185185185185 0.061222222222222226
9 0.1965 0.3386388888888889 0.05792592592592593 0.02851851851851852
9 0.7592685185185185 0.3390925925925926 0.040990740740740744 0.025842592592592594