14 0.5271874999999999 0.48089062499999996 0.9210312500000001 0.8597187500000001
15 0.35603125 0.39403125 0.07246875 0.06721875000000001
15 0.509625 0.66271875 0.048421874999999996 0.042109375
15 0.72309375 0.6288750000000001 0.062859375 0.08065625
15 0.6699843750000001 0.499203125 0.094125 0.115078125
15 0.6278125 0.344546875 0.066046875 0.09953125
15 0.43724999999999997 0.24093749999999997 0.059921875 0.048546875
15 0.493484375 0.281546875 0.047390625 0.054765625
15 0.71528125 0.167515625 0.09098437499999999 0.0829375
15 0.32165625000000003 0.584078125 0.11621875 0.10357812500000001
15 0.43828125 0.575234375 0.086984375 0.054640625
15 0.247734375 0.44140625 0.055874999999999994 0.04325
15 0.70903125 0.41224999999999995 0.065984375 0.08492187500000001
15 0.894390625 0.38309375 0.061703125000000004 0.07659375
15 0.510140625 0.74915625 0.1056875 0.10246875
4 0.419015625 0.675734375 0.092203125 0.099375
4 0.557 0.43410937499999996 0.12440625000000001 0.128640625
4 0.63875 0.6840625 0.08165625 0.091046875
4 0.774640625 0.539296875 0.09718750000000001 0.114015625
4 0.6741406249999999 0.26853125 0.10245312499999999 0.10996874999999999
4 0.3878125 0.2815625 0.09521874999999999 0.082703125
4 0.2248125 0.583046875 0.085046875 0.076515625
15 0.583046875 0.6288750000000001 0.039 0.05565625
15 0.45754687499999996 0.403390625 0.06928125 0.098453125
15 0.370609375 0.339359375 0.051625 0.026625
3 0.518453125 0.19718750000000002 0.1973125 0.14853125
3 0.642375 0.8022656250000001 0.157671875 0.1211875
3 0.78296875 0.366421875 0.11384375 0.105765625
3 0.5174218749999999 0.5424218749999999 0.132765625 0.107765625
3 0.34768750000000004 0.47056250000000005 0.14328125 0.11404687499999999
3 0.26803125 0.332578125 0.11521875 0.094328125
3 0.45285937499999995 0.779875 0.091140625 0.09517187499999999