14 0.5 0.5 1 1
15 0.33046875 0.44375 0.0890625 0.0859375
15 0.559375 0.6515625 0.059375 0.0546875
15 0.75234375 0.55390625 0.084375 0.0953125
15 0.66171875 0.446875 0.125 0.1375
15 0.5734375 0.3125 0.09375 0.1140625
15 0.36015625 0.27265625 0.071875 0.0640625
15 0.4265625 0.29453125 0.0609375 0.0671875
15 0.60234375 0.1171875 0.1125 0.10625
15 0.35625 0.63515625 0.1421875 0.134375
15 0.46484375 0.590625 0.0984375 0.078125
15 0.2421875 0.521875 0.065625 0.0578125
15 0.671875 0.3515625 0.0890625 0.1
15 0.8390625 0.2671875 0.08125 0.0921875
15 0.58671875 0.73359375 0.13125 0.1296875
4 0.47734375 0.6921875 0.11875 0.121875
4 0.53359375 0.41953125 0.1578125 0.1609375
4 0.6890625 0.63203125 0.1046875 0.1109375
4 0.7734375 0.45234375 0.128125 0.1390625
4 0.59375 0.22578125 0.13125 0.1359375
4 0.32578125 0.3265625 0.115625 0.1078125
4 0.2640625 0.6640625 0.1046875 0.0984375
15 0.61875 0.596875 0.0546875 0.0640625
15 0.4296875 0.42109375 0.0953125 0.115625
15 0.32734375 0.3875 0.0578125 0.040625
3 0.42421875 0.20625 0.2328125 0.2015625
3 0.72890625 0.74375 0.1875 0.1640625
3 0.728125 0.28515625 0.140625 0.134375
3 0.5296875 0.53515625 0.159375 0.14375
3 0.34609375 0.51875 0.1703125 0.153125
3 0.22734375 0.4125 0.1375 0.125
3 0.54140625 0.78046875 0.115625 0.11875