14 0.5020555555555556 0.46725925925925926 0.9958888888888888 0.765787037037037
5 0.5233703703703704 0.6103055555555555 0.1681388888888889 0.10126851851851852
5 0.7866574074074074 0.578925925925926 0.1638611111111111 0.14345370370370372
5 0.836037037037037 0.3634444444444444 0.10212037037037038 0.12606481481481482
5 0.8329444444444445 0.46425 0.13297222222222224 0.06841666666666667
5 0.27601851851851855 0.5537314814814814 0.16110185185185186 0.09923148148148149
5 0.2744814814814815 0.45859259259259255 0.1518425925925926 0.06327777777777778
5 0.43749074074074074 0.3485277777777778 0.15071296296296297 0.0900648148148148
5 0.35676851851851854 0.4452222222222222 0.10653703703703704 0.07356481481481482
5 0.11096296296296297 0.29710185185185184 0.1210925925925926 0.11065740740740741
5 0.2667777777777778 0.1371574074074074 0.1179074074074074 0.0809074074074074
5 0.5151574074074075 0.17470370370370372 0.08998148148148148 0.06339814814814815
5 0.674574074074074 0.1819074074074074 0.12482407407407407 0.06133333333333333
5 0.6015462962962963 0.36448148148148146 0.10226851851851852 0.06639814814814814