14 0.5 0.5641891891891891 1 0.8716216216216216
7 0.23986486486486486 0.5371621621621622 0.15 0.11621621621621622
7 0.32432432432432434 0.7114864864864865 0.1581081081081081 0.1554054054054054
7 0.43108108108108106 0.5371621621621622 0.22567567567567567 0.15
7 0.5722972972972973 0.5952702702702702 0.16216216216216217 0.12567567567567567
7 0.652027027027027 0.6695945945945946 0.11216216216216217 0.11621621621621622
7 0.4756756756756757 0.7418918918918919 0.12837837837837837 0.12297297297297298
7 0.754054054054054 0.7256756756756757 0.10270270270270271 0.1472972972972973
7 0.7695945945945946 0.6236486486486487 0.13648648648648648 0.10675675675675676
7 0.606081081081081 0.422972972972973 0.1445945945945946 0.12162162162162163
14 0.7047297297297297 0.11824324324324324 0.5905405405405405 0.23648648648648649
15 0.802027027027027 0.10270270270270271 0.1 0.062162162162162166
15 0.6054054054054054 0.041891891891891894 0.11081081081081082 0.06756756756756757