14 0.6898148148148148 0.5 0.6203703703703703 1
12 0.49027777777777776 0.29583333333333334 0.12962962962962962 0.26944444444444443
12 0.6185185185185185 0.449537037037037 0.2111111111111111 0.20462962962962963
12 0.736574074074074 0.8388888888888889 0.37777777777777777 0.1037037037037037
12 0.6162037037037037 0.6421296296296296 0.22407407407407406 0.12777777777777777
2 0.5856481481481481 0.6976851851851852 0.12314814814814815 0.1037037037037037
2 0.788425925925926 0.4847222222222222 0.08703703703703704 0.08703703703703704
2 0.6518518518518519 0.2300925925925926 0.12314814814814815 0.10648148148148148
6 0.8916666666666667 0.7587962962962963 0.062037037037037036 0.062037037037037036
6 0.6953703703703704 0.7 0.06388888888888888 0.05462962962962963
6 0.5893518518518519 0.3388888888888889 0.0712962962962963 0.11296296296296296
6 0.449537037037037 0.30416666666666664 0.03425925925925926 0.0712962962962963
6 0.7342592592592593 0.49074074074074076 0.075 0.06666666666666667