14 0.5231481481481481 0.5 0.9537037037037037 1
15 0.3125 0.686623012160898 0.1398148148148148 0.1225444340505145
15 0.4388888888888889 0.7666043030869972 0.12222222222222222 0.12067352666043031
15 0.6351851851851852 0.853601496725912 0.17777777777777778 0.17680074836295603
15 0.7935185185185185 0.7913938260056127 0.14537037037037037 0.1449953227315248
15 0.9347222222222222 0.7778297474275023 0.12314814814814815 0.11506080449017773
15 0.9023148148148148 0.6113189897100093 0.11203703703703703 0.12067352666043031
15 0.8069444444444445 0.6445275958840038 0.10555555555555556 0.10944808231992516
15 0.649074074074074 0.6824134705332086 0.15 0.1421889616463985
15 0.46620370370370373 0.6524789522918616 0.06574074074074074 0.07015902712815715
15 0.524537037037037 0.569223573433115 0.10185185185185185 0.0813844714686623
15 0.38657407407407407 0.509354536950421 0.11203703703703703 0.10009354536950421
15 0.4398148148148148 0.35360149672591207 0.10462962962962963 0.10477081384471469
15 0.5097222222222222 0.21047708138447146 0.09537037037037037 0.09260991580916744
15 0.6763888888888889 0.11786716557530402 0.09074074074074075 0.10009354536950421
15 0.7944444444444444 0.1342376052385407 0.08703703703703704 0.09354536950420954
15 0.9060185185185186 0.31711880261927033 0.08796296296296297 0.1038353601496726
15 0.9111111111111111 0.460710944808232 0.11851851851851852 0.10009354536950421
15 0.9763888888888889 0.5486435921421889 0.04722222222222222 0.12067352666043031
15 0.7416666666666667 0.3601496725912067 0.11574074074074074 0.1038353601496726
15 0.5699074074074074 0.4345182413470533 0.10185185185185185 0.09167446211412535
15 0.7462962962962963 0.5481758652946679 0.09722222222222222 0.1019644527595884
0 0.6199074074074075 0.43966323666978485 0.10185185185185185 0.10851262862488306
0 0.38796296296296295 0.5884003741814781 0.21944444444444444 0.15528531337698784
0 0.3296296296296296 0.41721234798877455 0.16944444444444445 0.13002806361085126
0 0.6018518518518519 0.3068288119738073 0.16666666666666666 0.15528531337698784
0 0.5652777777777778 0.10430308699719364 0.1398148148148148 0.15528531337698784
0 0.7675925925925926 0.25958840037418146 0.16296296296296298 0.166510757717493
0 0.8125 0.4307764265668849 0.14629629629629629 0.12722170252572498
0 0.8601851851851852 0.5346117867165575 0.13148148148148148 0.10757717492984098
0 0.8643518518518518 0.7146866230121609 0.22870370370370371 0.21889616463985032
0 0.5268518518518519 0.7413470533208606 0.1712962962962963 0.225444340505145