14 0.5 0.5 1 1
10 0.39748201438848924 0.8507194244604317 0.17266187050359713 0.2643884892086331
10 0.09622302158273381 0.48741007194244607 0.19244604316546762 0.16546762589928057
10 0.3857913669064748 0.08812949640287769 0.18525179856115107 0.1223021582733813
10 0.8345323741007195 0.5935251798561151 0.12410071942446044 0.1528776978417266
10 0.32014388489208634 0.6115107913669064 0.18525179856115107 0.1618705035971223
4 0.8219424460431655 0.8201438848920863 0.35611510791366907 0.2841726618705036
4 0.5899280575539568 0.2787769784172662 0.30035971223021585 0.302158273381295
4 0.7275179856115108 0.06564748201438848 0.3183453237410072 0.13129496402877697
4 0.050359712230215826 0.2643884892086331 0.10071942446043165 0.2158273381294964
4 0.21762589928057555 0.35701438848920863 0.20863309352517986 0.17446043165467626
4 0.2904676258992806 0.4847122302158273 0.21762589928057555 0.17985611510791366
4 0.20413669064748202 0.7859712230215827 0.2068345323741007 0.23381294964028776
4 0.5566546762589928 0.5503597122302158 0.2787769784172662 0.2158273381294964
15 0.24370503597122303 0.9523381294964028 0.24640287769784172 0.09532374100719425
15 0.5359712230215827 0.8327338129496403 0.1079136690647482 0.11151079136690648
15 0.3327338129496403 0.7266187050359713 0.12949640287769784 0.11690647482014388
15 0.7733812949640287 0.2392086330935252 0.17625899280575538 0.17266187050359713
15 0.8435251798561151 0.12589928057553956 0.15827338129496402 0.1420863309352518
15 0.34802158273381295 0.06924460431654676 0.16906474820143885 0.12410071942446044
15 0.1510791366906475 0.20863309352517986 0.19424460431654678 0.17086330935251798
15 0.37859712230215825 0.18705035971223022 0.10971223021582734 0.10431654676258993
15 0.591726618705036 0.12859712230215828 0.11690647482014388 0.09532374100719425