14 0.6518518518518519 0.5 0.6962962962962963 1
12 0.4583333333333333 0.3 0.1675925925925926 0.28055555555555556
12 0.6092592592592593 0.43194444444444446 0.2361111111111111 0.23148148148148148
12 0.7870370370370371 0.7976851851851852 0.3814814814814815 0.15925925925925927
12 0.6370370370370371 0.6222222222222222 0.2361111111111111 0.15833333333333333
2 0.6157407407407407 0.6819444444444445 0.13518518518518519 0.12037037037037036
2 0.7824074074074074 0.4398148148148148 0.09814814814814815 0.09814814814814815
2 0.6078703703703704 0.20972222222222223 0.1361111111111111 0.12222222222222222
6 0.9273148148148148 0.6944444444444444 0.06944444444444445 0.07037037037037037
6 0.7240740740740741 0.6671296296296296 0.07037037037037037 0.06296296296296296
6 0.562962962962963 0.32685185185185184 0.08703703703703704 0.12037037037037036
6 0.41944444444444445 0.3148148148148148 0.044444444444444446 0.07407407407407407
6 0.7296296296296296 0.45416666666666666 0.08333333333333333 0.07592592592592592