14 0.5066851851851852 0.5212592592592593 0.9866296296296296 0.7565092592592593
15 0.44625 0.7018425925925926 0.07562962962962963 0.12385185185185184
15 0.32796296296296296 0.5727685185185185 0.12300925925925925 0.06939814814814815
15 0.69925 0.2780740740740741 0.10014814814814814 0.05410185185185185
15 0.7440185185185185 0.31923148148148145 0.0880925925925926 0.07346296296296297
15 0.5393333333333333 0.31150925925925926 0.05808333333333333 0.05305555555555555
15 0.46167592592592593 0.3500833333333333 0.06944444444444445 0.04995370370370371
15 0.5007592592592593 0.4251666666666667 0.08587962962962963 0.051972222222222225
15 0.5686388888888889 0.7003148148148148 0.06114814814814815 0.04053703703703704
15 0.6869166666666666 0.6555648148148148 0.07547222222222223 0.04364814814814815
15 0.43237037037037035 0.574824074074074 0.06637962962962962 0.06116666666666667
0 0.3711666666666667 0.4534444444444445 0.08596296296296296 0.07767592592592593
0 0.35676851851851854 0.35162037037037036 0.10653703703703704 0.04686111111111111
0 0.5809814814814815 0.4945833333333333 0.08582407407407407 0.15994444444444444
0 0.5588703703703705 0.34132407407407406 0.07247222222222222 0.1373888888888889
0 0.6565740740740741 0.5995 0.04566666666666667 0.13521296296296295
0 0.4112777777777778 0.6252222222222222 0.11678703703703704 0.03851851851851852