14 0.5283981481481481 0.5094074074074074 0.8818981481481482 0.9241759259259259
6 0.21329629629629632 0.522361111111111 0.08502777777777777 0.06736111111111111
6 0.44213888888888886 0.5506481481481482 0.07974074074074075 0.06837962962962962
6 0.5156759259259259 0.5892222222222222 0.06015740740740741 0.07762037037037037
6 0.4195 0.6308796296296296 0.10855555555555554 0.08068518518518518
6 0.4987037037037037 0.7321944444444445 0.05708333333333333 0.06726851851851852
6 0.62675 0.4200185185185185 0.08476851851851852 0.06637962962962962
6 0.4740185185185185 0.39996296296296296 0.08177777777777777 0.09415740740740741
6 0.3850555555555556 0.31099074074074073 0.05818518518518519 0.07053703703703704
6 0.4796759259259259 0.2770462962962963 0.04988888888888889 0.03969444444444444
6 0.39431481481481484 0.20762037037037037 0.06434259259259259 0.04281481481481482
6 0.4297962962962963 0.10012962962962962 0.055064814814814816 0.05623148148148148
6 0.565037037037037 0.12687962962962962 0.06012037037037038 0.04799074074074074
6 0.7702222222222223 0.4251666666666667 0.06925 0.06431481481481481
6 0.8237037037037037 0.5393333333333333 0.052759259259259256 0.08278703703703703
6 0.78925 0.7008148148148148 0.05175 0.10945370370370369
6 0.5645185185185184 0.8237407407407408 0.11462962962962962 0.05282407407407407
6 0.3866018518518518 0.7908240740740741 0.055092592592592596 0.03638888888888889
6 0.3428888888888889 0.5326481481481481 0.08494444444444443 0.06324074074074074
6 0.6591481481481481 0.4760833333333333 0.05698148148148148 0.03652777777777778
4 0.5953611111111111 0.2724074074074074 0.20100925925925925 0.19707407407407407
4 0.32640740740740737 0.4123611111111111 0.21249074074074076 0.156
4 0.6385555555555555 0.6191018518518518 0.20098148148148148 0.1991111111111111