14 0.5 0.5189814814814815 1 0.9453703703703704
15 0.48935185185185187 0.7087962962962963 0.1 0.13703703703703704
15 0.34675925925925927 0.6069444444444444 0.13518518518518519 0.09351851851851851
15 0.6486111111111111 0.24166666666666667 0.10925925925925926 0.07407407407407407
15 0.700925925925926 0.2722222222222222 0.10092592592592593 0.08981481481481482
15 0.49907407407407406 0.3074074074074074 0.06759259259259259 0.06388888888888888
15 0.43148148148148147 0.3611111111111111 0.0787037037037037 0.06296296296296296
15 0.48518518518518516 0.42685185185185187 0.09537037037037037 0.06851851851851852
15 0.6087962962962963 0.6814814814814815 0.06851851851851852 0.05277777777777778
15 0.7152777777777778 0.6134259259259259 0.08333333333333333 0.05925925925925926
15 0.449537037037037 0.587037037037037 0.07777777777777778 0.07407407407407407
0 0.36435185185185187 0.4810185185185185 0.1 0.09351851851851851
0 0.32916666666666666 0.38472222222222224 0.11388888888888889 0.06851851851851852
0 0.5782407407407407 0.4777777777777778 0.1175925925925926 0.17407407407407408
0 0.524537037037037 0.33240740740740743 0.1 0.15
0 0.6736111111111112 0.5648148148148148 0.07314814814814814 0.14166666666666666
0 0.4393518518518518 0.6407407407407407 0.12222222222222222 0.062037037037037036