14 0.5 0.5 1 1
6 0.2162037037037037 0.45231481481481484 0.09907407407407408 0.08611111111111111
6 0.43148148148148147 0.5351851851851852 0.09444444444444444 0.08611111111111111
6 0.4935185185185185 0.5902777777777778 0.07685185185185185 0.08981481481481482
6 0.3902777777777778 0.6074074074074074 0.125 0.10462962962962963
6 0.4425925925925926 0.725 0.0712962962962963 0.07962962962962963
6 0.6421296296296296 0.4532407407407407 0.09814814814814815 0.08425925925925926
6 0.49907407407407406 0.39675925925925926 0.10185185185185185 0.1111111111111111
6 0.43425925925925923 0.28888888888888886 0.07314814814814814 0.0824074074074074
6 0.5342592592592592 0.27870370370370373 0.058333333333333334 0.05092592592592592
6 0.46805555555555556 0.19074074074074074 0.07314814814814814 0.05740740740740741
6 0.5287037037037037 0.09490740740740741 0.06759259259259259 0.06851851851851852
6 0.6532407407407408 0.1537037037037037 0.07037037037037037 0.06111111111111111
6 0.7800925925925926 0.4925925925925926 0.08333333333333333 0.07962962962962963
6 0.8046296296296296 0.6166666666666667 0.0712962962962963 0.09259259259259259
6 0.7319444444444444 0.7648148148148148 0.07685185185185185 0.11851851851851852
6 0.4842592592592593 0.8296296296296296 0.12407407407407407 0.0787037037037037
6 0.3194444444444444 0.7546296296296297 0.062037037037037036 0.049074074074074076
6 0.3398148148148148 0.4935185185185185 0.09814814814814815 0.08148148148148149
6 0.6601851851851852 0.5152777777777777 0.06481481481481481 0.05
4 0.6476851851851851 0.3023148148148148 0.24351851851851852 0.23981481481481481
4 0.3527777777777778 0.3731481481481482 0.24351851851851852 0.20277777777777778
4 0.6055555555555555 0.649074074074074 0.24351851851851852 0.24166666666666667