14 0.4287037037037037 0.5 0.8574074074074074 1
10 0.5569444444444445 0.5888888888888889 0.1425925925925926 0.1728395061728395
10 0.4009259259259259 0.6808641975308642 0.14166666666666666 0.19753086419753085
10 0.1699074074074074 0.6308641975308642 0.13333333333333333 0.17901234567901234
10 0.33287037037037037 0.10679012345679012 0.07314814814814814 0.09876543209876543
11 0.10972222222222222 0.3611111111111111 0.09351851851851851 0.12098765432098765
11 0.08842592592592592 0.5296296296296297 0.12222222222222222 0.15555555555555556
11 0.14629629629629629 0.6549382716049382 0.10648148148148148 0.13950617283950617
11 0.2652777777777778 0.758641975308642 0.11574074074074074 0.12469135802469136
11 0.29768518518518516 0.6006172839506173 0.09444444444444444 0.13580246913580246
11 0.3662037037037037 0.4925925925925926 0.10462962962962963 0.18271604938271604
11 0.28888888888888886 0.3851851851851852 0.07407407407407407 0.09012345679012346
11 0.3055555555555556 0.11358024691358025 0.07407407407407407 0.09506172839506173
11 0.5712962962962963 0.09691358024691359 0.07592592592592592 0.1037037037037037
11 0.7023148148148148 0.2623456790123457 0.0712962962962963 0.0962962962962963
11 0.7328703703703704 0.40925925925925927 0.11851851851851852 0.1419753086419753
11 0.4083333333333333 0.31049382716049384 0.08888888888888889 0.1308641975308642
11 0.4675925925925926 0.29259259259259257 0.07592592592592592 0.10987654320987654
4 0.5476851851851852 0.4191358024691358 0.2351851851851852 0.3925925925925926
4 0.42916666666666664 0.16728395061728396 0.16203703703703703 0.15925925925925927
4 0.27824074074074073 0.25246913580246916 0.15 0.19753086419753085
4 0.2023148148148148 0.42160493827160495 0.11666666666666667 0.16790123456790124
4 0.24537037037037038 0.5067901234567901 0.13796296296296295 0.17037037037037037