14 0.5005185185185185 0.5036018518518518 0.9989722222222223 0.9927962962962963
7 0.14746296296296296 0.5568055555555556 0.15089814814814814 0.19180555555555556
7 0.5439444444444445 0.4735 0.12287037037037037 0.0992685185185185
7 0.6334166666666667 0.4328796296296296 0.15366666666666667 0.08591666666666667
15 0.29094444444444445 0.1366388888888889 0.11069444444444444 0.12307407407407406
15 0.7774074074074074 0.3310462962962963 0.13300925925925927 0.11681481481481482
15 0.4719259259259259 0.8720648148148149 0.32449999999999996 0.18651851851851853
15 0.8817870370370371 0.5526944444444444 0.1997962962962963 0.22060185185185185
15 0.9255185185185185 0.13870370370370372 0.09588888888888888 0.07781481481481482
15 0.41435185185185186 0.25133333333333335 0.14763888888888888 0.06234259259259259
7 0.3043148148148148 0.2667592592592593 0.12508333333333332 0.0685
9 0.3264351851851852 0.5408703703703703 0.07673148148148148 0.10437962962962963
9 0.47556481481481483 0.5460185185185186 0.07869444444444444 0.0652962962962963
9 0.5058796296296296 0.6344814814814815 0.19078703703703706 0.0817037037037037
9 0.5079537037037037 0.37630555555555556 0.12495370370370369 0.08387962962962964
9 0.5316111111111111 0.20299074074074072 0.08586111111111111 0.08910185185185185
9 0.7784444444444445 0.2179074074074074 0.09803703703703703 0.051037037037037034
9 0.20300925925925925 0.17573148148148146 0.10149074074074074 0.06545370370370371
9 0.2230648148148148 0.27652777777777776 0.08605555555555555 0.09421296296296296
9 0.0801111111111111 0.15516666666666667 0.0594074074074074 0.03666666666666667
4 0.8801481481481481 0.7527592592592592 0.23971296296296296 0.1330925925925926
4 0.2534074074074074 0.5537314814814814 0.11586111111111111 0.12391666666666667