14 0.5 0.5611111111111111 1 0.8777777777777778
14 0.4634259259259259 0.10864197530864197 0.3731481481481482 0.1925925925925926
2 0.3425925925925926 0.5253086419753087 0.11203703703703703 0.12962962962962962
2 0.5416666666666666 0.5611111111111111 0.12962962962962962 0.1382716049382716
2 0.6402777777777777 0.5246913580246914 0.1361111111111111 0.12222222222222222
2 0.711574074074074 0.45308641975308644 0.10555555555555556 0.12222222222222222
2 0.41712962962962963 0.4154320987654321 0.07962962962962963 0.09382716049382717
2 0.30787037037037035 0.4382716049382716 0.1 0.10493827160493827
2 0.48518518518518516 0.34444444444444444 0.09259259259259259 0.1308641975308642
2 0.6759259259259259 0.3172839506172839 0.06759259259259259 0.1271604938271605
4 0.5513888888888889 0.4666666666666667 0.15833333333333333 0.11851851851851852
4 0.44351851851851853 0.6148148148148148 0.13796296296296295 0.20246913580246914
4 0.2337962962962963 0.5216049382716049 0.16666666666666666 0.21728395061728395
4 0.7657407407407407 0.4524691358024691 0.16203703703703703 0.2345679012345679
4 0.5194444444444445 0.33641975308641975 0.2101851851851852 0.11481481481481481