14 0.5 0.5370370370370371 1 0.9259259259259259
14 0.5810185185185185 0.12098765432098765 0.37407407407407406 0.23209876543209876
2 0.3476851851851852 0.44135802469135804 0.1175925925925926 0.13950617283950617
2 0.5208333333333334 0.5777777777777777 0.13518518518518519 0.14938271604938272
2 0.6217592592592592 0.595679012345679 0.1398148148148148 0.1345679012345679
2 0.7087962962962963 0.5666666666666667 0.11018518518518519 0.1308641975308642
2 0.4486111111111111 0.37962962962962965 0.08333333333333333 0.10123456790123457
2 0.3416666666666667 0.3432098765432099 0.1037037037037037 0.11358024691358025
2 0.5319444444444444 0.3493827160493827 0.09814814814814815 0.1382716049382716
2 0.7152777777777778 0.42345679012345677 0.07407407407407407 0.1308641975308642
4 0.5569444444444445 0.4962962962962963 0.16203703703703703 0.1345679012345679
4 0.41435185185185186 0.5765432098765432 0.14814814814814814 0.21358024691358024
4 0.24861111111111112 0.3814814814814815 0.17592592592592593 0.2308641975308642
4 0.7587962962962963 0.5950617283950618 0.17314814814814813 0.24691358024691357
4 0.5657407407407408 0.35987654320987655 0.21203703703703702 0.13703703703703704