14 0.5 0.5 1 1
7 0.16944444444444445 0.6347222222222222 0.18981481481481483 0.22037037037037038
7 0.5370370370370371 0.46435185185185185 0.1425925925925926 0.12407407407407407
7 0.6148148148148148 0.4046296296296296 0.16944444444444445 0.11851851851851852
15 0.21435185185185185 0.19305555555555556 0.1361111111111111 0.14537037037037037
15 0.7324074074074074 0.27314814814814814 0.15555555555555556 0.14444444444444443
15 0.5564814814814815 0.8689814814814815 0.35833333333333334 0.25555555555555554
15 0.8805555555555555 0.4652777777777778 0.2388888888888889 0.2601851851851852
15 0.8333333333333334 0.052314814814814814 0.11018518518518519 0.09722222222222222
15 0.36064814814814816 0.27685185185185185 0.1574074074074074 0.09351851851851851
7 0.2569444444444444 0.31666666666666665 0.13703703703703704 0.09444444444444444
9 0.3402777777777778 0.5787037037037037 0.09814814814814815 0.11944444444444445
9 0.48657407407407405 0.5504629629629629 0.09166666666666666 0.08148148148148149
9 0.5361111111111111 0.6296296296296297 0.20462962962962963 0.12222222222222222
9 0.48009259259259257 0.37777777777777777 0.14074074074074075 0.11018518518518519
9 0.4638888888888889 0.2037037037037037 0.1037037037037037 0.10648148148148148
9 0.7078703703703704 0.1625 0.10740740740740741 0.0712962962962963
9 0.1375 0.25092592592592594 0.11388888888888889 0.08703703703703704
9 0.18009259259259258 0.34444444444444444 0.10555555555555556 0.1111111111111111
9 0.023148148148148147 0.25787037037037036 0.046296296296296294 0.049074074074074076
4 0.8976851851851851 0.6601851851851852 0.20462962962962963 0.18333333333333332
4 0.27175925925925926 0.6078703703703704 0.14074074074074075 0.14722222222222223