14 0.5 0.5 1 1
2 0.8416666666666667 0.21074074074074073 0.2601851851851852 0.2548148148148148
2 0.9087962962962963 0.4474074074074074 0.1824074074074074 0.20148148148148148
2 0.39675925925925926 0.2025925925925926 0.17777777777777778 0.1511111111111111
2 0.21342592592592594 0.38592592592592595 0.24259259259259258 0.14814814814814814
2 0.43657407407407406 0.4248148148148148 0.1537037037037037 0.11703703703703704
2 0.575462962962963 0.46074074074074073 0.1537037037037037 0.09333333333333334
2 0.4671296296296296 0.7255555555555555 0.18611111111111112 0.13185185185185186
15 0.19305555555555556 0.48592592592592593 0.13703703703703704 0.09777777777777778
15 0.3055555555555556 0.7166666666666667 0.17592592592592593 0.13555555555555557
15 0.5671296296296297 0.8018518518518518 0.16018518518518518 0.1385185185185185
15 0.663425925925926 0.6155555555555555 0.14444444444444443 0.12518518518518518
15 0.4513888888888889 0.5222222222222223 0.15462962962962962 0.12444444444444444
15 0.26435185185185184 0.3137037037037037 0.13148148148148148 0.07481481481481482
15 0.4199074074074074 0.31 0.14074074074074075 0.13185185185185186
15 0.6532407407407408 0.3774074074074074 0.1361111111111111 0.1259259259259259
15 0.7055555555555556 0.24481481481481482 0.11296296296296296 0.11333333333333333
15 0.5425925925925926 0.20074074074074075 0.14166666666666666 0.10148148148148148