14 0.5 0.5 1 1
3 0.47039473684210525 0.2631578947368421 0.13815789473684212 0.14912280701754385
3 0.7719298245614035 0.5657894736842105 0.12938596491228072 0.13596491228070176
3 0.8399122807017544 0.48355263157894735 0.1206140350877193 0.10526315789473684
3 0.6370614035087719 0.21820175438596492 0.16447368421052633 0.12938596491228072
3 0.14802631578947367 0.5614035087719298 0.17324561403508773 0.20394736842105263
5 0.4375 0.41885964912280704 0.1513157894736842 0.19956140350877194
5 0.6447368421052632 0.37609649122807015 0.20175438596491227 0.17105263157894737
5 0.5504385964912281 0.47478070175438597 0.1337719298245614 0.1425438596491228
5 0.44627192982456143 0.6918859649122807 0.14912280701754385 0.1162280701754386
5 0.4517543859649123 0.805921052631579 0.1074561403508772 0.07675438596491228
5 0.29605263157894735 0.6567982456140351 0.125 0.09649122807017543
5 0.33114035087719296 0.2719298245614035 0.12719298245614036 0.11842105263157894
5 0.23135964912280702 0.3574561403508772 0.1162280701754386 0.10526315789473684
5 0.3300438596491228 0.5767543859649122 0.13815789473684212 0.08771929824561403