14 0.5066851851851852 0.5688395061728395 0.9866296296296296 0.6904938271604938
14 0.5099722222222222 0.10603703703703704 0.3635555555555555 0.11880246913580247
2 0.3413425925925926 0.4920987654320988 0.10037962962962962 0.10903703703703703
2 0.5341759259259259 0.5689012345679012 0.11774074074074074 0.11448148148148149
2 0.6355185185185185 0.5538395061728395 0.12607407407407406 0.09671604938271605
2 0.714675925925926 0.4975925925925926 0.09396296296296297 0.10354320987654321
2 0.42824999999999996 0.39953086419753087 0.07050000000000001 0.0802716049382716
2 0.3176851851851852 0.39885185185185185 0.0901111111111111 0.0871358024691358
2 0.5038425925925926 0.34329629629629627 0.07970370370370371 0.11595061728395062
2 0.6951481481481482 0.35633333333333334 0.05489814814814815 0.11732098765432099
4 0.5547407407407408 0.4777037037037037 0.15063888888888888 0.08846913580246914
4 0.4308148148148148 0.6018148148148148 0.11883333333333333 0.1802962962962963
4 0.23437037037037037 0.466037037037037 0.14569444444444443 0.1885925925925926
4 0.7681481481481481 0.5085432098765432 0.1391851851851852 0.2077654320987654
4 0.5382777777777779 0.34261728395061725 0.20412962962962963 0.07344444444444445