14 0.5066851851851852 0.5512349639133921 0.9866296296296296 0.8975300721732158
15 0.3865925925925926 0.6002967121090618 0.12914814814814815 0.0761186848436247
15 0.1356388888888889 0.6345950280673617 0.14575925925925926 0.11797914995990377
15 0.5532037037037038 0.8301363271852447 0.11669444444444445 0.0760224538893344
15 0.7280462962962962 0.5619887730553328 0.09601851851851852 0.10642341619887731
15 0.7172592592592593 0.3330553327987169 0.04357407407407408 0.06554931836407377
15 0.616462962962963 0.20299117882919004 0.08888888888888889 0.04066559743384122
15 0.2688333333333333 0.29563753007217325 0.10967592592592593 0.044186046511627906
15 0.43545370370370373 0.27871692060946274 0.0602037037037037 0.042413793103448276
15 0.5321296296296296 0.26178829190056135 0.04368518518518519 0.05133119486768244
15 0.6025833333333332 0.4243624699278267 0.054953703703703706 0.07174819566960705
3 0.5300462962962963 0.7334723336006416 0.2123611111111111 0.10190056134723335
3 0.19682407407407407 0.4537530072173216 0.20023148148148148 0.10914995990376905
3 0.4051018518518518 0.34907778668805134 0.12912962962962965 0.14037690457097035
3 0.5855925925925927 0.3517562149157979 0.15062037037037035 0.07089013632718524
3 0.41126851851851853 0.5049799518845229 0.1661574074074074 0.11001603849238172
3 0.27757407407407403 0.6991820368885324 0.12099074074074073 0.08141940657578188
3 0.8031296296296296 0.40475541299117884 0.09802777777777778 0.11807538091419408
3 0.8741203703703704 0.5268323977546111 0.056296296296296296 0.12963111467522054
3 0.6786666666666668 0.27113873295910185 0.17010185185185187 0.0646832397754611
3 0.5506296296296296 0.643504410585405 0.13006481481481483 0.07165196471531675
3 0.73425 0.8150040096230954 0.07676851851851851 0.06116279069767441