14 0.47799074074074077 0.5164592592592593 0.953925925925926 0.9670814814814814
2 0.758888888888889 0.16034074074074076 0.20707407407407405 0.22519999999999998
2 0.8987685185185185 0.37839999999999996 0.1658425925925926 0.17737777777777777
2 0.3217962962962963 0.22617777777777776 0.14770370370370373 0.1297185185185185
2 0.19013888888888889 0.4360074074074074 0.2177222222222222 0.11481481481481481
2 0.4184722222222222 0.436837037037037 0.13118518518518518 0.09671111111111111
2 0.5634814814814815 0.4491777777777778 0.13725925925925928 0.07202222222222222
2 0.5264537037037037 0.7260666666666667 0.16196296296296295 0.10728148148148149
15 0.19632407407407407 0.5372222222222223 0.11898148148148148 0.08021481481481482
15 0.3660185185185185 0.7441703703703704 0.1497314814814815 0.11385925925925927
15 0.6442222222222223 0.7840814814814815 0.1320648148148148 0.11960000000000001
15 0.6899907407407407 0.5857703703703704 0.11866666666666667 0.10817037037037038
15 0.4580648148148148 0.5298148148148148 0.13012962962962962 0.10490370370370371
15 0.22100925925925927 0.35702222222222224 0.11896296296296295 0.055607407407407404
15 0.3721944444444445 0.3273925925925926 0.11269444444444444 0.11486666666666666
15 0.6180000000000001 0.3545481481481481 0.11048148148148147 0.10991851851851851
15 0.6349722222222222 0.2163037037037037 0.08887962962962963 0.1001037037037037
15 0.4637222222222222 0.20025925925925928 0.12292592592592591 0.08282962962962963