14 0.5 0.5 1 1
12 0.15138888888888888 0.4870250231696015 0.10277777777777777 0.0871177015755329
12 0.23981481481481481 0.3387395736793327 0.10740740740740741 0.08619091751621873
12 0.3523148148148148 0.21223354958294718 0.09814814814814815 0.10194624652455977
12 0.5555555555555556 0.1515291936978684 0.10462962962962963 0.08989805375347544
12 0.46620370370370373 0.2979610750695088 0.11851851851851852 0.10379981464318813
12 0.7337962962962963 0.2664504170528267 0.09351851851851851 0.09545875810936053
12 0.8402777777777778 0.29008341056533826 0.05740740740740741 0.06580166821130677
12 0.8518518518518519 0.42075996292863765 0.06296296296296296 0.061167747914735865
12 0.8379629629629629 0.6265060240963856 0.11574074074074074 0.12418906394810009
12 0.7277777777777777 0.5088044485634847 0.12222222222222222 0.11399443929564411
12 0.6041666666666666 0.4036144578313253 0.09537037037037037 0.12326227988878591
12 0.6615740740740741 0.3489341983317887 0.09814814814814815 0.11121408711770157
12 0.5162037037037037 0.4425393883225209 0.09537037037037037 0.09360518999073215
12 0.4393518518518518 0.5681186283595923 0.10185185185185185 0.10658016682113068
12 0.28935185185185186 0.5162187210379982 0.075 0.08155699721964782
12 0.2222222222222222 0.6974050046339203 0.12777777777777777 0.11862835959221502
12 0.3175925925925926 0.6668211306765524 0.08703703703703704 0.082483781278962
12 0.39305555555555555 0.7645968489341983 0.09444444444444444 0.09731232622798888
12 0.43796296296296294 0.9045412418906394 0.10740740740740741 0.10750695088044486
12 0.5611111111111111 0.8021316033364226 0.09351851851851851 0.08526413345690455
12 0.5305555555555556 0.6969416126042632 0.11851851851851852 0.09545875810936053
12 0.6620370370370371 0.8646895273401297 0.10185185185185185 0.08804448563484708
12 0.6972222222222222 0.7432808155699722 0.09074074074074075 0.09267840593141798
12 0.8087962962962963 0.7710843373493976 0.0787037037037037 0.08433734939759036
12 0.5981481481481481 0.5430954587581094 0.08425925925925926 0.07877664504170528