14 0.5 0.5 1 1
3 0.4375 0.26864035087719296 0.125 0.13815789473684212
3 0.7774122807017544 0.5274122807017544 0.11842105263157894 0.12719298245614036
3 0.8344298245614035 0.43640350877192985 0.11403508771929824 0.09429824561403509
3 0.5964912280701754 0.20285087719298245 0.15570175438596492 0.11403508771929824
3 0.1600877192982456 0.6096491228070176 0.15350877192982457 0.19078947368421054
5 0.42653508771929827 0.4276315789473684 0.13157894736842105 0.19078947368421054
5 0.6260964912280702 0.3574561403508772 0.19078947368421054 0.1513157894736842
5 0.5460526315789473 0.4682017543859649 0.1206140350877193 0.1337719298245614
5 0.47368421052631576 0.6973684210526315 0.1425438596491228 0.10087719298245613
5 0.4956140350877193 0.8092105263157895 0.10307017543859649 0.06578947368421052
5 0.3201754385964912 0.6831140350877193 0.11842105263157894 0.08552631578947369
5 0.30153508771929827 0.2982456140350877 0.11842105263157894 0.1074561403508772
5 0.2149122807017544 0.3969298245614035 0.1074561403508772 0.09429824561403509
5 0.34210526315789475 0.5997807017543859 0.13596491228070176 0.07236842105263158