14 0.5 0.6310892236384704 1 0.7265701042873696
12 0.3176759259259259 0.7463615295480881 0.15181481481481482 0.1305446118192352
12 0.12175925925925926 0.5223870220162224 0.11183333333333334 0.11519119351100811
12 0.22821296296296295 0.4709038238702202 0.04697222222222222 0.058586326767091544
12 0.7316388888888888 0.5281807647740441 0.15875 0.057265353418308226
12 0.7516944444444444 0.6794322132097335 0.18033333333333332 0.08938586326767091
12 0.40099074074074076 0.5983314020857474 0.08387962962962964 0.09713789107763615
12 0.49375 0.6432329084588645 0.09687037037037037 0.09046349942062572
12 0.5833888888888888 0.5979953650057938 0.0535 0.0651332560834299
12 0.6766481481481481 0.7744148319814601 0.14169444444444446 0.04885283893395133
12 0.43555555555555553 0.7938586326767092 0.06578703703703703 0.07508690614136732
12 0.22012962962962965 0.6690150637311704 0.07735185185185185 0.09680185399768251
12 0.4601388888888889 0.5165816917728853 0.06 0.07779837775202782