14 0.4162037037037037 0.5 0.8324074074074074 1
10 0.5837962962962963 0.5333333333333333 0.13703703703703704 0.16296296296296298
10 0.49074074074074076 0.7240740740740741 0.13425925925925927 0.18888888888888888
10 0.27685185185185185 0.8493827160493828 0.12685185185185185 0.17037037037037037
10 0.19907407407407407 0.291358024691358 0.06944444444444445 0.09382716049382717
11 0.11574074074074074 0.6666666666666666 0.08981481481481482 0.11481481481481481
11 0.16712962962962963 0.8234567901234567 0.1175925925925926 0.1469135802469136
11 0.26666666666666666 0.8864197530864197 0.10092592592592593 0.13209876543209875
11 0.40879629629629627 0.8876543209876543 0.11296296296296296 0.11481481481481481
11 0.3712962962962963 0.7308641975308642 0.08981481481481482 0.1308641975308642
11 0.38472222222222224 0.5907407407407408 0.09537037037037037 0.17901234567901234
11 0.2759259259259259 0.5574074074074075 0.0712962962962963 0.08395061728395062
11 0.17916666666666667 0.3172839506172839 0.07037037037037037 0.09012345679012346
11 0.39490740740740743 0.11049382716049383 0.07222222222222222 0.1
11 0.5726851851851852 0.1537037037037037 0.06759259259259259 0.09259259259259259
11 0.6583333333333333 0.25493827160493826 0.11388888888888889 0.13333333333333333
11 0.3458333333333333 0.4074074074074074 0.08333333333333333 0.1271604938271605
11 0.38796296296296295 0.3493827160493827 0.07222222222222222 0.10617283950617284
4 0.5069444444444444 0.39753086419753086 0.2175925925925926 0.38395061728395063
4 0.30462962962962964 0.27283950617283953 0.15925925925925927 0.145679012345679
4 0.21296296296296297 0.4537037037037037 0.1425925925925926 0.18765432098765433
4 0.21851851851851853 0.6506172839506172 0.11018518518518519 0.1617283950617284
4 0.28935185185185186 0.6907407407407408 0.13240740740740742 0.16049382716049382