14 0.5 0.5 1 1
15 0.20972222222222223 0.7320987654320987 0.27037037037037037 0.2679012345679012
15 0.09444444444444444 0.6271604938271605 0.0824074074074074 0.10617283950617284
15 0.30324074074074076 0.38395061728395063 0.1037037037037037 0.16049382716049382
15 0.38055555555555554 0.36049382716049383 0.07407407407407407 0.07654320987654321
15 0.35694444444444445 0.5611111111111111 0.1037037037037037 0.16790123456790124
15 0.23333333333333334 0.5987654320987654 0.08333333333333333 0.11604938271604938
15 0.5648148148148148 0.7512345679012346 0.125 0.13580246913580246
15 0.7 0.6148148148148148 0.16018518518518518 0.16666666666666666
15 0.5787037037037037 0.4351851851851852 0.2037037037037037 0.23333333333333334
15 0.5777777777777777 0.2740740740740741 0.08796296296296297 0.1259259259259259
15 0.6851851851851852 0.27283950617283953 0.1 0.13333333333333333
15 0.7555555555555555 0.12098765432098765 0.07314814814814814 0.09135802469135802
15 0.8388888888888889 0.20617283950617285 0.08981481481481482 0.1271604938271605
4 0.7898148148148149 0.35 0.15092592592592594 0.20123456790123456
4 0.7898148148148149 0.5148148148148148 0.12407407407407407 0.1654320987654321
4 0.6064814814814815 0.5722222222222222 0.19166666666666668 0.1419753086419753
4 0.4375 0.804320987654321 0.17222222222222222 0.15308641975308643
4 0.5208333333333334 0.682716049382716 0.1648148148148148 0.12962962962962962
4 0.29768518518518516 0.6358024691358025 0.07685185185185185 0.1
4 0.2273148148148148 0.5185185185185185 0.175 0.13703703703703704
4 0.21666666666666667 0.4141975308641975 0.0824074074074074 0.14814814814814814
4 0.48148148148148145 0.26358024691358023 0.08055555555555556 0.11604938271604938
4 0.6324074074074074 0.17222222222222222 0.10925925925925926 0.09876543209876543
9 0.4513888888888889 0.5222222222222223 0.053703703703703705 0.07160493827160494
9 0.3611111111111111 0.7197530864197531 0.07037037037037037 0.1
9 0.30185185185185187 0.558641975308642 0.04351851851851852 0.0728395061728395
9 0.38425925925925924 0.2506172839506173 0.04259259259259259 0.04814814814814815
9 0.41944444444444445 0.3148148148148148 0.03518518518518519 0.04814814814814815
9 0.3578703703703704 0.3154320987654321 0.040740740740740744 0.04567901234567901
9 0.6523148148148148 0.34629629629629627 0.04722222222222222 0.06666666666666667
9 0.7074074074074074 0.36666666666666664 0.05185185185185185 0.06790123456790123
9 0.725 0.26049382716049385 0.049074074074074076 0.06666666666666667
9 0.7291666666666666 0.195679012345679 0.044444444444444446 0.056790123456790124
9 0.7638888888888888 0.2382716049382716 0.05277777777777778 0.0654320987654321
9 0.7175925925925926 0.4222222222222222 0.09074074074074075 0.08888888888888889