14 0.4899722222222222 0.5015462962962962 0.9274722222222221 0.9228425925925926
6 0.32675925925925925 0.6915833333333333 0.04819444444444444 0.06650925925925925
6 0.16964814814814816 0.8458055555555556 0.05590740740740741 0.07614814814814815
6 0.1122962962962963 0.3426574074074074 0.07807407407407407 0.0587962962962963
6 0.5156759259259259 0.4588055555555555 0.057833333333333334 0.0520462962962963
6 0.5002592592592592 0.35808333333333336 0.04048148148148148 0.04723148148148148
6 0.5257962962962963 0.24337962962962964 0.037592592592592594 0.03566666666666667
6 0.29205555555555557 0.2043425925925926 0.0655462962962963 0.03855555555555556
6 0.2968796296296296 0.2800092592592593 0.05590740740740741 0.07036111111111111
6 0.6352037037037037 0.13687037037037036 0.0655462962962963 0.05012037037037037
6 0.8487037037037037 0.42796296296296293 0.09927777777777777 0.05590740740740741
6 0.9581018518518518 0.4925462962962963 0.05975925925925926 0.06362037037037037
6 0.7118240740740741 0.5373611111111112 0.06458333333333334 0.07614814814814815