14 0.5069444444444444 0.586976320582878 0.9861111111111112 0.7695810564663024
15 0.17731481481481481 0.6552823315118397 0.12129629629629629 0.08287795992714025
15 0.6638888888888889 0.6061020036429873 0.08611111111111111 0.0610200364298725
15 0.8875 0.42213114754098363 0.08148148148148149 0.052823315118397086
15 0.29583333333333334 0.37841530054644806 0.11574074074074074 0.10655737704918032
15 0.524537037037037 0.33060109289617484 0.06481481481481481 0.060109289617486336
15 0.6847222222222222 0.33105646630236796 0.0787037037037037 0.05919854280510018
10 0.6240740740740741 0.3847905282331512 0.17037037037037037 0.09562841530054644
10 0.538425925925926 0.4690346083788707 0.1648148148148148 0.10200364298724955
10 0.5527777777777778 0.5482695810564663 0.08148148148148149 0.08925318761384335
10 0.4324074074074074 0.6202185792349727 0.14351851851851852 0.08287795992714025
10 0.4898148148148148 0.6753187613843351 0.08518518518518518 0.08287795992714025
10 0.5986111111111111 0.7181238615664846 0.09074074074074075 0.12112932604735883
10 0.35833333333333334 0.4544626593806922 0.12777777777777777 0.056466302367941715
10 0.3851851851851852 0.3392531876138434 0.075 0.058287795992714025
6 0.3189814814814815 0.6120218579234973 0.049074074074074076 0.058287795992714025
6 0.44351851851851853 0.5259562841530054 0.06388888888888888 0.052823315118397086
6 0.6657407407407407 0.7040072859744991 0.05277777777777778 0.04553734061930783
6 0.6958333333333333 0.6457194899817851 0.03796296296296296 0.026411657559198543
6 0.7805555555555556 0.6461748633879781 0.044444444444444446 0.04644808743169399
6 0.5541666666666667 0.7071948998178507 0.03888888888888889 0.03551912568306011
6 0.5884259259259259 0.7896174863387978 0.05185185185185185 0.05191256830601093
6 0.24953703703703703 0.6712204007285975 0.058333333333333334 0.06830601092896176
6 0.20879629629629629 0.46083788706739526 0.05462962962962963 0.06739526411657559