14 0.5 0.5 1 1
4 0.6912037037037037 0.1875 0.12407407407407407 0.12222222222222222
4 0.6907407407407408 0.4925925925925926 0.16296296296296298 0.18703703703703703
4 0.9606481481481481 0.23055555555555557 0.0787037037037037 0.14074074074074075
4 0.43796296296296294 0.06527777777777778 0.1814814814814815 0.13055555555555556
4 0.10138888888888889 0.3194444444444444 0.15555555555555556 0.12962962962962962
4 0.17222222222222222 0.8050925925925926 0.18333333333333332 0.1787037037037037
2 0.10324074074074074 0.674074074074074 0.2064814814814815 0.20555555555555555
2 0.5546296296296296 0.27175925925925926 0.1787037037037037 0.21944444444444444
2 0.7768518518518519 0.08981481481481482 0.09166666666666666 0.07777777777777778
12 0.3731481481481482 0.2222222222222222 0.21851851851851853 0.262037037037037
12 0.2064814814814815 0.4486111111111111 0.15462962962962962 0.10740740740740741
12 0.08611111111111111 0.5055555555555555 0.10277777777777777 0.06851851851851852
12 0.5018518518518519 0.35324074074074074 0.14722222222222223 0.12407407407407407
12 0.5611111111111111 0.45694444444444443 0.10185185185185185 0.1259259259259259
12 0.8018518518518518 0.2351851851851852 0.15833333333333333 0.15