14 0.5 0.5 1 1
4 0.5978981481481481 0.147 0.10112962962962962 0.098
4 0.6812962962962963 0.4404722222222222 0.12406481481481482 0.15950925925925927
4 0.8835462962962963 0.10999074074074075 0.07819444444444444 0.12406481481481482
4 0.31605555555555553 0.08349074074074074 0.15287962962962964 0.12576851851851853
4 0.06722222222222221 0.4364074074074074 0.13444444444444442 0.0965
4 0.26888888888888884 0.8836574074074074 0.14962037037037038 0.14312037037037037
2 0.14420370370370372 0.7833611111111111 0.22118518518518518 0.15071296296296297
2 0.4895370370370371 0.26563888888888887 0.13119444444444445 0.1908240740740741
2 0.65325 0.029277777777777778 0.07914814814814815 0.05854629629629629
12 0.30141666666666667 0.2678055555555556 0.1626388888888889 0.2255185185185185
12 0.2038333333333333 0.5312777777777777 0.1409537037037037 0.07155555555555555
12 0.10354629629629629 0.619638888888889 0.09433333333333332 0.044453703703703704
12 0.045 0.9570092592592592 0.08999074074074073 0.08599074074074074
12 0.4613425925925926 0.3583425925925926 0.12685185185185185 0.09215740740740741
12 0.547 0.4418240740740741 0.0748148148148148 0.10950925925925925
12 0.7172222222222222 0.1620925925925926 0.13119444444444445 0.11818518518518518