14 0.5 0.4898148148148148 1 0.7185185185185186
11 0.16111111111111112 0.25 0.10833333333333334 0.0824074074074074
11 0.12453703703703704 0.36342592592592593 0.11574074074074074 0.1388888888888889
11 0.11435185185185186 0.475462962962963 0.11851851851851852 0.0712962962962963
11 0.08287037037037037 0.5717592592592593 0.12037037037037036 0.11666666666666667
11 0.21574074074074073 0.6092592592592593 0.1259259259259259 0.125
11 0.23425925925925925 0.46574074074074073 0.11574074074074074 0.10740740740740741
11 0.23796296296296296 0.3680555555555556 0.11203703703703703 0.09722222222222222
11 0.2657407407407407 0.28888888888888886 0.10925925925925926 0.075
11 0.2712962962962963 0.2175925925925926 0.11388888888888889 0.0787037037037037
11 0.3763888888888889 0.1925925925925926 0.09814814814814815 0.07037037037037037
11 0.47638888888888886 0.20833333333333334 0.11296296296296296 0.07962962962962963
11 0.5898148148148148 0.20787037037037037 0.11944444444444445 0.0824074074074074
11 0.7162037037037037 0.20972222222222223 0.10648148148148148 0.09537037037037037
11 0.825925925925926 0.22314814814814815 0.09444444444444444 0.07314814814814814
11 0.8337962962962963 0.30648148148148147 0.10092592592592593 0.08703703703703704
11 0.9296296296296296 0.3435185185185185 0.10277777777777777 0.08981481481481482
11 0.9388888888888889 0.4393518518518518 0.11203703703703703 0.11203703703703703
11 0.9430555555555555 0.5861111111111111 0.1111111111111111 0.11203703703703703
11 0.8768518518518519 0.7263888888888889 0.12777777777777777 0.13518518518518519
11 0.8611111111111112 0.6180555555555556 0.1259259259259259 0.11574074074074074
11 0.8518518518518519 0.5 0.11481481481481481 0.10555555555555556
11 0.8263888888888888 0.4013888888888889 0.11203703703703703 0.09537037037037037
11 0.7125 0.29814814814814816 0.11203703703703703 0.09074074074074075
11 0.5810185185185185 0.2902777777777778 0.11203703703703703 0.09444444444444444
11 0.47824074074074074 0.2875 0.10092592592592593 0.08796296296296297
11 0.37037037037037035 0.27314814814814814 0.10462962962962963 0.08425925925925926
11 0.3574074074074074 0.362962962962963 0.11296296296296296 0.09722222222222222
11 0.4648148148148148 0.37592592592592594 0.11203703703703703 0.1
11 0.5796296296296296 0.3912037037037037 0.10740740740740741 0.09814814814814815
11 0.6990740740740741 0.38842592592592595 0.10833333333333334 0.09722222222222222
11 0.7171296296296297 0.5009259259259259 0.10648148148148148 0.09537037037037037
11 0.7222222222222222 0.6175925925925926 0.13333333333333333 0.12129629629629629
11 0.7435185185185185 0.7430555555555556 0.12777777777777777 0.13055555555555556
11 0.5949074074074074 0.49675925925925923 0.11296296296296296 0.10648148148148148
11 0.5837962962962963 0.5990740740740741 0.12962962962962962 0.11481481481481481
11 0.6157407407407407 0.7162037037037037 0.1425925925925926 0.12777777777777777
11 0.36342592592592593 0.4722222222222222 0.12407407407407407 0.10833333333333334
11 0.4791666666666667 0.47129629629629627 0.1175925925925926 0.09907407407407408
11 0.46296296296296297 0.5699074074074074 0.12407407407407407 0.10833333333333334
11 0.45740740740740743 0.6837962962962963 0.12685185185185185 0.13055555555555556
11 0.3453703703703704 0.6013888888888889 0.12222222222222222 0.12962962962962962