14 0.5 0.48842592592592593 1 0.7824074074074074
11 0.12314814814814815 0.31296296296296294 0.11296296296296296 0.08888888888888889
11 0.10648148148148148 0.4305555555555556 0.125 0.14537037037037037
11 0.1162037037037037 0.5425925925925926 0.12222222222222222 0.0787037037037037
11 0.10138888888888889 0.6430555555555556 0.12777777777777777 0.12407407407407407
11 0.2388888888888889 0.6569444444444444 0.13333333333333333 0.13240740740740742
11 0.2324074074074074 0.5125 0.12222222222222222 0.11481481481481481
11 0.21898148148148147 0.41574074074074074 0.1175925925925926 0.10462962962962963
11 0.2324074074074074 0.33287037037037037 0.11296296296296296 0.08148148148148149
11 0.22546296296296298 0.26157407407407407 0.11851851851851852 0.08611111111111111
11 0.324537037037037 0.21851851851851853 0.10185185185185185 0.07685185185185185
11 0.4263888888888889 0.21666666666666667 0.1175925925925926 0.08703703703703704
11 0.5375 0.19675925925925927 0.12407407407407407 0.09074074074074075
11 0.6625 0.1763888888888889 0.11203703703703703 0.10185185185185185
11 0.7731481481481481 0.17083333333333334 0.09907407407407408 0.07962962962962963
11 0.7949074074074074 0.2513888888888889 0.10555555555555556 0.09351851851851851
11 0.8958333333333334 0.2712962962962963 0.10833333333333334 0.0962962962962963
11 0.9217592592592593 0.3638888888888889 0.11851851851851852 0.11851851851851852
11 0.9462962962962963 0.5074074074074074 0.10740740740740741 0.11851851851851852
11 0.9106481481481481 0.6574074074074074 0.1361111111111111 0.1425925925925926
11 0.8759259259259259 0.5537037037037037 0.13240740740740742 0.12314814814814815
11 0.8462962962962963 0.4388888888888889 0.12129629629629629 0.11296296296296296
11 0.8041666666666667 0.34629629629629627 0.1175925925925926 0.10185185185185185
11 0.674537037037037 0.26435185185185184 0.1175925925925926 0.09814814814814815
11 0.5435185185185185 0.2791666666666667 0.1175925925925926 0.10092592592592593
11 0.44166666666666665 0.29444444444444445 0.10648148148148148 0.09444444444444444
11 0.3333333333333333 0.29907407407407405 0.11018518518518519 0.09074074074074075
11 0.33564814814814814 0.38981481481481484 0.11851851851851852 0.1037037037037037
11 0.44351851851851853 0.3837962962962963 0.11851851851851852 0.10648148148148148
11 0.5597222222222222 0.3787037037037037 0.11296296296296296 0.10462962962962963
11 0.6763888888888889 0.35555555555555557 0.11388888888888889 0.1037037037037037
11 0.7138888888888889 0.4634259259259259 0.11203703703703703 0.10185185185185185
11 0.7393518518518518 0.5773148148148148 0.14074074074074075 0.12962962962962962
11 0.7819444444444444 0.6972222222222222 0.13518518518518519 0.13796296296296295
11 0.5930555555555556 0.48055555555555557 0.11944444444444445 0.11296296296296296
11 0.6 0.5833333333333334 0.1361111111111111 0.12222222222222222
11 0.6518518518518519 0.6930555555555555 0.15 0.1361111111111111
11 0.36064814814814816 0.4962962962962963 0.12962962962962962 0.11574074074074074
11 0.47453703703703703 0.475462962962963 0.12314814814814815 0.10648148148148148
11 0.4759259259259259 0.575462962962963 0.12962962962962962 0.11574074074074074
11 0.4898148148148148 0.6884259259259259 0.13425925925925927 0.13796296296296295
11 0.36527777777777776 0.6268518518518519 0.12962962962962962 0.13703703703703704