14 0.5 0.5135802469135803 1 0.9728395061728395
15 0.19305555555555556 0.6901234567901234 0.26296296296296295 0.24074074074074073
15 0.08703703703703704 0.5697530864197531 0.07777777777777778 0.1
15 0.31342592592592594 0.3574074074074074 0.09537037037037037 0.15432098765432098
15 0.3921296296296296 0.34444444444444444 0.0712962962962963 0.0691358024691358
15 0.3527777777777778 0.5407407407407407 0.09537037037037037 0.1617283950617284
15 0.22685185185185186 0.5611111111111111 0.07777777777777778 0.10987654320987654
15 0.5449074074074074 0.758641975308642 0.12129629629629629 0.12469135802469136
15 0.6898148148148148 0.6419753086419753 0.15555555555555556 0.1506172839506173
15 0.5833333333333334 0.4462962962962963 0.19537037037037036 0.21481481481481482
15 0.5949074074074074 0.28641975308641976 0.08148148148148149 0.11975308641975309
15 0.7018518518518518 0.3 0.09444444444444444 0.1259259259259259
15 0.7837962962962963 0.15864197530864196 0.06851851851851852 0.08518518518518518
15 0.8601851851851852 0.25555555555555554 0.08425925925925926 0.12098765432098765
4 0.8 0.3907407407407407 0.1425925925925926 0.18888888888888888
4 0.7870370370370371 0.5549382716049382 0.11666666666666667 0.15555555555555556
4 0.6 0.587037037037037 0.19166666666666668 0.11851851851851852
4 0.41388888888888886 0.7938271604938272 0.16944444444444445 0.1345679012345679
4 0.5064814814814815 0.6845679012345679 0.1638888888888889 0.1111111111111111
4 0.287962962962963 0.6067901234567902 0.07222222222222222 0.09382716049382717
4 0.2273148148148148 0.4808641975308642 0.17407407407407408 0.11728395061728394
4 0.22453703703703703 0.37530864197530867 0.07407407407407407 0.14444444444444443
4 0.500462962962963 0.2623456790123457 0.075 0.10987654320987654
4 0.6574074074074074 0.1925925925925926 0.10740740740740741 0.08641975308641975
9 0.45 0.5154320987654321 0.05092592592592592 0.06790123456790123
9 0.3449074074074074 0.6993827160493827 0.06574074074074074 0.09506172839506173
9 0.2986111111111111 0.5308641975308642 0.03888888888888889 0.07037037037037037
9 0.4046296296296296 0.23580246913580247 0.040740740740740744 0.043209876543209874
9 0.43425925925925923 0.30493827160493825 0.03333333333333333 0.044444444444444446
9 0.3731481481481482 0.29691358024691356 0.03981481481481482 0.04197530864197531
9 0.663425925925926 0.3685185185185185 0.04351851851851852 0.06296296296296296
9 0.7166666666666667 0.3962962962962963 0.049074074074074076 0.06296296296296296
9 0.7425925925925926 0.2932098765432099 0.046296296296296294 0.06296296296296296
9 0.7518518518518519 0.22962962962962963 0.04259259259259259 0.05308641975308642
9 0.7828703703703703 0.2765432098765432 0.05 0.06049382716049383
9 0.7222222222222222 0.45308641975308644 0.08888888888888889 0.07901234567901234