14 0.49537037037037035 0.5277777777777778 0.9907407407407407 0.9444444444444444
11 0.42244444444444446 0.7956203703703704 0.1816574074074074 0.20650925925925925
11 0.6456666666666667 0.7373518518518519 0.18765740740740738 0.16024074074074074
11 0.7613425925925926 0.6203888888888889 0.17394444444444446 0.15252777777777776
11 0.8234722222222223 0.4220185185185185 0.1610925925925926 0.14652777777777778
11 0.7707685185185185 0.27162962962962967 0.1499537037037037 0.15424074074074076
11 0.5875925925925927 0.22456481481481483 0.1782037037037037 0.12883333333333333
11 0.5412314814814815 0.35761111111111116 0.16616666666666668 0.13847222222222225
11 0.5222685185185185 0.5734444444444445 0.16676851851851854 0.18362037037037038
11 0.6191944444444445 0.4942777777777778 0.19566666666666666 0.14930555555555555
11 0.3690462962962963 0.38681481481481483 0.1782037037037037 0.13184259259259257
11 0.33352777777777776 0.5276851851851851 0.1782037037037037 0.1487037037037037
11 0.38053703703703706 0.23425 0.15530555555555556 0.13597222222222222
11 0.19848148148148148 0.3547592592592593 0.16239814814814812 0.15144444444444444
11 0.16046296296296297 0.4997592592592593 0.16625925925925927 0.13855555555555554
11 0.22587037037037036 0.6431388888888889 0.15401851851851853 0.14563888888888887