14 0.5 0.5 1 1
11 0.3486111111111111 0.7652777777777777 0.22870370370370371 0.2462962962962963
11 0.5791666666666667 0.7671296296296296 0.22314814814814815 0.2037037037037037
11 0.7212962962962963 0.6837962962962963 0.2074074074074074 0.19166666666666668
11 0.8324074074074074 0.5083333333333333 0.1935185185185185 0.18333333333333332
11 0.8208333333333333 0.34953703703703703 0.18518518518518517 0.18796296296296297
11 0.6560185185185186 0.2564814814814815 0.20555555555555555 0.17037037037037037
11 0.5768518518518518 0.3731481481481482 0.1962962962962963 0.17685185185185184
11 0.5023148148148148 0.5768518518518518 0.20833333333333334 0.22037037037037038
11 0.6166666666666667 0.5254629629629629 0.22777777777777777 0.19444444444444445
11 0.4027777777777778 0.35694444444444445 0.2064814814814815 0.17314814814814813
11 0.33194444444444443 0.4837962962962963 0.2101851851851852 0.18888888888888888
11 0.4532407407407407 0.2125 0.18518518518518517 0.1712962962962963
11 0.2462962962962963 0.2814814814814815 0.1962962962962963 0.18888888888888888
11 0.17222222222222222 0.41203703703703703 0.1962962962962963 0.17685185185185184
11 0.19814814814814816 0.5671296296296297 0.18611111111111112 0.18055555555555555