14 0.4981481481481482 0.4888888888888889 0.7833333333333333 0.9777777777777777
11 0.6013888888888889 0.8718518518518519 0.11666666666666667 0.09037037037037036
11 0.4287037037037037 0.8640740740740741 0.10462962962962963 0.07851851851851852
11 0.43148148148148147 0.7607407407407407 0.10925925925925926 0.09481481481481481
11 0.4842592592592593 0.8211111111111111 0.12777777777777777 0.09037037037037036
11 0.5268518518518519 0.7574074074074074 0.11203703703703703 0.08222222222222222
11 0.5148148148148148 0.6851851851851852 0.11481481481481481 0.08518518518518518
11 0.6037037037037037 0.6903703703703704 0.09351851851851851 0.07851851851851852
11 0.711574074074074 0.6648148148148149 0.08611111111111111 0.07555555555555556
11 0.7148148148148148 0.7933333333333333 0.10277777777777777 0.09111111111111111
11 0.799537037037037 0.7818518518518518 0.09074074074074075 0.07555555555555556
11 0.7083333333333334 0.9477777777777778 0.1 0.08222222222222222
11 0.7351851851851852 0.7188888888888889 0.1037037037037037 0.08666666666666667
11 0.8087962962962963 0.6918518518518518 0.09351851851851851 0.08222222222222222
11 0.7643518518518518 0.6181481481481481 0.09722222222222222 0.07111111111111111
11 0.75 0.557037037037037 0.1 0.06962962962962962
11 0.6439814814814815 0.54 0.1 0.07037037037037037
11 0.712037037037037 0.5162962962962963 0.09444444444444444 0.06666666666666667
11 0.7819444444444444 0.5003703703703704 0.06296296296296296 0.07185185185185185
11 0.7842592592592592 0.4388888888888889 0.0962962962962963 0.0637037037037037
11 0.7666666666666667 0.34074074074074073 0.09444444444444444 0.05925925925925926
11 0.7967592592592593 0.30074074074074075 0.0787037037037037 0.04148148148148148
11 0.8953703703703704 0.3403703703703704 0.10277777777777777 0.0874074074074074
11 0.8662037037037037 0.27111111111111114 0.053703703703703705 0.054814814814814816
11 0.7657407407407407 0.24259259259259258 0.08148148148148149 0.061481481481481484
11 0.6912037037037037 0.29444444444444445 0.0824074074074074 0.06666666666666667
11 0.6416666666666667 0.31962962962962965 0.06111111111111111 0.07037037037037037
11 0.5962962962962963 0.3825925925925926 0.09074074074074075 0.0725925925925926
11 0.5328703703703703 0.3237037037037037 0.09444444444444444 0.06962962962962962
11 0.5152777777777777 0.3933333333333333 0.06574074074074074 0.045925925925925926
11 0.4736111111111111 0.24481481481481482 0.0824074074074074 0.06444444444444444
11 0.3907407407407407 0.2577777777777778 0.09351851851851851 0.052592592592592594
11 0.4615740740740741 0.32037037037037036 0.075 0.06888888888888889
11 0.4550925925925926 0.38592592592592595 0.0787037037037037 0.06666666666666667
11 0.45231481481481484 0.4588888888888889 0.07222222222222222 0.06592592592592593
11 0.5708333333333333 0.44222222222222224 0.09537037037037037 0.07777777777777778
11 0.5009259259259259 0.44333333333333336 0.07314814814814814 0.07333333333333333
11 0.6587962962962963 0.4696296296296296 0.12685185185185185 0.09407407407407407
11 0.2199074074074074 0.44333333333333336 0.10740740740740741 0.08888888888888889
11 0.28564814814814815 0.4766666666666667 0.0712962962962963 0.06666666666666667
11 0.10787037037037037 0.5048148148148148 0.08703703703703704 0.07037037037037037
11 0.3449074074074074 0.6177777777777778 0.09259259259259259 0.07555555555555556
11 0.4217592592592593 0.5392592592592592 0.13148148148148148 0.08518518518518518
11 0.36342592592592593 0.3188888888888889 0.15462962962962962 0.11259259259259259
11 0.2796296296296296 0.1811111111111111 0.06574074074074074 0.04666666666666667
11 0.47962962962962963 0.1437037037037037 0.05462962962962963 0.054814814814814816
11 0.5777777777777777 0.07666666666666666 0.11481481481481481 0.09037037037037036
11 0.6226851851851852 0.056296296296296296 0.07222222222222222 0.05333333333333334
11 0.7703703703703704 0.11333333333333333 0.07777777777777778 0.05703703703703704
11 0.7875 0.17407407407407408 0.08981481481481482 0.07703703703703704
11 0.5722222222222222 0.16 0.08888888888888889 0.06222222222222222
11 0.6106481481481482 0.15407407407407409 0.06481481481481481 0.05037037037037037
11 0.6819444444444445 0.1437037037037037 0.10462962962962963 0.05925925925925926
11 0.6763888888888889 0.17925925925925926 0.10185185185185185 0.07629629629629629
11 0.2953703703703704 0.4085185185185185 0.10185185185185185 0.05555555555555555
11 0.19305555555555556 0.5637037037037037 0.10462962962962963 0.07333333333333333