14 0.5 0.42407407407407405 1 0.7474074074074074
4 0.45092592592592595 0.57 0.1685185185185185 0.09851851851851852
4 0.9023148148148148 0.5737037037037037 0.19537037037037036 0.10592592592592592
4 0.8240740740740741 0.29074074074074074 0.12407407407407407 0.07777777777777778
4 0.562037037037037 0.14037037037037037 0.10833333333333334 0.06222222222222222
4 0.24861111111111112 0.23333333333333334 0.17407407407407408 0.056296296296296296
4 0.31203703703703706 0.17925925925925926 0.15 0.06
4 0.12361111111111112 0.3655555555555556 0.15555555555555556 0.07185185185185185
4 0.43842592592592594 0.3655555555555556 0.13796296296296295 0.07185185185185185
4 0.6787037037037037 0.4625925925925926 0.1685185185185185 0.07037037037037037
2 0.43287037037037035 0.1814814814814815 0.11018518518518519 0.052592592592592594
2 0.22083333333333333 0.3388888888888889 0.17777777777777778 0.10518518518518519
2 0.4361111111111111 0.3148148148148148 0.09351851851851851 0.03851851851851852
2 0.6481481481481481 0.292962962962963 0.1361111111111111 0.06444444444444444
2 0.6759259259259259 0.23814814814814814 0.15648148148148147 0.05407407407407407
2 0.9222222222222223 0.22962962962962963 0.1037037037037037 0.08888888888888889
2 0.9222222222222223 0.3896296296296296 0.14722222222222223 0.09185185185185185
2 0.6828703703703703 0.5385185185185185 0.18425925925925926 0.1259259259259259
2 0.412962962962963 0.55 0.15648148148148147 0.09555555555555556