14 0.5 0.5 1 1
12 0.19074074074074074 0.24074074074074073 0.3 0.20277777777777778
15 0.22407407407407406 0.09861111111111111 0.11018518518518519 0.13148148148148148
15 0.36666666666666664 0.14027777777777778 0.19814814814814816 0.17407407407407408
15 0.13518518518518519 0.43796296296296294 0.07962962962962963 0.11481481481481481
15 0.17222222222222222 0.5837962962962963 0.12685185185185185 0.2064814814814815
15 0.4930555555555556 0.44351851851851853 0.12685185185185185 0.15833333333333333
15 0.5736111111111111 0.4393518518518518 0.09259259259259259 0.15185185185185185
8 0.35555555555555557 0.3143518518518518 0.21203703703703702 0.2
8 0.13240740740740742 0.3490740740740741 0.11666666666666667 0.1537037037037037
8 0.8421296296296297 0.6203703703703703 0.15462962962962962 0.15925925925925927
8 0.9467592592592593 0.6166666666666667 0.10648148148148148 0.15
8 0.6842592592592592 0.3685185185185185 0.18055555555555555 0.08703703703703704
8 0.9009259259259259 0.26435185185185184 0.16666666666666666 0.1361111111111111
8 0.8439814814814814 0.3384259259259259 0.1638888888888889 0.10462962962962963
12 0.8430555555555556 0.43796296296296294 0.11203703703703703 0.14166666666666666
12 0.649537037037037 0.6407407407407407 0.12222222222222222 0.1037037037037037
12 0.7064814814814815 0.1814814814814815 0.07314814814814814 0.08981481481481482
12 0.638425925925926 0.22546296296296298 0.07222222222222222 0.09074074074074075
12 0.3541666666666667 0.16342592592592592 0.1398148148148148 0.11388888888888889
12 0.4388888888888889 0.8462962962962963 0.11944444444444445 0.18518518518518517
10 0.7166666666666667 0.6277777777777778 0.13240740740740742 0.10925925925925926
10 0.8351851851851851 0.7222222222222222 0.08796296296296297 0.08333333333333333
10 0.32314814814814813 0.4634259259259259 0.21388888888888888 0.18333333333333332
10 0.31527777777777777 0.5861111111111111 0.1111111111111111 0.1175925925925926
15 0.9078703703703703 0.47175925925925927 0.09259259259259259 0.15555555555555556