14 0.5 0.5 1 1
12 0.1371574074074074 0.32310185185185186 0.2743148148148148 0.1409537037037037
15 0.13499074074074074 0.17726851851851852 0.08565740740740742 0.11384259259259259
15 0.28352777777777777 0.18324074074074076 0.17022222222222222 0.1366111111111111
15 0.13119444444444445 0.5280277777777778 0.05637962962962963 0.10408333333333333
15 0.20221296296296296 0.6608425925925926 0.08349074074074074 0.1919074074074074
15 0.47977777777777775 0.4467037037037037 0.0965 0.13878703703703701
15 0.5567592592592592 0.42339814814814813 0.05962962962962964 0.14203703703703704
8 0.31504629629629627 0.3547777777777778 0.17766666666666667 0.16221296296296295
8 0.10703703703703703 0.44250925925925927 0.08607407407407407 0.13683333333333333
8 0.8611944444444445 0.5342222222222223 0.12607407407407406 0.13242592592592595
8 0.9619444444444445 0.5052037037037037 0.07610185185185185 0.1360462962962963
8 0.6471481481481481 0.32787962962962963 0.17505555555555555 0.04625925925925926
8 0.8321759259259259 0.17414814814814816 0.14602777777777778 0.10339814814814816
8 0.794537037037037 0.25985185185185183 0.15237962962962961 0.0698425925925926
12 0.818111111111111 0.3569074074074074 0.08344444444444445 0.12425925925925925
12 0.6793425925925927 0.6004351851851852 0.10521296296296295 0.07981481481481481
12 0.6231111111111112 0.14103703703703704 0.05623148148148148 0.07890740740740741
12 0.567787037037037 0.19999074074074075 0.05441666666666667 0.07890740740740741
12 0.27709259259259256 0.2086111111111111 0.12244444444444445 0.08707407407407408
12 0.5247037037037037 0.8507685185185185 0.08072222222222222 0.1705185185185185
10 0.7410185185185185 0.5714074074074074 0.1160925925925926 0.08344444444444445
10 0.8788148148148148 0.6343796296296296 0.0745462962962963 0.06737962962962962
10 0.31970370370370366 0.5071481481481481 0.18493518518518517 0.14264814814814816
10 0.3418240740740741 0.6283240740740741 0.08982407407407408 0.09928703703703703
15 0.8888703703703704 0.37377777777777776 0.05935185185185184 0.14555555555555555