14 0.5066851851851852 0.5 0.9866296296296296 1
4 0.33396296296296296 0.7372391017173052 0.0827037037037037 0.20723910171730514
4 0.4837407407407408 0.8639101717305152 0.21685185185185185 0.2721796565389696
4 0.7697407407407408 0.7947556142668428 0.10912037037037037 0.16558784676354027
4 0.7961481481481482 0.2999471598414795 0.08549074074074074 0.15964332892998678
4 0.24239814814814817 0.5257067371202113 0.09056481481481482 0.14948480845442536
2 0.7258703703703704 0.8949801849405549 0.09678703703703703 0.10767503302509908
2 0.7476296296296296 0.45540290620871865 0.0515 0.10007926023778072
2 0.688138888888889 0.046235138705416116 0.05682407407407407 0.09247027741083223
2 0.31610185185185186 0.1779788639365918 0.07458333333333333 0.08994715984147952
2 0.3738148148148148 0.8265785997357993 0.03374074074074074 0.10007926023778072