14 0.5 0.42444444444444446 1 0.7066666666666667
4 0.4464074074074074 0.5679185185185186 0.1631388888888889 0.09175555555555556
4 0.9014166666666666 0.5916518518518519 0.19715740740740742 0.09808148148148148
4 0.8374444444444445 0.3045259259259259 0.11864814814814814 0.07277037037037036
4 0.585324074074074 0.14356296296296298 0.10480555555555555 0.057740740740740745
4 0.26646296296296296 0.22305185185185186 0.17104629629629628 0.04903703703703704
4 0.33319444444444446 0.17164444444444443 0.14633333333333332 0.053785185185185186
4 0.13298148148148148 0.3500074074074074 0.15127777777777776 0.06565185185185185
4 0.44739814814814816 0.36305925925925925 0.13348148148148148 0.06644444444444444
4 0.6807314814814815 0.47023703703703706 0.1651203703703704 0.06406666666666666
2 0.45382407407407405 0.17915555555555557 0.10677777777777778 0.04825185185185185
2 0.23185185185185186 0.32746666666666663 0.17104629629629628 0.09808148148148148
2 0.44837962962962963 0.31243703703703707 0.0919537037037037 0.0348
2 0.6614537037037037 0.2993851851851852 0.13249074074074074 0.05932592592592593
2 0.6927592592592592 0.24599259259259257 0.15358333333333335 0.04745925925925926
2 0.9391944444444444 0.2477777777777778 0.09811111111111111 0.08536296296296296
2 0.9289537037037037 0.4073259259259259 0.1420925925925926 0.08593333333333333
2 0.6799537037037037 0.5459703703703703 0.17687962962962964 0.11801481481481481
2 0.40962037037037036 0.5462592592592593 0.15038888888888888 0.08994814814814815