14 0.5296296296296297 0.4675925925925926 0.9407407407407408 0.9351851851851852
13 0.4361111111111111 0.24768518518518517 0.09907407407407408 0.0824074074074074
13 0.7550925925925925 0.26342592592592595 0.10277777777777777 0.07777777777777778
13 0.8 0.37777777777777777 0.11388888888888889 0.06296296296296296
13 0.8796296296296297 0.38287037037037036 0.07685185185185185 0.09351851851851851
13 0.36157407407407405 0.5222222222222223 0.09351851851851851 0.09166666666666666
13 0.5180555555555556 0.5416666666666666 0.10277777777777777 0.08888888888888889
13 0.49212962962962964 0.6921296296296297 0.09444444444444444 0.06481481481481481
13 0.30416666666666664 0.3439814814814815 0.08981481481481482 0.08425925925925926
13 0.26944444444444443 0.42777777777777776 0.09722222222222222 0.07314814814814814
13 0.5277777777777778 0.40555555555555556 0.12685185185185185 0.08981481481481482
12 0.49074074074074076 0.31712962962962965 0.13240740740740742 0.15
12 0.6106481481481482 0.23055555555555557 0.08148148148148149 0.0824074074074074
12 0.7087962962962963 0.20324074074074075 0.07777777777777778 0.0962962962962963
12 0.674074074074074 0.3421296296296296 0.08333333333333333 0.11203703703703703
12 0.7509259259259259 0.4652777777777778 0.1175925925925926 0.12314814814814815
12 0.7814814814814814 0.5180555555555556 0.17962962962962964 0.09166666666666666
12 0.6148148148148148 0.5425925925925926 0.1388888888888889 0.15555555555555556
12 0.3712962962962963 0.425462962962963 0.04814814814814815 0.05925925925925926
12 0.4912037037037037 0.45 0.2064814814814815 0.1361111111111111
12 0.39166666666666666 0.6370370370370371 0.11388888888888889 0.07314814814814814
9 0.6143518518518518 0.1337962962962963 0.05555555555555555 0.062037037037037036
9 0.2662037037037037 0.30694444444444446 0.058333333333333334 0.062037037037037036
9 0.3402777777777778 0.2361111111111111 0.06388888888888888 0.05740740740740741
9 0.7842592592592592 0.30277777777777776 0.062037037037037036 0.05092592592592592
9 0.8013888888888889 0.3300925925925926 0.06388888888888888 0.06388888888888888
9 0.4041666666666667 0.7180555555555556 0.05648148148148148 0.06018518518518518
9 0.42962962962962964 0.6611111111111111 0.062037037037037036 0.06481481481481481
8 0.3148148148148148 0.6416666666666667 0.11574074074074074 0.10462962962962963
8 0.2800925925925926 0.23194444444444445 0.0787037037037037 0.06388888888888888
8 0.8263888888888888 0.2388888888888889 0.08888888888888889 0.09537037037037037
8 0.6277777777777778 0.2851851851851852 0.07314814814814814 0.08055555555555556
10 0.30092592592592593 0.48518518518518516 0.13425925925925927 0.0962962962962963
10 0.3819444444444444 0.37777777777777777 0.08425925925925926 0.10833333333333334
10 0.6606481481481481 0.2462962962962963 0.053703703703703705 0.09074074074074075
10 0.5324074074074074 0.48009259259259257 0.05555555555555555 0.05555555555555555
12 0.487962962962963 0.2 0.07777777777777778 0.08425925925925926
12 0.38472222222222224 0.23194444444444445 0.07777777777777778 0.05648148148148148
15 0.624537037037037 0.6768518518518518 0.13518518518518519 0.12685185185185185
15 0.8712962962962963 0.4310185185185185 0.09166666666666666 0.09166666666666666
15 0.8712962962962963 0.31203703703703706 0.11018518518518519 0.1111111111111111
15 0.7069444444444445 0.13472222222222222 0.08611111111111111 0.0712962962962963
15 0.4115740740740741 0.17685185185185184 0.12777777777777777 0.10833333333333334