14 0.5087962962962963 0.4423791821561338 0.9472222222222222 0.828996282527881
15 0.41203703703703703 0.5340768277571252 0.18425925925925926 0.26394052044609667
15 0.5657407407407408 0.5619578686493185 0.13518518518518519 0.2540272614622057
15 0.7986111111111112 0.322180916976456 0.125 0.1982651796778191
15 0.662962962962963 0.1691449814126394 0.10833333333333334 0.07063197026022305
15 0.16620370370370371 0.3847583643122677 0.10555555555555556 0.14250309789343246
0 0.42685185185185187 0.5669144981412639 0.23425925925925925 0.48698884758364314
0 0.20833333333333334 0.4876084262701363 0.1787037037037037 0.17100371747211895
0 0.3333333333333333 0.459727385377943 0.10740740740740741 0.11524163568773234
0 0.26805555555555555 0.34324659231722426 0.04722222222222222 0.07311028500619579
0 0.19398148148148148 0.2992565055762082 0.33611111111111114 0.11152416356877323
0 0.27870370370370373 0.2614622057001239 0.18425925925925926 0.11028500619578686
0 0.34814814814814815 0.21685254027261464 0.11574074074074074 0.17224287484510534
0 0.40046296296296297 0.362453531598513 0.09814814814814815 0.1697645600991326
0 0.4875 0.3110285006195787 0.09722222222222222 0.15737298636926889
0 0.45185185185185184 0.2503097893432466 0.0787037037037037 0.1127633209417596
0 0.4263888888888889 0.177819083023544 0.06481481481481481 0.09913258983890955
0 0.4875 0.13816604708798016 0.08611111111111111 0.11028500619578686
0 0.6518518518518519 0.11338289962825279 0.22685185185185186 0.10408921933085502
0 0.7865740740740741 0.2100371747211896 0.337037037037037 0.14622057001239158
0 0.6657407407407407 0.3674101610904585 0.25555555555555554 0.11895910780669144
0 0.6546296296296297 0.5043370508054523 0.07222222222222222 0.05080545229244114
0 0.7018518518518518 0.5817843866171004 0.08888888888888889 0.13011152416356878