14 0.5 0.5 1 1
12 0.4115740740740741 0.05074074074074074 0.09814814814814815 0.06444444444444444
12 0.25601851851851853 0.12407407407407407 0.08333333333333333 0.05851851851851852
12 0.36342592592592593 0.1237037037037037 0.07222222222222222 0.05407407407407407
12 0.26481481481481484 0.25407407407407406 0.07407407407407407 0.07185185185185185
12 0.12731481481481483 0.23851851851851852 0.0787037037037037 0.07777777777777778
12 0.24722222222222223 0.5170370370370371 0.08518518518518518 0.0674074074074074
12 0.2712962962962963 0.5618518518518518 0.07314814814814814 0.05037037037037037
12 0.3680555555555556 0.532962962962963 0.09814814814814815 0.06962962962962962
12 0.10231481481481482 0.58 0.08148148148148149 0.06074074074074074
12 0.33287037037037037 0.6566666666666666 0.07314814814814814 0.0837037037037037
12 0.6712962962962963 0.39666666666666667 0.07407407407407407 0.045925925925925926
12 0.8453703703703703 0.3440740740740741 0.04722222222222222 0.028888888888888888
12 0.8916666666666667 0.4122222222222222 0.07777777777777778 0.0637037037037037
12 0.8231481481481482 0.43444444444444447 0.06481481481481481 0.06962962962962962
12 0.8625 0.40370370370370373 0.05092592592592592 0.045925925925925926
12 0.8078703703703703 0.6348148148148148 0.0962962962962963 0.09481481481481481
12 0.7856481481481481 0.737037037037037 0.08148148148148149 0.11259259259259259
12 0.41712962962962963 0.8870370370370371 0.12685185185185185 0.0962962962962963
12 0.2111111111111111 0.8792592592592593 0.1287037037037037 0.06666666666666667
15 0.20416666666666666 0.48703703703703705 0.08425925925925926 0.07333333333333333
15 0.22175925925925927 0.6044444444444445 0.08333333333333333 0.07111111111111111
15 0.09074074074074075 0.6555555555555556 0.12962962962962962 0.09777777777777778
15 0.225 0.6922222222222222 0.11666666666666667 0.09333333333333334
15 0.10601851851851851 0.7751851851851852 0.09351851851851851 0.10148148148148148
15 0.46435185185185185 0.83 0.09814814814814815 0.08296296296296296
15 0.3175925925925926 0.8181481481481482 0.08796296296296297 0.06518518518518518
15 0.38842592592592595 0.7248148148148148 0.06944444444444445 0.08074074074074074
15 0.7648148148148148 0.3011111111111111 0.12129629629629629 0.08222222222222222
15 0.924074074074074 0.34074074074074073 0.12407407407407407 0.07555555555555556
15 0.41574074074074074 0.2 0.06944444444444445 0.056296296296296296
15 0.4546296296296296 0.23296296296296296 0.10462962962962963 0.05333333333333334
15 0.4861111111111111 0.13333333333333333 0.0962962962962963 0.0725925925925926
15 0.3194444444444444 0.08 0.0787037037037037 0.06666666666666667
15 0.20416666666666666 0.24962962962962962 0.07592592592592592 0.07407407407407407
15 0.13518518518518519 0.2785185185185185 0.05925925925925926 0.034074074074074076
15 0.34074074074074073 0.24333333333333335 0.05648148148148148 0.05703703703703704
15 0.5726851851851852 0.2803703703703704 0.07314814814814814 0.06074074074074074
15 0.6509259259259259 0.25703703703703706 0.06666666666666667 0.035555555555555556
15 0.6083333333333333 0.40185185185185185 0.07222222222222222 0.08518518518518518
15 0.4824074074074074 0.4148148148148148 0.07777777777777778 0.0637037037037037
15 0.5347222222222222 0.552962962962963 0.08148148148148149 0.09111111111111111
15 0.6268518518518519 0.5451851851851852 0.10092592592592593 0.0637037037037037
15 0.587037037037037 0.6140740740740741 0.10277777777777777 0.1037037037037037
15 0.5722222222222222 0.7988888888888889 0.10925925925925926 0.08518518518518518
15 0.6435185185185185 0.7329629629629629 0.07222222222222222 0.07555555555555556
15 0.8222222222222222 0.544074074074074 0.11481481481481481 0.05703703703703704
15 0.9416666666666667 0.6662962962962963 0.06851851851851852 0.07703703703703704
15 0.9634259259259259 0.5451851851851852 0.07314814814814814 0.06814814814814815
15 0.6777777777777778 0.45444444444444443 0.1175925925925926 0.08296296296296296