14 0.6472222222222223 0.1648148148148148 0.7055555555555556 0.3296296296296296
14 0.5 0.587037037037037 1 0.825925925925926
9 0.6277777777777778 0.01925925925925926 0.05555555555555555 0.035555555555555556
9 0.6958333333333333 0.05962962962962963 0.03981481481481482 0.03185185185185185
9 0.6921296296296297 0.08259259259259259 0.05 0.035555555555555556
9 0.624537037037037 0.08888888888888889 0.046296296296296294 0.03333333333333333
9 0.5953703703703703 0.09814814814814815 0.04259259259259259 0.02962962962962963
9 0.6282407407407408 0.12296296296296297 0.05185185185185185 0.03185185185185185
9 0.5962962962962963 0.12518518518518518 0.04722222222222222 0.02962962962962963
9 0.649537037037037 0.18555555555555556 0.058333333333333334 0.040740740740740744
9 0.6759259259259259 0.20148148148148148 0.044444444444444446 0.03037037037037037
9 0.7527777777777778 0.10777777777777778 0.03333333333333333 0.03481481481481481
9 0.8004629629629629 0.13296296296296295 0.05277777777777778 0.04518518518518518
9 0.7773148148148148 0.11962962962962963 0.044444444444444446 0.03185185185185185
9 0.7449074074074075 0.09 0.02962962962962963 0.022222222222222223
9 0.7208333333333333 0.052222222222222225 0.032407407407407406 0.025925925925925925
11 0.16944444444444445 0.39814814814814814 0.14722222222222223 0.10074074074074074
11 0.324537037037037 0.3996296296296296 0.12777777777777777 0.09111111111111111
11 0.4393518518518518 0.4114814814814815 0.08981481481481482 0.09185185185185185
11 0.4722222222222222 0.4874074074074074 0.12314814814814815 0.07851851851851852
11 0.6023148148148149 0.44851851851851854 0.1287037037037037 0.10074074074074074
11 0.5731481481481482 0.5685185185185185 0.14537037037037037 0.11703703703703704
11 0.6787037037037037 0.6537037037037037 0.15462962962962962 0.12
11 0.5 0.6181481481481481 0.14629629629629629 0.0962962962962963
11 0.41712962962962963 0.6611111111111111 0.1527777777777778 0.12518518518518518
11 0.5435185185185185 0.7418518518518519 0.15185185185185185 0.11703703703703704
11 0.350462962962963 0.7137037037037037 0.15648148148148147 0.10814814814814815
11 0.3050925925925926 0.582962962962963 0.14907407407407408 0.12222222222222222
11 0.29583333333333334 0.48962962962962964 0.14166666666666666 0.0962962962962963
11 0.08287037037037037 0.5388888888888889 0.14537037037037037 0.12296296296296297
4 0.15185185185185185 0.457037037037037 0.10462962962962963 0.07851851851851852
4 0.3675925925925926 0.46074074074074073 0.10555555555555556 0.07407407407407407
4 0.5097222222222222 0.4507407407407407 0.11851851851851852 0.08518518518518518
4 0.7615740740740741 0.5422222222222223 0.14629629629629629 0.09481481481481481
4 0.7638888888888888 0.6385185185185185 0.10277777777777777 0.08666666666666667
4 0.5685185185185185 0.672962962962963 0.09351851851851851 0.06592592592592593
4 0.32407407407407407 0.6455555555555555 0.06944444444444445 0.051111111111111114
4 0.45 0.5666666666666667 0.08703703703703704 0.07037037037037037
4 0.18194444444444444 0.6055555555555555 0.15648148148148147 0.17185185185185184
4 0.32546296296296295 0.7518518518518519 0.11203703703703703 0.0837037037037037