14 0.5672592592592592 0.47226851851851853 0.8654814814814815 0.8017962962962963
13 0.4855462962962963 0.24007407407407405 0.08787962962962963 0.06660185185185186
13 0.7953981481481481 0.3165833333333334 0.09214814814814815 0.06037037037037037
13 0.8179351851851852 0.4375 0.10752777777777778 0.04306481481481481
13 0.8948611111111111 0.45746296296296296 0.06162962962962963 0.083
13 0.360037037037037 0.49551851851851847 0.07980555555555556 0.07812962962962963
13 0.5099722222222222 0.5443703703703703 0.09085185185185185 0.07325925925925926
13 0.4555833333333333 0.6872777777777778 0.08735185185185186 0.048657407407407406
13 0.3373703703703704 0.3094351851851852 0.07764814814814815 0.07036111111111111
13 0.28757407407407404 0.38513888888888886 0.08872222222222222 0.05711111111111111
13 0.5451944444444444 0.4126666666666667 0.11539814814814814 0.06898148148148148
12 0.5257592592592593 0.3186018518518518 0.10892592592592593 0.13189814814814813
12 0.6599074074074075 0.25666666666666665 0.0695 0.07011111111111111
12 0.7616666666666667 0.24858333333333335 0.062462962962962956 0.08642592592592593
12 0.7009351851851852 0.37839814814814815 0.06517592592592593 0.10212037037037038
12 0.7530277777777777 0.5137314814814815 0.09917592592592593 0.10646296296296297
12 0.7729907407407408 0.5714907407407408 0.17149999999999999 0.06002777777777778
12 0.6045740740740742 0.5636574074074074 0.11538888888888889 0.1361388888888889
12 0.38811111111111113 0.4021388888888889 0.03877777777777778 0.05333333333333334
12 0.5007962962962963 0.4492314814814815 0.19125 0.10162962962962964
12 0.36760185185185185 0.6138703703703704 0.10571296296296297 0.053
9 0.6821759259259259 0.1622037037037037 0.04655555555555556 0.05394444444444444
9 0.30713888888888885 0.2659814814814815 0.04958333333333333 0.05363888888888889
9 0.3937777777777777 0.21051851851851852 0.055509259259259265 0.04799074074074074
9 0.8165925925925925 0.36084259259259255 0.05625 0.04092592592592593
9 0.8280648148148148 0.39066666666666666 0.05489814814814815 0.054685185185185184
9 0.3642222222222222 0.6955092592592592 0.047685185185185185 0.05162037037037037
9 0.39999074074074076 0.6449074074074074 0.05173148148148148 0.055685185185185185
8 0.29108333333333336 0.6036111111111111 0.10113888888888889 0.08646296296296296
8 0.3353425925925926 0.19473148148148148 0.0709074074074074 0.05150925925925926
8 0.8701666666666666 0.305787037037037 0.07432407407407407 0.08197222222222222
8 0.6663888888888889 0.3136111111111111 0.060861111111111116 0.07062962962962963
10 0.30726851851851855 0.447212962962963 0.1227314814814815 0.07328703703703704
10 0.4075462962962963 0.35774074074074075 0.06684259259259259 0.0967962962962963
10 0.7060648148148148 0.2816296296296297 0.03763888888888889 0.08494444444444443
10 0.5357500000000001 0.48648148148148146 0.04792592592592593 0.04655555555555556
12 0.5456018518518518 0.2030925925925926 0.06492592592592593 0.07363888888888889
12 0.4379074074074074 0.2149722222222222 0.07088888888888889 0.04340740740740741
15 0.5886203703703704 0.6974814814814815 0.11692592592592593 0.10657407407407407
15 0.8774259259259259 0.5030092592592592 0.07762037037037037 0.07841666666666666
15 0.9002314814814815 0.3861851851851852 0.09331481481481482 0.09526851851851852
15 0.7728425925925926 0.1807314814814815 0.0759537037037037 0.05825925925925926
15 0.4750648148148149 0.16577777777777777 0.11226851851851852 0.08816666666666667