14 0.4722222222222222 0.5137037037037037 0.9444444444444444 0.9622222222222222
9 0.2810185185185185 0.18259259259259258 0.09351851851851851 0.07111111111111111
9 0.24305555555555555 0.27925925925925926 0.07314814814814814 0.04962962962962963
9 0.3055555555555556 0.25925925925925924 0.06851851851851852 0.05333333333333334
9 0.300462962962963 0.29185185185185186 0.0712962962962963 0.04814814814814815
9 0.5518518518518518 0.21296296296296297 0.06111111111111111 0.05037037037037037
9 0.5074074074074074 0.2551851851851852 0.08888888888888889 0.06
9 0.37962962962962965 0.31777777777777777 0.07685185185185185 0.06074074074074074
9 0.3453703703703704 0.3837037037037037 0.07314814814814814 0.052592592592592594
9 0.24953703703703703 0.4062962962962963 0.06851851851851852 0.06
9 0.17037037037037037 0.3751851851851852 0.06759259259259259 0.044444444444444446
9 0.45231481481481484 0.3862962962962963 0.07407407407407407 0.05703703703703704
9 0.4736111111111111 0.36074074074074075 0.04259259259259259 0.03481481481481481
9 0.37407407407407406 0.44481481481481483 0.08611111111111111 0.06444444444444444
9 0.4134259259259259 0.43444444444444447 0.053703703703703705 0.03777777777777778
9 0.5189814814814815 0.4225925925925926 0.08703703703703704 0.06592592592592593
9 0.3296296296296296 0.5144444444444445 0.11851851851851852 0.08074074074074074
9 0.24027777777777778 0.5051851851851852 0.06851851851851852 0.05333333333333334
9 0.16898148148148148 0.5555555555555556 0.08703703703703704 0.07111111111111111
9 0.14027777777777778 0.6155555555555555 0.075 0.057777777777777775
9 0.13055555555555556 0.6703703703703704 0.0824074074074074 0.06222222222222222
9 0.1398148148148148 0.7077777777777777 0.09444444444444444 0.06592592592592593
9 0.1837962962962963 0.6718518518518518 0.075 0.07481481481481482
9 0.29305555555555557 0.6922222222222222 0.1037037037037037 0.07037037037037037
8 0.2601851851851852 0.8033333333333333 0.18611111111111112 0.1237037037037037
9 0.5217592592592593 0.5318518518518518 0.06111111111111111 0.06
9 0.6861111111111111 0.4285185185185185 0.07592592592592592 0.06
9 0.6703703703703704 0.5448148148148149 0.10555555555555556 0.08148148148148149
12 0.3611111111111111 0.23185185185185186 0.18888888888888888 0.0874074074074074
12 0.4842592592592593 0.32666666666666666 0.1537037037037037 0.09777777777777778
12 0.587037037037037 0.28296296296296297 0.12777777777777777 0.09185185185185185
12 0.6106481481481482 0.2225925925925926 0.05555555555555555 0.06888888888888889
12 0.2740740740740741 0.31037037037037035 0.1 0.07481481481481482
12 0.2916666666666667 0.39222222222222225 0.06944444444444445 0.06222222222222222
12 0.17407407407407408 0.4048148148148148 0.08425925925925926 0.056296296296296296
12 0.15231481481481482 0.4411111111111111 0.08333333333333333 0.057777777777777775
12 0.2125 0.46 0.07777777777777778 0.054814814814814816
12 0.11527777777777778 0.55 0.07314814814814814 0.08
12 0.22268518518518518 0.5433333333333333 0.07962962962962963 0.06222222222222222
12 0.4101851851851852 0.48148148148148145 0.09351851851851851 0.057777777777777775
12 0.41203703703703703 0.53 0.09351851851851851 0.06518518518518518
12 0.5319444444444444 0.44555555555555554 0.15462962962962962 0.08148148148148149
12 0.5523148148148148 0.41888888888888887 0.05092592592592592 0.03851851851851852
12 0.6300925925925925 0.3433333333333333 0.08425925925925926 0.07777777777777778
12 0.39305555555555555 0.6951851851851852 0.13703703703703704 0.14222222222222222
12 0.45740740740740743 0.6785185185185185 0.14722222222222223 0.13037037037037036
12 0.15138888888888888 0.8018518518518518 0.13796296296296295 0.18444444444444444
12 0.16296296296296298 0.6407407407407407 0.05 0.03481481481481481
8 0.4736111111111111 0.5840740740740741 0.12777777777777777 0.1259259259259259
8 0.5898148148148148 0.36925925925925923 0.10277777777777777 0.09925925925925926
8 0.5699074074074074 0.2833333333333333 0.08888888888888889 0.07703703703703704
8 0.3675925925925926 0.25 0.08796296296296297 0.07185185185185185
8 0.48657407407407405 0.23666666666666666 0.10833333333333334 0.06962962962962962
8 0.24814814814814815 0.24666666666666667 0.07685185185185185 0.06444444444444444
8 0.16203703703703703 0.4937037037037037 0.10185185185185185 0.07777777777777778
8 0.2912037037037037 0.43222222222222223 0.08425925925925926 0.044444444444444446
8 0.26805555555555555 0.45814814814814814 0.058333333333333334 0.03481481481481481
8 0.24675925925925926 0.5077777777777778 0.05462962962962963 0.051111111111111114
8 0.21666666666666667 0.6066666666666667 0.1111111111111111 0.08