14 0.48684 0.5732133333333334 0.94056 0.5904533333333333
2 0.5092933333333334 0.66052 0.10116 0.13357333333333335
2 0.5595466666666667 0.5361199999999999 0.11916 0.10792
2 0.6854666666666667 0.4695466666666667 0.17782666666666666 0.08356
2 0.5514933333333334 0.39052 0.09928 0.058653333333333335
2 0.36856 0.3893066666666667 0.10662666666666666 0.05058666666666666
2 0.26730666666666664 0.4628933333333334 0.09164 0.06838666666666667
2 0.2984266666666667 0.5498133333333334 0.09389333333333334 0.06404
2 0.3379066666666667 0.60568 0.09594666666666665 0.09327999999999999
8 0.7904800000000001 0.5664933333333333 0.057800000000000004 0.08616
8 0.6576266666666667 0.51324 0.05650666666666667 0.05468
8 0.7076933333333333 0.5189600000000001 0.05537333333333334 0.05673333333333333
8 0.7272 0.5485866666666667 0.03437333333333333 0.04848
8 0.6517200000000001 0.5604933333333333 0.06532 0.07415999999999999
8 0.6566933333333334 0.6002533333333333 0.050879999999999995 0.056146666666666664
8 0.6084933333333333 0.6163733333333333 0.09326666666666666 0.03589333333333333
8 0.6896933333333333 0.62444 0.10188 0.04077333333333333
8 0.7390133333333333 0.6027733333333333 0.06174666666666667 0.055586666666666666
8 0.3919066666666667 0.49149333333333334 0.05393333333333334 0.05618666666666667
8 0.4354133333333333 0.499 0.05842666666666667 0.04118666666666667
8 0.46626666666666666 0.5278666666666666 0.06573333333333332 0.046426666666666665
8 0.4438533333333333 0.5461466666666667 0.05654666666666666 0.047360000000000006
8 0.41741333333333336 0.5270266666666666 0.044919999999999995 0.039106666666666665
8 0.37784 0.5483066666666667 0.04456 0.05354666666666666
8 0.43410666666666664 0.5741866666666666 0.08954666666666666 0.05278666666666667
8 0.38881333333333334 0.6149733333333334 0.04212 0.03870666666666667
8 0.42303999999999997 0.6422533333333333 0.06368 0.050133333333333335
8 0.2962666666666667 0.7269066666666666 0.0952 0.056293333333333334
8 0.2727466666666667 0.67188 0.07626666666666668 0.04937333333333333
8 0.28717333333333334 0.6310933333333333 0.07138666666666667 0.055959999999999996
8 0.15338666666666667 0.5256133333333333 0.05697333333333333 0.07192
8 0.21629333333333334 0.50912 0.08714666666666666 0.05393333333333334
8 0.2658933333333333 0.51184 0.04194666666666667 0.027493333333333335
8 0.2801466666666667 0.5244933333333334 0.06294666666666666 0.03217333333333333
8 0.3387466666666667 0.50612 0.05825333333333333 0.025426666666666667
8 0.34297333333333335 0.5438133333333334 0.049813333333333334 0.029546666666666666
8 0.29786666666666667 0.46712 0.029013333333333335 0.03744
8 0.2990933333333333 0.43018666666666666 0.05957333333333333 0.019826666666666666
8 0.33030666666666664 0.45408 0.04513333333333334 0.04701333333333333
8 0.38750666666666667 0.42418666666666666 0.05074666666666667 0.02282666666666667
8 0.42772000000000004 0.41912 0.05429333333333333 0.04645333333333334
8 0.4758266666666667 0.39136 0.03610666666666666 0.028466666666666668
8 0.50892 0.4419866666666667 0.055413333333333335 0.0622
8 0.5758666666666666 0.46242666666666665 0.10302666666666666 0.03181333333333333
8 0.6471199999999999 0.45042666666666664 0.043013333333333334 0.03782666666666667
8 0.7396666666666667 0.41068 0.06493333333333334 0.06333333333333334
8 0.8333333333333334 0.47602666666666665 0.05160000000000001 0.06462666666666667