14 0.5100648148148148 0.4430483271375465 0.9269259259259259 0.7861462205700124
15 0.41108333333333336 0.5301239157372987 0.1777037037037037 0.2549566294919455
15 0.5641666666666666 0.5652416356877323 0.12824074074074074 0.24858736059479555
15 0.8031203703703704 0.3364436183395291 0.12038888888888889 0.19251548946716235
15 0.6713888888888889 0.17697645600991324 0.10632407407407407 0.06607187112763321
15 0.1695462962962963 0.36951672862453533 0.10228703703703704 0.13796778190830236
0 0.42503703703703705 0.5632465923172243 0.22186111111111112 0.4769764560099133
0 0.2086574074074074 0.4737670384138785 0.17476851851851852 0.16272614622057
0 0.3344166666666667 0.45168525402726145 0.10490740740740741 0.10939281288723668
0 0.2725092592592593 0.3327013630731103 0.04535185185185185 0.0712639405204461
0 0.19933333333333333 0.2852664188351921 0.3339537037037037 0.09530359355638165
0 0.28492592592592597 0.2514126394052044 0.1816111111111111 0.100817843866171
0 0.3555185185185185 0.21012391573729863 0.11068518518518519 0.16734820322180918
0 0.4040462962962963 0.35806691449814126 0.09417592592592593 0.16500619578686493
0 0.49263888888888885 0.31032218091697644 0.09351851851851851 0.15268897149938043
0 0.4583611111111111 0.2484014869888476 0.0763888888888889 0.10913258983890953
0 0.43489814814814814 0.17458488228004954 0.061611111111111116 0.0962453531598513
0 0.49702777777777774 0.13773234200743495 0.08302777777777778 0.10572490706319702
0 0.6619907407407408 0.12053283767038413 0.22439814814814815 0.0942627013630731
0 0.793962962962963 0.22360594795539032 0.3340648148148148 0.13121437422552665
0 0.6689537037037038 0.375266418835192 0.2533148148148148 0.10765799256505576
0 0.6542870370370371 0.5117472118959108 0.07185185185185185 0.047980173482032214
0 0.6997037037037036 0.5908798017348202 0.08555555555555557 0.12635687732342007