14 0.5101851851851852 0.4172461752433936 0.6481481481481481 0.6342141863699583
13 0.29305555555555557 0.3664812239221141 0.06574074074074074 0.05006954102920723
13 0.3175925925925926 0.29694019471488176 0.05740740740740741 0.048678720445062586
13 0.47314814814814815 0.18011126564673158 0.05648148148148148 0.06258692628650904
13 0.5050925925925925 0.23087621696801114 0.041666666666666664 0.06815020862308763
13 0.44537037037037036 0.2712100139082058 0.06296296296296296 0.04033379694019471
13 0.4722222222222222 0.30737134909596664 0.058333333333333334 0.06536856745479833
13 0.4263888888888889 0.32058414464534074 0.058333333333333334 0.043115438108484005
13 0.4041666666666667 0.3748261474269819 0.04722222222222222 0.09457579972183588
13 0.45092592592592595 0.4095966620305981 0.07222222222222222 0.04033379694019471
13 0.44814814814814813 0.44506258692628653 0.05648148148148148 0.05146036161335188
13 0.4671296296296296 0.4937413073713491 0.049074074074074076 0.054242002781641166
13 0.5027777777777778 0.5250347705146036 0.07777777777777778 0.05702364394993046
13 0.3106481481481482 0.43949930458970793 0.06018518518518518 0.0737134909596662
13 0.5986111111111111 0.39707927677329624 0.04351851851851852 0.059805285118219746
13 0.5680555555555555 0.4082058414464534 0.040740740740740744 0.05702364394993046
13 0.6296296296296297 0.4471488178025035 0.040740740740740744 0.048678720445062586
13 0.649074074074074 0.4972183588317107 0.05925925925925926 0.06815020862308763
13 0.7476851851851852 0.3748261474269819 0.049074074074074076 0.06815020862308763
13 0.6953703703703704 0.28303198887343534 0.040740740740740744 0.054242002781641166
13 0.7166666666666667 0.3157162726008345 0.05925925925925926 0.03616133518776078
13 0.5722222222222222 0.2148817802503477 0.053703703703703705 0.054242002781641166
5 0.3773148148148148 0.4916550764951321 0.04722222222222222 0.08484005563282336
5 0.4203703703703704 0.48887343532684285 0.06111111111111111 0.05702364394993046
5 0.36157407407407405 0.39777468706536856 0.04814814814814815 0.08623087621696801
5 0.4634259259259259 0.3671766342141864 0.0712962962962963 0.06397774687065369
5 0.5324074074074074 0.413769123783032 0.06296296296296296 0.12934631432545202
5 0.5097222222222222 0.47426981919332406 0.05648148148148148 0.06675938803894298
5 0.587037037037037 0.47079276773296247 0.06296296296296296 0.07927677329624479
5 0.5851851851851851 0.5493741307371349 0.1111111111111111 0.07649513212795549
5 0.55 0.29694019471488176 0.05 0.09457579972183588
5 0.625 0.2851182197496523 0.05 0.06397774687065369
5 0.5504629629629629 0.15229485396383866 0.062037037037037036 0.05702364394993046
5 0.3662037037037037 0.22600834492350486 0.05740740740740741 0.05702364394993046