14 0.4987407407407407 0.5387854889589905 0.915537037037037 0.5762302839116719
9 0.5144351851851852 0.7309384858044164 0.07857407407407407 0.06081230283911672
9 0.22539814814814815 0.627121451104101 0.0649074074074074 0.04842271293375394
9 0.3266296296296296 0.6338485804416404 0.055509259259259265 0.03377760252365931
9 0.48969444444444443 0.636435331230284 0.051666666666666666 0.034518927444794956
9 0.7142222222222222 0.6061198738170347 0.06655555555555555 0.05375394321766561
9 0.8291759259259259 0.5418611987381704 0.060287037037037035 0.03913249211356467
9 0.630175925925926 0.4743454258675079 0.0512962962962963 0.04166403785488959
9 0.6781018518518519 0.4518690851735016 0.04989814814814815 0.03220820189274448
9 0.7979259259259259 0.4287933753943218 0.03250925925925926 0.03339905362776025
9 0.6837407407407408 0.38746056782334387 0.06638888888888889 0.02616719242902208
9 0.6072500000000001 0.4002523659305994 0.06101851851851852 0.026600946372239746
9 0.4349074074074074 0.46820977917981077 0.0515 0.03383280757097792
9 0.45687037037037037 0.44003154574132497 0.05201851851851852 0.04996056782334385
9 0.42465740740740743 0.416813880126183 0.04837962962962963 0.030149842271293373
9 0.3474722222222222 0.49904574132492113 0.062453703703703706 0.03485804416403786
9 0.13362037037037036 0.49443217665615147 0.05675925925925926 0.04337539432176656
9 0.18485185185185185 0.41738170347003156 0.05849074074074074 0.03423501577287066
9 0.2883425925925926 0.4244006309148265 0.050138888888888886 0.032011041009463725
9 0.20889814814814817 0.3777444794952681 0.06317592592592593 0.03187697160883281
9 0.3443425925925926 0.2903391167192429 0.04925925925925926 0.03160883280757098
9 0.47484259259259265 0.294108832807571 0.041074074074074075 0.028801261829653
9 0.4382962962962963 0.3409148264984227 0.03916666666666666 0.03218454258675079
9 0.40061111111111114 0.37212145110410094 0.043694444444444445 0.03246845425867508
9 0.6404166666666666 0.3203627760252366 0.04747222222222223 0.029526813880126183