14 0.48533333333333334 0.5726666666666667 0.9506666666666667 0.6066666666666667
2 0.5066666666666667 0.6606666666666666 0.104 0.13466666666666666
2 0.5586666666666666 0.5373333333333333 0.12 0.11066666666666666
2 0.686 0.4726666666666667 0.18 0.08533333333333333
2 0.5533333333333333 0.3913333333333333 0.10133333333333333 0.06
2 0.37066666666666664 0.3873333333333333 0.108 0.052
2 0.268 0.45866666666666667 0.09333333333333334 0.06933333333333333
2 0.29733333333333334 0.546 0.09466666666666666 0.06533333333333333
2 0.336 0.6026666666666667 0.09733333333333333 0.09466666666666666
8 0.7893333333333333 0.5713333333333334 0.06 0.08666666666666667
8 0.6573333333333333 0.516 0.05733333333333333 0.056
8 0.7073333333333334 0.5226666666666666 0.05733333333333333 0.05733333333333333
8 0.726 0.5526666666666666 0.034666666666666665 0.04933333333333333
8 0.6506666666666666 0.5633333333333334 0.06666666666666667 0.07466666666666667
8 0.6546666666666666 0.6026666666666667 0.05333333333333334 0.05733333333333333
8 0.6066666666666667 0.618 0.09333333333333334 0.037333333333333336
8 0.6873333333333334 0.628 0.10266666666666667 0.042666666666666665
8 0.7373333333333333 0.6066666666666667 0.06266666666666666 0.05733333333333333
8 0.392 0.48933333333333334 0.05466666666666667 0.05733333333333333
8 0.43533333333333335 0.498 0.058666666666666666 0.042666666666666665
8 0.466 0.5273333333333333 0.06666666666666667 0.048
8 0.44333333333333336 0.5453333333333333 0.05733333333333333 0.048
8 0.4166666666666667 0.5253333333333333 0.04533333333333334 0.04
8 0.37733333333333335 0.546 0.04533333333333334 0.05466666666666667
8 0.43266666666666664 0.5733333333333334 0.09066666666666667 0.05333333333333334
8 0.38666666666666666 0.6133333333333333 0.042666666666666665 0.04
8 0.4206666666666667 0.6406666666666667 0.06533333333333333 0.050666666666666665
8 0.2926666666666667 0.7233333333333334 0.09733333333333333 0.05733333333333333
8 0.27 0.668 0.07733333333333334 0.050666666666666665
8 0.2846666666666667 0.6273333333333333 0.072 0.05733333333333333
8 0.15266666666666667 0.5193333333333333 0.05733333333333333 0.07333333333333333
8 0.216 0.504 0.088 0.05466666666666667
8 0.266 0.508 0.04133333333333333 0.028
8 0.28 0.5206666666666667 0.06266666666666666 0.03333333333333333
8 0.33866666666666667 0.5033333333333333 0.058666666666666666 0.02666666666666667
8 0.342 0.5413333333333333 0.04933333333333333 0.030666666666666665
8 0.2986666666666667 0.4633333333333333 0.029333333333333333 0.037333333333333336
8 0.3006666666666667 0.4266666666666667 0.06 0.021333333333333333
8 0.3313333333333333 0.4513333333333333 0.04666666666666667 0.048
8 0.38866666666666666 0.422 0.050666666666666665 0.024
8 0.42933333333333334 0.418 0.056 0.048
8 0.478 0.39066666666666666 0.036 0.029333333333333333
8 0.51 0.442 0.056 0.064
8 0.5766666666666667 0.464 0.104 0.03333333333333333
8 0.648 0.4533333333333333 0.044 0.03866666666666667
8 0.7413333333333333 0.4146666666666667 0.06666666666666667 0.06533333333333333
8 0.834 0.482 0.052 0.06533333333333333