14 0.5055555555555555 0.4485749690210657 0.9833333333333333 0.8971499380421314
15 0.41388888888888886 0.5421313506815365 0.1962962962962963 0.2788104089219331
15 0.5689814814814815 0.5557620817843866 0.14722222222222223 0.265179677819083
15 0.7888888888888889 0.2949194547707559 0.13518518518518519 0.20817843866171004
15 0.6453703703703704 0.15489467162329615 0.1111111111111111 0.080545229244114
15 0.16111111111111112 0.4163568773234201 0.11203703703703703 0.15117719950433706
0 0.4305555555555556 0.5731102850061958 0.25833333333333336 0.5055762081784386
0 0.20833333333333334 0.5148698884758365 0.18703703703703703 0.18587360594795538
0 0.3314814814814815 0.4752168525402726 0.11296296296296296 0.12391573729863693
0 0.26064814814814813 0.3655514250309789 0.05092592592592592 0.0768277571251549
0 0.18425925925925926 0.32837670384138784 0.3398148148148148 0.1412639405204461
0 0.26666666666666666 0.28314745972738536 0.18888888888888888 0.12639405204460966
0 0.3337962962962963 0.23172242874845106 0.12314814814814815 0.1821561338289963
0 0.39351851851851855 0.37236679058240396 0.10648148148148148 0.17843866171003717
0 0.4777777777777778 0.31226765799256506 0.10462962962962963 0.16480793060718713
0 0.4388888888888889 0.2558859975216852 0.08425925925925926 0.11895910780669144
0 0.4097222222222222 0.1852540272614622 0.06944444444444445 0.10408921933085502
0 0.4685185185185185 0.14002478314745972 0.09074074074074075 0.11771995043370508
0 0.6314814814814815 0.09975216852540272 0.23055555555555557 0.1251548946716233
0 0.7708333333333334 0.18401486988847585 0.3425925925925926 0.17596034696406443
0 0.6583333333333333 0.35254027261462206 0.2601851851851852 0.14250309789343246
0 0.6541666666666667 0.49008674101610905 0.075 0.057001239157372985
0 0.7055555555555556 0.5625774473358116 0.09537037037037037 0.137546468401487