14 0.49574999999999997 0.5016944444444444 0.9915092592592591 0.9815833333333333
8 0.1579074074074074 0.4667685185185185 0.09041666666666667 0.08626851851851852
8 0.26110185185185186 0.4860277777777777 0.11287962962962962 0.11312037037037037
8 0.7722685185185185 0.14070370370370372 0.10169444444444445 0.08228703703703705
8 0.6581296296296296 0.20287962962962963 0.11280555555555555 0.06066666666666666
8 0.6778333333333333 0.13223148148148148 0.08507407407407407 0.08287037037037037
8 0.4736296296296296 0.16025925925925927 0.11750925925925926 0.05717592592592593
8 0.6718518518518519 0.5738981481481481 0.07601851851851851 0.08449074074074074
8 0.7268796296296296 0.5409166666666667 0.0547037037037037 0.05938888888888889
8 0.8353333333333333 0.549962962962963 0.07599074074074073 0.08332407407407406
8 0.808324074074074 0.6699351851851851 0.08329629629629628 0.10722222222222222
8 0.7280462962962962 0.761888888888889 0.1504537037037037 0.11012037037037038
8 0.5016481481481482 0.6754722222222223 0.1502037037037037 0.1708611111111111
8 0.41407407407407404 0.6351944444444444 0.09183333333333334 0.12533333333333335
8 0.8945925925925926 0.34708333333333335 0.09525 0.08047222222222222
8 0.7613240740740741 0.25367592592592597 0.07687962962962963 0.05714814814814815
8 0.48588888888888887 0.027999999999999997 0.060287037037037035 0.04081481481481481
8 0.31875925925925924 0.39875 0.11432407407407408 0.04950925925925926
8 0.541212962962963 0.47070370370370374 0.09210185185185185 0.14377777777777778