14 0.5 0.5 1 1
7 0.1986111111111111 0.31959629941127 0.13425925925925927 0.11774600504625736
7 0.4222222222222222 0.25273338940285955 0.13425925925925927 0.10513036164844407
7 0.5828703703703704 0.13414634146341464 0.14351851851851852 0.0992430613961312
7 0.6680555555555555 0.2380151387720774 0.09351851851851851 0.12195121951219512
7 0.8699074074074075 0.14297729184188393 0.09259259259259259 0.08999158957106812
7 0.6199074074074075 0.33052985702270815 0.08055555555555556 0.0941968040370059
7 0.7166666666666667 0.3650126156433978 0.10185185185185185 0.1345668629100084
7 0.7060185185185185 0.4772918418839361 0.08425925925925926 0.09335576114381834
7 0.8069444444444445 0.5634987384356602 0.08611111111111111 0.07064760302775441
7 0.6138888888888889 0.6568544995794785 0.06666666666666667 0.09083263246425567
7 0.4425925925925926 0.5487804878048781 0.14907407407407408 0.11101766190075694
7 0.30972222222222223 0.5807401177460051 0.13518518518518519 0.10849453322119428
7 0.5638888888888889 0.8814129520605551 0.08518518518518518 0.07485281749369217
7 0.9277777777777778 0.804457527333894 0.08703703703703704 0.09335576114381834
7 0.9291666666666667 0.6286795626576955 0.13333333333333333 0.08999158957106812
7 0.9847222222222223 0.6366694701429773 0.030555555555555555 0.07569386038687972
7 0.9625 0.3814129520605551 0.05277777777777778 0.05887300252312868
8 0.3435185185185185 0.44911690496215306 0.15 0.12447434819175777
8 0.27870370370370373 0.3137089991589571 0.12314814814814815 0.11690496215306981
8 0.538425925925926 0.25273338940285955 0.09351851851851851 0.10933557611438183
8 0.7833333333333333 0.1471825063078217 0.11574074074074074 0.09251471825063078
8 0.7027777777777777 0.09714045416316232 0.10277777777777777 0.10344827586206896
8 0.9291666666666667 0.27712363330529854 0.05740740740740741 0.06980656013456686
8 0.7967592592592593 0.3629100084104289 0.07222222222222222 0.06896551724137931
8 0.9708333333333333 0.5487804878048781 0.058333333333333334 0.09503784693019345
8 0.7555555555555555 0.6593776282590412 0.07407407407407407 0.07569386038687972
8 0.8157407407407408 0.6387720773759462 0.07314814814814814 0.0782169890664424
8 0.8092592592592592 0.7413793103448276 0.1527777777777778 0.15138772077375945
8 0.6638888888888889 0.7262405382674516 0.07407407407407407 0.06980656013456686
8 0.6657407407407407 0.6269974768713205 0.07777777777777778 0.07485281749369217
8 0.6703703703703704 0.5399495374264087 0.07222222222222222 0.07737594617325484
8 0.5226851851851851 0.5466778805719091 0.08425925925925926 0.08242220353238015
8 0.5310185185185186 0.6026072329688814 0.08611111111111111 0.063919259882254
8 0.4199074074074074 0.6669470142977292 0.09074074074074075 0.08242220353238015
8 0.449537037037037 0.7342304457527334 0.09259259259259259 0.08830950378469302
8 0.5652777777777778 0.732968881412952 0.12129629629629629 0.12531539108494533
8 0.48333333333333334 0.8128679562657696 0.14166666666666666 0.1438183347350715
8 0.32037037037037036 0.6337258200168209 0.14444444444444443 0.08999158957106812
8 0.21712962962962962 0.5756938603868798 0.09166666666666666 0.11017661900756939
6 0.29305555555555557 0.08116063919259882 0.05740740740740741 0.05971404541631623
6 0.32731481481481484 0.095878889823381 0.03981481481481482 0.04205214465937763
6 0.33796296296296297 0.15559293523969722 0.05185185185185185 0.04625735912531539
6 0.5171296296296296 0.08031959629941127 0.03796296296296296 0.03700588730025231
6 0.5189814814814815 0.036585365853658534 0.05462962962962963 0.04289318755256518
6 0.5402777777777777 0.05214465937762826 0.03611111111111111 0.03700588730025231
6 0.5597222222222222 0.04709840201850295 0.03333333333333333 0.040370058873002525
6 0.5782407407407407 0.03784693019343986 0.03888888888888889 0.03784693019343986
6 0.5773148148148148 0.009251471825063078 0.04722222222222222 0.018502943650126155
6 0.6111111111111112 0.022287636669470142 0.03888888888888889 0.044575273338940284
6 0.7055555555555556 0.018502943650126155 0.05740740740740741 0.03700588730025231
6 0.7337962962962963 0.008410428931875526 0.04722222222222222 0.01682085786375105
6 0.7111111111111111 0.09714045416316232 0.04722222222222222 0.040370058873002525
6 0.575925925925926 0.12867956265769553 0.05277777777777778 0.0479394449116905
6 0.6671296296296296 0.1488645920941968 0.04814814814814815 0.04373423044575273
6 0.7333333333333333 0.24390243902439024 0.040740740740740744 0.0479394449116905
6 0.8222222222222222 0.19764507989907484 0.04259259259259259 0.04205214465937763
6 0.8430555555555556 0.22582001682085787 0.040740740740740744 0.044575273338940284
6 0.8023148148148148 0.24011774600504626 0.03981481481481482 0.03280067283431455
6 0.8569444444444444 0.17872161480235493 0.041666666666666664 0.03952901597981497
6 0.8949074074074074 0.18713204373423045 0.03981481481481482 0.04373423044575273
6 0.9013888888888889 0.1614802354920101 0.032407407407407406 0.03616484440706476
6 0.8004629629629629 0.3170731707317073 0.04351851851851852 0.04373423044575273
6 0.8486111111111111 0.3027754415475189 0.037037037037037035 0.03868797308662742
6 0.8875 0.2796467619848612 0.049074074074074076 0.04709840201850295
6 0.9375 0.30782169890664424 0.03796296296296296 0.03700588730025231
6 0.924074074074074 0.35365853658536583 0.03796296296296296 0.034482758620689655
6 0.9555555555555556 0.3469301934398654 0.03888888888888889 0.03532380151387721
6 0.6638888888888889 0.768713204373423 0.04351851851851852 0.034482758620689655
6 0.6481481481481481 0.6661059714045416 0.03611111111111111 0.034482758620689655
6 0.6777777777777778 0.6534903280067283 0.037037037037037035 0.031959629941127
6 0.6907407407407408 0.6787216148023549 0.04722222222222222 0.04289318755256518
6 0.5273148148148148 0.6913372582001682 0.05648148148148148 0.04205214465937763
6 0.5523148148148148 0.6749369217830109 0.03796296296296296 0.028595458368376788
6 0.5615740740740741 0.6913372582001682 0.03425925925925926 0.028595458368376788
6 0.5416666666666666 0.5521446593776282 0.03148148148148148 0.03616484440706476
6 0.5787037037037037 0.5782169890664424 0.041666666666666664 0.04121110176619008
6 0.5578703703703703 0.5126156433978133 0.03425925925925926 0.04205214465937763
6 0.5763888888888888 0.4987384356602187 0.03333333333333333 0.0336417157275021
6 0.6240740740740741 0.5079899074852817 0.040740740740740744 0.03700588730025231
6 0.4925925925925926 0.468040370058873 0.041666666666666664 0.03280067283431455
6 0.4875 0.4953742640874685 0.037037037037037035 0.031118587047939444
6 0.5092592592592593 0.5100925147182507 0.03425925925925926 0.034482758620689655
6 0.5106481481481482 0.5449957947855341 0.03796296296296296 0.031959629941127
6 0.449537037037037 0.5185029436501262 0.041666666666666664 0.03280067283431455
6 0.49074074074074076 0.5702270815811606 0.032407407407407406 0.02691337258200168
6 0.49398148148148147 0.5887300252312868 0.03981481481481482 0.0336417157275021
6 0.4652777777777778 0.5992430613961311 0.03333333333333333 0.030277544154751892
6 0.4324074074074074 0.5941968040370059 0.03796296296296296 0.031118587047939444
6 0.4587962962962963 0.6248948696383515 0.03888888888888889 0.03868797308662742
6 0.362962962962963 0.535744322960471 0.03148148148148148 0.03532380151387721
6 0.3814814814814815 0.5403700588730025 0.03425925925925926 0.03280067283431455
6 0.4111111111111111 0.5264928511354079 0.040740740740740744 0.03616484440706476
6 0.40370370370370373 0.5067283431455004 0.03796296296296296 0.034482758620689655
6 0.4351851851851852 0.49369217830109335 0.037037037037037035 0.0336417157275021
6 0.4708333333333333 0.48570227081581163 0.03333333333333333 0.030277544154751892
6 0.4263888888888889 0.4659377628259041 0.03981481481481482 0.031118587047939444
6 0.4236111111111111 0.4306139613120269 0.037037037037037035 0.031118587047939444
6 0.5296296296296297 0.4280908326324643 0.03888888888888889 0.03616484440706476
6 0.5217592592592593 0.400336417157275 0.037037037037037035 0.034482758620689655
6 0.5541666666666667 0.3915054667788057 0.03611111111111111 0.03280067283431455
6 0.6768518518518518 0.46888141295206054 0.04351851851851852 0.040370058873002525
6 0.3449074074074074 0.3961312026913373 0.032407407407407406 0.031118587047939444
6 0.36898148148148147 0.4074852817493692 0.03425925925925926 0.031118587047939444
6 0.39351851851851855 0.3927670311185871 0.03611111111111111 0.0336417157275021
6 0.3861111111111111 0.41253153910849455 0.03888888888888889 0.031959629941127
6 0.3037037037037037 0.3793103448275862 0.04537037037037037 0.040370058873002525
6 0.3425925925925926 0.35912531539108494 0.04351851851851852 0.03616484440706476
6 0.2152777777777778 0.3990748528174937 0.04259259259259259 0.044575273338940284
6 0.2986111111111111 0.2922624053826745 0.03425925925925926 0.03532380151387721
6 0.31157407407407406 0.32506307821698904 0.046296296296296294 0.04121110176619008
6 0.39305555555555555 0.28595458368376786 0.046296296296296294 0.03700588730025231
6 0.4046296296296296 0.3103448275862069 0.040740740740740744 0.03700588730025231
6 0.4439814814814815 0.30067283431455005 0.03333333333333333 0.028595458368376788
6 0.4842592592592593 0.2888982338099243 0.037037037037037035 0.02943650126156434
6 0.49722222222222223 0.26324642556770395 0.03148148148148148 0.0336417157275021
7 0.8870370370370371 0.4499579478553406 0.1 0.08242220353238015