14 0.5009259259259259 0.4439814814814815 0.924074074074074 0.887962962962963
2 0.6680555555555555 0.21898148148148147 0.09537037037037037 0.08518518518518518
2 0.5486111111111112 0.20324074074074075 0.06666666666666667 0.06296296296296296
2 0.5694444444444444 0.29074074074074074 0.07407407407407407 0.062037037037037036
2 0.7226851851851852 0.38425925925925924 0.07777777777777778 0.07685185185185185
2 0.7310185185185185 0.5296296296296297 0.08981481481481482 0.06944444444444445
2 0.5263888888888889 0.4736111111111111 0.08425925925925926 0.07777777777777778
2 0.33611111111111114 0.45092592592592595 0.06851851851851852 0.07037037037037037
2 0.3699074074074074 0.5675925925925925 0.05462962962962963 0.07777777777777778
2 0.3592592592592593 0.3907407407407407 0.05092592592592592 0.05740740740740741
2 0.45694444444444443 0.41712962962962963 0.07037037037037037 0.07222222222222222
2 0.45046296296296295 0.22592592592592592 0.06481481481481481 0.06018518518518518
4 0.5856481481481481 0.6018518518518519 0.13703703703703704 0.14351851851851852
4 0.3050925925925926 0.5513888888888889 0.1111111111111111 0.12777777777777777
4 0.324537037037037 0.3509259259259259 0.07222222222222222 0.07222222222222222
4 0.43842592592592594 0.26296296296296295 0.09814814814814815 0.07592592592592592
4 0.5962962962962963 0.2361111111111111 0.07592592592592592 0.06574074074074074
4 0.5763888888888888 0.34120370370370373 0.08055555555555556 0.06018518518518518
4 0.6050925925925926 0.4162037037037037 0.08981481481481482 0.075
4 0.6712962962962963 0.38981481481481484 0.05185185185185185 0.053703703703703705
4 0.7356481481481482 0.4981481481481482 0.06666666666666667 0.05185185185185185