14 0.5 0.5 1 1
15 0.7614583333333333 0.7479166666666667 0.17916666666666667 0.14270833333333333
15 0.21458333333333332 0.65625 0.15 0.18020833333333333
15 0.12135416666666667 0.575 0.09791666666666667 0.11458333333333333
15 0.22135416666666666 0.5473958333333333 0.09375 0.11875
15 0.3203125 0.49166666666666664 0.11458333333333333 0.090625
15 0.38958333333333334 0.5578125 0.16145833333333334 0.12916666666666668
15 0.6598958333333333 0.3567708333333333 0.12604166666666666 0.11145833333333334
15 0.728125 0.44479166666666664 0.159375 0.11979166666666667
15 0.6447916666666667 0.4953125 0.10833333333333334 0.140625
15 0.6770833333333334 0.16614583333333333 0.11875 0.109375
15 0.7536458333333333 0.2578125 0.07291666666666667 0.08854166666666667
15 0.8651041666666667 0.315625 0.084375 0.09270833333333334
15 0.4671875 0.0953125 0.11458333333333333 0.09479166666666666
15 0.296875 0.18854166666666666 0.134375 0.11979166666666667
15 0.17916666666666667 0.31614583333333335 0.09375 0.11979166666666667
15 0.18854166666666666 0.37604166666666666 0.06458333333333334 0.075
15 0.3953125 0.3338541666666667 0.096875 0.07604166666666666
15 0.48802083333333335 0.16875 0.078125 0.06979166666666667
15 0.5869791666666667 0.165625 0.090625 0.08020833333333334
15 0.40208333333333335 0.7177083333333333 0.13125 0.096875
15 0.3260416666666667 0.6380208333333334 0.08125 0.11770833333333333
15 0.47291666666666665 0.7880208333333333 0.14583333333333334 0.125
15 0.5005208333333333 0.68125 0.14166666666666666 0.14270833333333333
15 0.7119791666666667 0.6822916666666666 0.10625 0.08333333333333333
15 0.5453125 0.434375 0.11041666666666666 0.10416666666666667
8 0.5619791666666667 0.12083333333333333 0.1 0.090625
8 0.7416666666666667 0.17552083333333332 0.0875 0.09895833333333333
8 0.8119791666666667 0.3328125 0.10104166666666667 0.109375
8 0.6427083333333333 0.6291666666666667 0.20416666666666666 0.146875
8 0.24479166666666666 0.3260416666666667 0.09895833333333333 0.09270833333333334
8 0.25729166666666664 0.4479166666666667 0.08854166666666667 0.090625
8 0.459375 0.5604166666666667 0.084375 0.10729166666666666
8 0.5166666666666667 0.35104166666666664 0.08125 0.11354166666666667
2 0.1609375 0.4640625 0.109375 0.13645833333333332
2 0.6661458333333333 0.20416666666666666 0.11041666666666666 0.125
2 0.44635416666666666 0.18541666666666667 0.05416666666666667 0.05520833333333333
2 0.33229166666666665 0.11458333333333333 0.09479166666666666 0.0625
2 0.20625 0.22916666666666666 0.12395833333333334 0.08854166666666667
2 0.44114583333333335 0.28125 0.08333333333333333 0.075
2 0.5994791666666667 0.5572916666666666 0.08125 0.07395833333333333
2 0.8291666666666667 0.5197916666666667 0.0875 0.09166666666666666
2 0.6203125 0.2890625 0.065625 0.06770833333333333
2 0.7484375 0.3458333333333333 0.08020833333333334 0.09895833333333333