14 0.5 0.58244 1 0.8351066666666668
2 0.08836 0.7576133333333334 0.15361333333333332 0.13656000000000001
2 0.31767999999999996 0.9051466666666667 0.18557333333333334 0.12941333333333332
2 0.6380933333333333 0.8660533333333332 0.12418666666666667 0.08675999999999999
2 0.7038666666666666 0.6603066666666667 0.20238666666666666 0.09305333333333334
2 0.29878666666666664 0.6858533333333333 0.15224000000000001 0.07748
2 0.16213333333333332 0.5129866666666667 0.17670666666666668 0.11397333333333334
2 0.5312133333333333 0.4765466666666667 0.09265333333333332 0.07666666666666666
2 0.6396533333333333 0.43456 0.13174666666666668 0.050453333333333336
2 0.8382933333333333 0.49010666666666663 0.12904 0.08154666666666666
2 0.7467466666666666 0.36657333333333336 0.07039999999999999 0.06558666666666667
2 0.9353999999999999 0.35990666666666665 0.06992 0.04337333333333333
2 0.6334266666666667 0.30992 0.0482 0.036719999999999996
2 0.4696666666666667 0.34434666666666663 0.08066666666666666 0.05670666666666667
2 0.2674666666666667 0.34524 0.09402666666666666 0.07625333333333333
2 0.43933333333333335 0.27912 0.09281333333333333 0.03222666666666667
2 0.02782666666666667 0.27624 0.052186666666666666 0.038
2 0.13073333333333334 0.22138666666666665 0.058800000000000005 0.032253333333333335
2 0.12914666666666666 0.2700266666666667 0.06429333333333333 0.03425333333333334
2 0.08122666666666667 0.24217333333333332 0.060840000000000005 0.027626666666666664
2 0.026959999999999998 0.2084 0.053919999999999996 0.02358666666666667
2 0.19121333333333332 0.20898666666666668 0.06717333333333333 0.024746666666666663
2 0.24448000000000003 0.21734666666666666 0.03684 0.02648
2 0.22196 0.23929333333333333 0.03338666666666667 0.021853333333333336
2 0.046586666666666665 0.41696000000000005 0.09317333333333333 0.05672
15 0.16913333333333333 0.8459200000000001 0.14135999999999999 0.14382666666666669
15 0.6445866666666666 0.59812 0.09336 0.06682666666666666
15 0.5332933333333334 0.6637866666666666 0.13350666666666666 0.08557333333333335
15 0.949 0.42232000000000003 0.07569333333333333 0.079
15 0.5996933333333333 0.3595466666666667 0.05844 0.04294666666666667
15 0.42432000000000003 0.40140000000000003 0.08589333333333334 0.06313333333333333
15 0.33655999999999997 0.40616 0.07205333333333333 0.04668
15 0.11284 0.37642666666666663 0.08074666666666667 0.06228
15 0.019453333333333333 0.49405333333333334 0.038906666666666666 0.06945333333333334
15 0.17592 0.31292 0.07698666666666668 0.0392
15 0.06145333333333334 0.26385333333333333 0.04726666666666667 0.03344
15 0.2925466666666667 0.21709333333333333 0.05617333333333334 0.02076
15 0.41364 0.24596 0.05876 0.032293333333333334