14 0.5 0.5 1 1
11 0.10078125 0.10542797494780794 0.1203125 0.11064718162839249
11 0.228125 0.04279749478079332 0.15625 0.08559498956158663
11 0.39921875 0.049060542797494784 0.1140625 0.09812108559498957
11 0.51640625 0.06889352818371608 0.1265625 0.1127348643006263
11 0.65859375 0.13674321503131523 0.1515625 0.1336116910229645
11 0.8203125 0.18058455114822547 0.1546875 0.1022964509394572
11 0.91953125 0.27244258872651356 0.1609375 0.16075156576200417
11 0.7953125 0.25156576200417535 0.171875 0.1336116910229645
11 0.628125 0.20772442588726514 0.159375 0.1315240083507307
11 0.5265625 0.1419624217118998 0.115625 0.08977035490605428
11 0.4 0.15657620041753653 0.1328125 0.1127348643006263
11 0.25078125 0.11899791231732777 0.14375 0.1127348643006263
11 0.25703125 0.267223382045929 0.1703125 0.11899791231732777
11 0.26796875 0.33298538622129437 0.1796875 0.12108559498956159
11 0.16015625 0.44676409185803756 0.28125 0.23382045929018788
11 0.05 0.2766179540709812 0.071875 0.14822546972860126
11 0.121875 0.7338204592901879 0.24375 0.3987473903966597
11 0.35234375 0.8747390396659708 0.3828125 0.25052192066805845
11 0.71640625 0.7891440501043842 0.3328125 0.3569937369519833
11 0.91875 0.8966597077244259 0.096875 0.20668058455114824
11 0.54921875 0.5501043841336117 0.2765625 0.27139874739039666
11 0.865625 0.5772442588726514 0.26875 0.2651356993736952
11 0.88671875 0.42693110647181626 0.2265625 0.19832985386221294
11 0.7453125 0.32045929018789143 0.184375 0.13569937369519833
11 0.62421875 0.37160751565762007 0.221875 0.17745302713987474
11 0.4546875 0.27139874739039666 0.1953125 0.15031315240083507