14 0.4640185185185185 0.5190630797773654 0.9208055555555555 0.8759833024118738
12 0.37048148148148147 0.19934137291280146 0.07913888888888888 0.08166048237476808
12 0.16375925925925927 0.2777643784786642 0.09002777777777778 0.09349721706864565
12 0.2675277777777778 0.33904452690166975 0.1035 0.08424860853432281
12 0.39843518518518517 0.3838589981447124 0.06268518518518519 0.05524118738404452
12 0.4316574074074074 0.42718923933209646 0.08307407407407408 0.06610389610389611
12 0.38396296296296295 0.4560204081632653 0.07321296296296295 0.04796846011131725
12 0.2838148148148148 0.6034693877551021 0.11302777777777777 0.06934137291280149
12 0.7603981481481482 0.35008348794063077 0.11228703703703703 0.08325602968460111
12 0.7079444444444445 0.4154916512059369 0.06987037037037036 0.0789517625231911
12 0.7316203703703703 0.4909461966604824 0.06460185185185185 0.07827458256029685
12 0.7284999999999999 0.5603061224489796 0.055064814814814816 0.055519480519480524
12 0.6508796296296296 0.579582560296846 0.07087037037037038 0.051224489795918364
12 0.3759074074074074 0.8382374768089054 0.0867037037037037 0.06102968460111318
12 0.4311666666666667 0.2370686456400742 0.06563888888888889 0.04836734693877551
12 0.3734444444444444 0.13789424860853433 0.05216666666666667 0.06750463821892393
10 0.4765555555555555 0.24250463821892396 0.051166666666666666 0.055946196660482374
10 0.3884074074074074 0.2728200371057514 0.05907407407407407 0.0638404452690167
10 0.3538703703703704 0.2995083487940631 0.036055555555555556 0.057903525046382194
10 0.2107962962962963 0.3792486085343228 0.04594444444444444 0.0460204081632653
10 0.32443518518518516 0.40412801484230054 0.052833333333333336 0.04633580705009277
10 0.46964814814814815 0.37200371057513915 0.05708333333333333 0.044703153988868274
10 0.09419444444444444 0.4280148423005566 0.039712962962962964 0.0512708719851577
10 0.20520370370370372 0.6356029684601112 0.0545 0.031437847866419295
10 0.19846296296296298 0.6731632653061224 0.07062037037037036 0.053831168831168834
10 0.3586388888888889 0.6672356215213358 0.06861111111111111 0.04197588126159555
10 0.5576296296296296 0.5571799628942486 0.07844444444444444 0.0855009276437848
10 0.6975833333333333 0.6214285714285714 0.07217592592592594 0.06242115027829314
10 0.6785092592592592 0.5535528756957329 0.06033333333333333 0.045306122448979594
10 0.7502037037037037 0.5953988868274583 0.07216666666666667 0.04331168831168831
10 0.7753703703703704 0.8118831168831169 0.06657407407407408 0.07422077922077923
10 0.5907592592592592 0.3656771799628942 0.08755555555555555 0.08883116883116883
10 0.6429814814814815 0.4908905380333951 0.05273148148148148 0.06717068645640074
10 0.8405555555555555 0.5072820037105752 0.08925 0.09297773654916512
10 0.47082407407407406 0.6992764378478664 0.10184259259259258 0.08280148423005566
10 0.3722962962962963 0.62708719851577 0.06496296296296296 0.07096474953617811
10 0.35611111111111116 0.523673469387755 0.07784259259259259 0.07692949907235622
6 0.2530555555555556 0.4366604823747681 0.0527962962962963 0.05288497217068645
12 0.19820370370370372 0.5576901669758814 0.1002037037037037 0.09747680890538034
12 0.7647685185185186 0.668896103896104 0.09598148148148147 0.10855287569573284
12 0.650712962962963 0.3928756957328386 0.05272222222222222 0.06415584415584415
12 0.5280740740740741 0.24016697588126157 0.05100925925925926 0.06812615955473098
6 0.4044537037037037 0.3095547309833024 0.04080555555555555 0.03913729128014842
6 0.5219814814814815 0.2979035250463822 0.04752777777777777 0.03978664192949907
6 0.6637592592592593 0.3339517625231911 0.06141666666666667 0.044350649350649356
6 0.6166851851851851 0.4250092764378479 0.03902777777777778 0.034740259740259745
6 0.6586574074074074 0.44701298701298703 0.04033333333333333 0.04823747680890538
6 0.8305462962962963 0.4569202226345084 0.05138888888888889 0.044100185528756955
6 0.5798240740740741 0.7257513914656772 0.05882407407407408 0.06104823747680891
6 0.5097037037037038 0.7759647495361781 0.05123148148148148 0.05471243042671614
6 0.3150833333333333 0.6341558441558441 0.040388888888888884 0.05432282003710576
6 0.4166296296296296 0.6130241187384045 0.06515740740740741 0.06871057513914657
6 0.19015740740740741 0.4164285714285714 0.044972222222222226 0.052430426716141