14 0.49537037037037035 0.5009259259259259 0.9907407407407407 0.9814814814814815
8 0.15787037037037038 0.4666666666666667 0.08981481481481482 0.08611111111111111
8 0.2611111111111111 0.4861111111111111 0.11296296296296296 0.11296296296296296
8 0.7722222222222223 0.14074074074074075 0.10185185185185185 0.08148148148148149
8 0.6583333333333333 0.20277777777777778 0.11296296296296296 0.06111111111111111
8 0.6777777777777778 0.13240740740740742 0.08518518518518518 0.08333333333333333
8 0.4736111111111111 0.16018518518518518 0.1175925925925926 0.05740740740740741
8 0.6717592592592593 0.5740740740740741 0.07592592592592592 0.08425925925925926
8 0.7268518518518519 0.5407407407407407 0.05555555555555555 0.05925925925925926
8 0.8351851851851851 0.55 0.07592592592592592 0.08333333333333333
8 0.8083333333333333 0.6699074074074074 0.08333333333333333 0.10648148148148148
8 0.7282407407407407 0.7620370370370371 0.15092592592592594 0.11018518518518519
8 0.5018518518518519 0.6754629629629629 0.15 0.1712962962962963
8 0.41388888888888886 0.6351851851851852 0.09166666666666666 0.1259259259259259
8 0.8944444444444445 0.3472222222222222 0.09537037037037037 0.08055555555555556
8 0.7611111111111111 0.2537037037037037 0.07685185185185185 0.05740740740740741
8 0.4861111111111111 0.027777777777777776 0.06018518518518518 0.040740740740740744
8 0.3189814814814815 0.39861111111111114 0.11388888888888889 0.049074074074074076
8 0.5412037037037037 0.4708333333333333 0.09166666666666666 0.14351851851851852