14 0.5002187499999999 0.49573958333333334 0.9995625 0.9906041666666667
15 0.6832604166666666 0.8101875 0.15705208333333334 0.10351041666666667
15 0.18276041666666665 0.5715520833333334 0.11073958333333334 0.15530208333333334
15 0.11522916666666667 0.46767708333333335 0.07321875000000001 0.09829166666666667
15 0.21926041666666668 0.46870833333333334 0.06846875000000001 0.1033125
15 0.3297916666666667 0.4425625 0.100375 0.06579166666666666
15 0.37811458333333337 0.5250104166666667 0.14085416666666667 0.09472916666666667
15 0.6933125 0.4066458333333333 0.10621875 0.08560416666666668
15 0.7346874999999999 0.5097916666666666 0.14167708333333331 0.08497916666666666
15 0.6404166666666666 0.5351979166666666 0.07727083333333334 0.12397916666666667
15 0.7620312499999999 0.228 0.09882291666666668 0.08595833333333333
15 0.8105 0.33690625 0.053885416666666665 0.07616666666666667
15 0.9018229166666667 0.4235 0.06510416666666667 0.07791666666666666
15 0.5799791666666666 0.10190625 0.09884375 0.069625
15 0.3908229166666667 0.14445833333333333 0.11307291666666666 0.09326041666666667
15 0.24231250000000001 0.23504166666666665 0.06728125 0.1059375
15 0.23478125 0.2951770833333333 0.04926041666666667 0.06365625
15 0.44490625 0.31143750000000003 0.08528125 0.054781250000000004
15 0.5799791666666666 0.17815625 0.06575 0.054239583333333334
15 0.675875 0.20268750000000002 0.07726041666666666 0.06191666666666666
15 0.34590624999999997 0.6822291666666668 0.11780208333333334 0.0663125
15 0.29492708333333334 0.5846979166666666 0.05427083333333334 0.10771875
15 0.39481249999999996 0.7692604166666667 0.12400000000000001 0.09554166666666666
15 0.4505208333333333 0.67425 0.11423958333333334 0.115375
15 0.6532708333333334 0.7338020833333334 0.09411458333333332 0.060093749999999994
15 0.5615 0.4493229166666667 0.090875 0.08228125
8 0.6643541666666667 0.15246875000000001 0.08376041666666666 0.07085416666666666
8 0.8215833333333333 0.25486458333333334 0.0671875 0.08353125
8 0.8458229166666666 0.42523958333333334 0.08018750000000001 0.09027083333333333
8 0.6016979166666666 0.6637291666666666 0.18307291666666667 0.10024999999999999
8 0.3026041666666667 0.26269791666666664 0.08145833333333334 0.07259375
8 0.28088541666666667 0.3828333333333333 0.07053124999999999 0.0734375
8 0.4443229166666667 0.5471458333333333 0.06045833333333333 0.09466666666666666
8 0.5569270833333333 0.36155208333333333 0.05511458333333333 0.1018125
2 0.1838020833333333 0.37174999999999997 0.08030208333333334 0.11925000000000001
2 0.7411979166666666 0.2615208333333333 0.08375 0.10568749999999999
2 0.5351979166666666 0.18276041666666665 0.044187500000000005 0.04571875
2 0.4447604166666667 0.08332291666666666 0.0879375 0.03895833333333333
2 0.29240625 0.15896875000000002 0.1113125 0.06020833333333333
2 0.5035729166666667 0.27334375000000005 0.06960416666666666 0.058395833333333334
2 0.5798333333333333 0.5827604166666667 0.06840625 0.056531250000000005
2 0.8109479166666667 0.6099479166666666 0.06955208333333333 0.0754375
2 0.6739583333333333 0.33067708333333334 0.05272916666666667 0.05483333333333333
2 0.7813854166666666 0.42021875000000003 0.05773958333333333 0.08613541666666666