14 0.5 0.5 1 1
7 0.19212962962962962 0.32926829268292684 0.1361111111111111 0.11942809083263246
7 0.4125 0.2552565180824222 0.1361111111111111 0.10849453322119428
7 0.5689814814814815 0.13162321278385197 0.14537037037037037 0.10260723296888141
7 0.6578703703703703 0.23254835996635828 0.09722222222222222 0.12279226240538267
7 0.8560185185185185 0.13162321278385197 0.09444444444444444 0.09167367535744322
7 0.6134259259259259 0.3267451640033642 0.08333333333333333 0.09503784693019345
7 0.711574074074074 0.3582842724978974 0.10555555555555556 0.13540790580319595
7 0.7050925925925926 0.47098402018502944 0.08611111111111111 0.0941968040370059
7 0.8092592592592592 0.5538267451640033 0.08703703703703704 0.07232968881412952
7 0.6199074074074075 0.6530698065601346 0.06851851851851852 0.09083263246425567
7 0.4444444444444444 0.5508830950378469 0.15092592592592594 0.1135407905803196
7 0.31296296296296294 0.586627417998318 0.13703703703703704 0.11101766190075694
7 0.5782407407407407 0.8788898233809924 0.08611111111111111 0.07653490328006729
7 0.9393518518518519 0.7905803195962994 0.08981481481481482 0.0941968040370059
7 0.9333333333333333 0.6143818334735072 0.13333333333333333 0.09335576114381834
7 0.987037037037037 0.6206896551724138 0.025925925925925925 0.07737594617325484
7 0.9574074074074074 0.3666947014297729 0.05462962962962963 0.05971404541631623
8 0.3416666666666667 0.45374264087468463 0.15185185185185185 0.12699747687132043
8 0.27175925925925926 0.3208578637510513 0.1259259259259259 0.11858704793944491
8 0.5291666666666667 0.251892346509672 0.0962962962962963 0.11101766190075694
8 0.7699074074074074 0.13877207737594618 0.1175925925925926 0.0941968040370059
8 0.687037037037037 0.09125315391084945 0.10555555555555556 0.10513036164844407
8 0.9203703703703704 0.2636669470142977 0.05925925925925926 0.07064760302775441
8 0.7912037037037037 0.35365853658536583 0.07407407407407407 0.06980656013456686
8 0.9712962962962963 0.5328006728343145 0.05740740740740741 0.09671993271656855
8 0.7611111111111111 0.6513877207737595 0.07592592592592592 0.07653490328006729
8 0.8208333333333333 0.6286795626576955 0.075 0.07905803195962995
8 0.8180555555555555 0.731286795626577 0.15555555555555556 0.15391084945332212
8 0.6722222222222223 0.7211942809083264 0.07592592592592592 0.07064760302775441
8 0.6703703703703704 0.6215306980656014 0.07962962962962963 0.07569386038687972
8 0.6717592592592593 0.5344827586206896 0.07407407407407407 0.0782169890664424
8 0.524537037037037 0.5462573591253154 0.08611111111111111 0.08410428931875526
8 0.5351851851851852 0.6017661900756939 0.08703703703703704 0.0656013456686291
8 0.4263888888888889 0.6694701429772918 0.09259259259259259 0.0832632464255677
8 0.4587962962962963 0.7354920100925147 0.09537037037037037 0.08915054667788057
8 0.5740740740740741 0.7308662741799832 0.12407407407407407 0.12699747687132043
8 0.49537037037037035 0.8132884777123633 0.14537037037037037 0.1455004205214466
8 0.32546296296296295 0.63919259882254 0.14537037037037037 0.09335576114381834
8 0.22037037037037038 0.584524810765349 0.09537037037037037 0.11101766190075694
6 0.27685185185185185 0.08788898233809925 0.058333333333333334 0.060555088309503784
6 0.31203703703703706 0.10134566862910008 0.041666666666666664 0.04205214465937763
6 0.325 0.16105971404541633 0.05277777777777778 0.04709840201850295
6 0.5009259259259259 0.0798990748528175 0.03888888888888889 0.03784693019343986
6 0.5013888888888889 0.03616484440706476 0.05555555555555555 0.044575273338940284
6 0.5231481481481481 0.051303616484440706 0.037037037037037035 0.03700588730025231
6 0.5425925925925926 0.045416316232127836 0.03425925925925926 0.040370058873002525
6 0.5606481481481481 0.03574432296047098 0.03981481481481482 0.03784693019343986
6 0.5583333333333333 0.008410428931875526 0.04814814814814815 0.01682085786375105
6 0.5925925925925926 0.021026072329688814 0.040740740740740744 0.04205214465937763
6 0.6875 0.0159798149705635 0.058333333333333334 0.031959629941127
6 0.7148148148148148 0.005046257359125316 0.04814814814814815 0.010092514718250631
6 0.6953703703703704 0.09083263246425567 0.04722222222222222 0.04121110176619008
6 0.5615740740740741 0.12657695542472666 0.053703703703703705 0.04878048780487805
6 0.6537037037037037 0.1438183347350715 0.049074074074074076 0.044575273338940284
6 0.7231481481481481 0.23675357443229605 0.041666666666666664 0.0479394449116905
6 0.8106481481481481 0.18755256518082422 0.04351851851851852 0.04289318755256518
6 0.8324074074074074 0.21488645920941968 0.041666666666666664 0.045416316232127836
6 0.7921296296296296 0.2304457527333894 0.040740740740740744 0.0336417157275021
6 0.8444444444444444 0.16778805719091675 0.04259259259259259 0.040370058873002525
6 0.8824074074074074 0.17493692178301093 0.040740740740740744 0.044575273338940284
6 0.887962962962963 0.1488645920941968 0.03333333333333333 0.03700588730025231
6 0.7935185185185185 0.30782169890664424 0.044444444444444446 0.044575273338940284
6 0.8407407407407408 0.29184188393608074 0.03796296296296296 0.03868797308662742
6 0.8787037037037037 0.2674516400336417 0.05 0.0479394449116905
6 0.9296296296296296 0.2943650126156434 0.03888888888888889 0.03784693019343986
6 0.9185185185185185 0.340201850294365 0.03888888888888889 0.034482758620689655
6 0.9490740740740741 0.33263246425567705 0.03981481481481482 0.03616484440706476
6 0.674074074074074 0.7636669470142977 0.044444444444444446 0.03532380151387721
6 0.6546296296296297 0.6610597140454163 0.037037037037037035 0.03532380151387721
6 0.6837962962962963 0.6480235492010092 0.03796296296296296 0.03280067283431455
6 0.6972222222222222 0.6724137931034483 0.04814814814814815 0.04373423044575273
6 0.5347222222222222 0.6904962153069807 0.05740740740740741 0.04289318755256518
6 0.5592592592592592 0.6732548359966358 0.03888888888888889 0.02943650126156434
6 0.5689814814814815 0.6892346509671994 0.03518518518518519 0.02943650126156434
6 0.5435185185185185 0.5504625735912532 0.032407407407407406 0.03700588730025231
6 0.5819444444444445 0.5756938603868798 0.04259259259259259 0.04205214465937763
6 0.5583333333333333 0.5109335576114382 0.03611111111111111 0.04289318755256518
6 0.575925925925926 0.4966358284272498 0.03333333333333333 0.034482758620689655
6 0.6240740740740741 0.5042052144659378 0.041666666666666664 0.03700588730025231
6 0.49166666666666664 0.46846089150546677 0.041666666666666664 0.0336417157275021
6 0.4875 0.49579478553406225 0.037037037037037035 0.031959629941127
6 0.5097222222222222 0.5096719932716569 0.03518518518518519 0.03532380151387721
6 0.5125 0.5445752733389403 0.03888888888888889 0.03280067283431455
6 0.45 0.5201850294365012 0.04259259259259259 0.0336417157275021
6 0.4935185185185185 0.5706476030277544 0.032407407407407406 0.027754415475189236
6 0.49722222222222223 0.5891505466778806 0.040740740740740744 0.034482758620689655
6 0.4689814814814815 0.6000841042893188 0.03425925925925926 0.031118587047939444
6 0.4361111111111111 0.5962994112699748 0.03796296296296296 0.031959629941127
6 0.4638888888888889 0.6261564339781329 0.03981481481481482 0.03868797308662742
6 0.36435185185185187 0.5399495374264087 0.032407407407407406 0.03616484440706476
6 0.38287037037037036 0.5437342304457528 0.03518518518518519 0.03280067283431455
6 0.41203703703703703 0.5294365012615644 0.041666666666666664 0.03700588730025231
6 0.4041666666666667 0.5096719932716569 0.03888888888888889 0.03532380151387721
6 0.4351851851851852 0.49579478553406225 0.037037037037037035 0.0336417157275021
6 0.4703703703703704 0.48654331370899917 0.03425925925925926 0.031118587047939444
6 0.425 0.46846089150546677 0.040740740740740744 0.031959629941127
6 0.4212962962962963 0.43313708999158956 0.037037037037037035 0.031959629941127
6 0.5268518518518519 0.4272497897392767 0.03981481481481482 0.03700588730025231
6 0.5180555555555556 0.3994953742640875 0.03796296296296296 0.03532380151387721
6 0.55 0.38982338099243063 0.037037037037037035 0.03280067283431455
6 0.6754629629629629 0.4634146341463415 0.044444444444444446 0.04121110176619008
6 0.34074074074074073 0.40117746005046256 0.032407407407407406 0.031959629941127
6 0.36574074074074076 0.41169049621530696 0.03518518518518519 0.031959629941127
6 0.38935185185185184 0.3961312026913373 0.037037037037037035 0.034482758620689655
6 0.38287037037037036 0.4163162321278385 0.03981481481481482 0.03280067283431455
6 0.29907407407407405 0.38519764507989906 0.046296296296296294 0.04121110176619008
6 0.337037037037037 0.3641715727502103 0.04351851851851852 0.03700588730025231
6 0.21157407407407408 0.40832632464255675 0.04351851851851852 0.045416316232127836
6 0.29074074074074074 0.2989907485281749 0.03518518518518519 0.03616484440706476
6 0.3050925925925926 0.3313708999158957 0.04722222222222222 0.04205214465937763
6 0.3851851851851852 0.28973927670311184 0.046296296296296294 0.03784693019343986
6 0.3972222222222222 0.31328847771236334 0.041666666666666664 0.03784693019343986
6 0.4361111111111111 0.30235492010092513 0.03425925925925926 0.02943650126156434
6 0.4759259259259259 0.28931875525651807 0.03796296296296296 0.030277544154751892
6 0.487962962962963 0.2636669470142977 0.032407407407407406 0.0336417157275021
7 0.8847222222222222 0.43776282590412113 0.10185185185185185 0.08410428931875526