14 0.5 0.5 1 1
12 0.28425925925925927 0.2541743970315399 0.10092592592592593 0.10204081632653061
12 0.11157407407407408 0.39285714285714285 0.11481481481481481 0.11688311688311688
12 0.22916666666666666 0.41883116883116883 0.125 0.11224489795918367
12 0.3675925925925926 0.42115027829313545 0.07685185185185185 0.07235621521335807
12 0.4125 0.4517625231910946 0.09907407407407408 0.08812615955473098
12 0.37592592592592594 0.4939703153988868 0.08425925925925926 0.06771799628942486
12 0.3263888888888889 0.6651205936920223 0.12962962962962962 0.10111317254174397
12 0.7013888888888888 0.27690166975881264 0.13240740740740742 0.11317254174397032
12 0.6717592592592593 0.35528756957328383 0.09074074074074075 0.09647495361781076
12 0.7175925925925926 0.4197588126159555 0.08611111111111111 0.09461966604823747
12 0.7361111111111112 0.4865491651205937 0.06944444444444445 0.07050092764378478
12 0.6680555555555555 0.5287569573283859 0.0824074074074074 0.07050092764378478
12 0.4861111111111111 0.859925788497217 0.10185185185185185 0.08534322820037106
12 0.35324074074074074 0.27133580705009275 0.07777777777777778 0.06679035250463822
12 0.26805555555555555 0.19480519480519481 0.07037037037037037 0.08070500927643785
10 0.39814814814814814 0.2625231910946197 0.06574074074074074 0.06957328385899815
10 0.3236111111111111 0.3186456400742115 0.075 0.07884972170686456
10 0.29907407407407405 0.35435992578849723 0.05185185185185185 0.06586270871985157
10 0.1875 0.4744897959183674 0.05740740740740741 0.05844155844155844
10 0.30324074074074076 0.46335807050092764 0.06481481481481481 0.06029684601113173
10 0.43148148148148147 0.3877551020408163 0.06851851851851852 0.06029684601113173
10 0.09166666666666666 0.5570500927643784 0.053703703703703705 0.061224489795918366
10 0.26157407407407407 0.7203153988868275 0.062037037037037036 0.04730983302411874
10 0.26666666666666666 0.7578849721706865 0.08333333333333333 0.07328385899814471
10 0.41712962962962963 0.7026901669758813 0.07777777777777778 0.061224489795918366
10 0.5722222222222222 0.5366419294990723 0.10092592592592593 0.10575139146567718
10 0.725462962962963 0.5542671614100185 0.08796296296296297 0.08256029684601113
10 0.6861111111111111 0.4958256029684601 0.0712962962962963 0.06215213358070501
10 0.7675925925925926 0.5134508348794063 0.0824074074074074 0.0640074211502783
10 0.8578703703703704 0.7115027829313544 0.08611111111111111 0.09090909090909091
10 0.5449074074074074 0.34415584415584416 0.11018518518518519 0.11131725417439703
10 0.6333333333333333 0.44712430426716143 0.07037037037037037 0.07977736549165121
10 0.825925925925926 0.40166975881261596 0.11296296296296296 0.11595547309833024
10 0.5337962962962963 0.6985157699443414 0.12222222222222222 0.11038961038961038
10 0.41759259259259257 0.660482374768089 0.08333333333333333 0.08719851576994433
10 0.37037037037037035 0.5672541743970315 0.09814814814814815 0.09740259740259741
6 0.24583333333333332 0.5162337662337663 0.06666666666666667 0.06679035250463822
12 0.23055555555555557 0.6484230055658627 0.125 0.12337662337662338
12 0.8037037037037037 0.5788497217068646 0.125 0.1326530612244898
12 0.6101851851851852 0.3515769944341373 0.07037037037037037 0.07699443413729128
12 0.44675925925925924 0.24397031539888683 0.06944444444444445 0.08070500927643785
6 0.350462962962963 0.34833024118738404 0.05092592592592592 0.05009276437847866
6 0.4587962962962963 0.3010204081632653 0.05740740740740741 0.05287569573283859
6 0.6046296296296296 0.2912801484230056 0.07222222222222222 0.061224489795918366
6 0.5879629629629629 0.39239332096474955 0.04814814814814815 0.045454545454545456
6 0.6347222222222222 0.400278293135436 0.05277777777777778 0.05844155844155844
6 0.8009259259259259 0.35667903525046385 0.06296296296296296 0.0575139146567718
6 0.6453703703703704 0.6901669758812616 0.075 0.07606679035250463
6 0.5944444444444444 0.7592764378478665 0.06574074074074074 0.06771799628942486
6 0.36574074074074076 0.685064935064935 0.05555555555555555 0.06493506493506493
6 0.45555555555555555 0.6331168831168831 0.08333333333333333 0.08534322820037106
6 0.17962962962962964 0.5162337662337663 0.05925925925925926 0.06307977736549165