14 0.5 0.5 1 1
8 0.17824074074074073 0.37916666666666665 0.10925925925925926 0.10648148148148148
8 0.2726851851851852 0.42453703703703705 0.13796296296296295 0.13796296296296295
8 0.8560185185185185 0.22361111111111112 0.11944444444444445 0.10555555555555556
8 0.7296296296296296 0.2537037037037037 0.125 0.08796296296296297
8 0.7671296296296296 0.19074074074074074 0.1037037037037037 0.10277777777777777
8 0.5625 0.1648148148148148 0.1287037037037037 0.08611111111111111
8 0.6467592592592593 0.6157407407407407 0.09537037037037037 0.10092592592592593
8 0.7083333333333334 0.5981481481481481 0.06851851851851852 0.0712962962962963
8 0.8111111111111111 0.6351851851851852 0.09537037037037037 0.1
8 0.7537037037037037 0.7439814814814815 0.10833333333333334 0.125
8 0.6523148148148148 0.812037037037037 0.17407407407407408 0.14537037037037037
8 0.45601851851851855 0.6699074074074074 0.18888888888888888 0.20462962962962963
8 0.3819444444444444 0.6083333333333333 0.12129629629629629 0.14537037037037037
8 0.9208333333333333 0.4546296296296296 0.11296296296296296 0.10277777777777777
8 0.8162037037037037 0.3296296296296296 0.08888888888888889 0.075
8 0.6083333333333333 0.04027777777777778 0.06851851851851852 0.05462962962962963
8 0.3509259259259259 0.35509259259259257 0.12314814814814815 0.07685185185185185
8 0.5472222222222223 0.4824074074074074 0.1259259259259259 0.16203703703703703