14 0.5 0.5453333333333333 1 0.9093333333333333
2 0.07 0.69 0.14 0.15866666666666668
2 0.25666666666666665 0.8713333333333333 0.204 0.15733333333333333
2 0.5793333333333334 0.8833333333333333 0.136 0.10533333333333333
2 0.676 0.69 0.21466666666666667 0.124
2 0.272 0.652 0.16266666666666665 0.1
2 0.164 0.46 0.19333333333333333 0.14
2 0.5346666666666666 0.482 0.10266666666666667 0.08933333333333333
2 0.648 0.4573333333333333 0.13866666666666666 0.07066666666666667
2 0.836 0.5433333333333333 0.14 0.1
2 0.7646666666666667 0.4066666666666667 0.07866666666666666 0.076
2 0.952 0.43 0.076 0.05333333333333334
2 0.6613333333333333 0.3333333333333333 0.05333333333333334 0.042666666666666665
2 0.49466666666666664 0.3413333333333333 0.088 0.06933333333333333
2 0.2946666666666667 0.31066666666666665 0.10533333333333333 0.09066666666666667
2 0.4746666666666667 0.27266666666666667 0.096 0.04666666666666667
2 0.06866666666666667 0.20533333333333334 0.05733333333333333 0.04533333333333334
2 0.17866666666666667 0.16733333333333333 0.06266666666666666 0.04133333333333333
2 0.17 0.21466666666666667 0.068 0.042666666666666665
2 0.12666666666666668 0.18 0.06533333333333333 0.037333333333333336
2 0.07866666666666666 0.138 0.056 0.032
2 0.24066666666666667 0.164 0.07066666666666667 0.036
2 0.292 0.18066666666666667 0.04 0.032
2 0.266 0.19933333333333333 0.036 0.028
2 0.06466666666666666 0.3466666666666667 0.1 0.07066666666666667
15 0.11933333333333333 0.79 0.16133333333333333 0.16266666666666665
15 0.6273333333333333 0.6193333333333333 0.10266666666666667 0.08
15 0.5073333333333333 0.6666666666666666 0.14533333333333334 0.10533333333333333
15 0.9553333333333334 0.49333333333333335 0.08666666666666667 0.08933333333333333
15 0.6206666666666667 0.37666666666666665 0.064 0.052
15 0.44066666666666665 0.39066666666666666 0.09466666666666666 0.076
15 0.35333333333333333 0.382 0.07866666666666666 0.05733333333333333
15 0.13666666666666666 0.31733333333333336 0.08933333333333333 0.07466666666666667
15 0.026 0.4186666666666667 0.04933333333333333 0.076
15 0.20933333333333334 0.26466666666666666 0.08266666666666667 0.050666666666666665
15 0.104 0.198 0.052 0.04
15 0.3393333333333333 0.188 0.058666666666666666 0.029333333333333333
15 0.45466666666666666 0.23533333333333334 0.06266666666666666 0.04133333333333333