14 0.49537037037037035 0.5097402597402597 0.9907407407407407 0.9805194805194806
12 0.325 0.22356215213358072 0.09166666666666666 0.09276437847866419
12 0.13333333333333333 0.33302411873840443 0.1037037037037037 0.10667903525046382
12 0.24537037037037038 0.37755102040816324 0.11574074074074074 0.09925788497217068
12 0.3814814814814815 0.40120593692022266 0.07037037037037037 0.06493506493506493
12 0.4212962962962963 0.4387755102040816 0.09259259259259259 0.07792207792207792
12 0.3787037037037037 0.4749536178107607 0.07962962962962963 0.05844155844155844
12 0.30277777777777776 0.635899814471243 0.12314814814814815 0.0862708719851577
12 0.7337962962962963 0.3112244897959184 0.12407407407407407 0.09925788497217068
12 0.6921296296296297 0.38404452690166974 0.08055555555555556 0.08905380333951762
12 0.7273148148148149 0.45454545454545453 0.07592592592592592 0.08719851576994433
12 0.7351851851851852 0.5236549165120594 0.06388888888888888 0.0640074211502783
12 0.6615740740740741 0.5547309833024119 0.07777777777777778 0.061224489795918366
12 0.4300925925925926 0.8534322820037106 0.09537037037037037 0.07421150278293136
12 0.3907407407407407 0.25092764378478666 0.07222222222222222 0.05844155844155844
12 0.31851851851851853 0.16233766233766234 0.062037037037037036 0.075139146567718
10 0.43657407407407406 0.24953617810760667 0.05925925925925926 0.0640074211502783
10 0.3541666666666667 0.29313543599257885 0.06759259259259259 0.07235621521335807
10 0.324537037037037 0.3246753246753247 0.044444444444444446 0.06215213358070501
10 0.19537037037037036 0.426252319109462 0.05185185185185185 0.05287569573283859
10 0.31157407407407406 0.4327458256029685 0.05925925925925926 0.05380333951762523
10 0.45 0.3784786641929499 0.06388888888888888 0.05287569573283859
10 0.08796296296296297 0.49257884972170685 0.04722222222222222 0.05658627087198516
10 0.2300925925925926 0.6799628942486086 0.05925925925925926 0.039888682745825604
10 0.22916666666666666 0.7184601113172542 0.07777777777777778 0.0640074211502783
10 0.38657407407407407 0.6873840445269017 0.07407407407407407 0.05194805194805195
10 0.5657407407407408 0.5473098330241187 0.09074074074074075 0.09647495361781076
10 0.7138888888888889 0.5890538033395176 0.08148148148148149 0.07328385899814471
10 0.6847222222222222 0.5250463821892394 0.06666666666666667 0.05473098330241188
10 0.7620370370370371 0.5551948051948052 0.07777777777777778 0.05473098330241188
10 0.8208333333333333 0.7648423005565863 0.07777777777777778 0.08348794063079777
10 0.5685185185185185 0.3529684601113173 0.1 0.10111317254174397
10 0.6398148148148148 0.4684601113172542 0.06296296296296296 0.07421150278293136
10 0.8375 0.4536178107606679 0.10277777777777777 0.10575139146567718
10 0.5023148148148148 0.7012987012987013 0.11388888888888889 0.09740259740259741
10 0.39351851851851855 0.6456400742115028 0.075 0.07977736549165121
10 0.36157407407407405 0.5459183673469388 0.08888888888888889 0.08812615955473098
6 0.2462962962962963 0.47634508348794063 0.06018518518518518 0.06029684601113173
12 0.2111111111111111 0.6043599257884972 0.11388888888888889 0.11224489795918367
12 0.787962962962963 0.6252319109461967 0.11203703703703703 0.12244897959183673
12 0.6319444444444444 0.37059369202226344 0.062037037037037036 0.07142857142857142
12 0.48703703703703705 0.2388682745825603 0.06111111111111111 0.07606679035250463
6 0.37592592592592594 0.3269944341372913 0.046296296296296294 0.04452690166975881
6 0.49027777777777776 0.29684601113172543 0.05277777777777778 0.04638218923933209
6 0.6356481481481482 0.3102968460111317 0.06759259259259259 0.05380333951762523
6 0.6037037037037037 0.4076994434137291 0.04351851851851852 0.04081632653061224
6 0.6486111111111111 0.4230055658627087 0.04722222222222222 0.05380333951762523
6 0.8199074074074074 0.40584415584415584 0.058333333333333334 0.05102040816326531
6 0.6138888888888889 0.7105751391465677 0.06759259259259259 0.06957328385899815
6 0.5527777777777778 0.7708719851576994 0.05925925925925926 0.06215213358070501
6 0.3384259259259259 0.6614100185528757 0.049074074074074076 0.06029684601113173
6 0.4351851851851852 0.6247680890538033 0.075 0.07792207792207792
6 0.18101851851851852 0.46614100185528756 0.05277777777777778 0.05844155844155844