14 0.5 0.52 1 0.96
2 0.17533333333333334 0.8613333333333333 0.18533333333333332 0.17333333333333334
2 0.436 0.926 0.21333333333333335 0.148
2 0.7333333333333333 0.814 0.14266666666666666 0.11733333333333333
2 0.74 0.598 0.22 0.14533333333333334
2 0.358 0.734 0.168 0.116
2 0.17866666666666667 0.6053333333333333 0.20133333333333334 0.15733333333333333
2 0.5233333333333333 0.4686666666666667 0.10933333333333334 0.09866666666666667
2 0.616 0.39866666666666667 0.14133333333333334 0.08533333333333333
2 0.8226666666666667 0.3973333333333333 0.14666666666666667 0.11333333333333333
2 0.7006666666666667 0.304 0.08533333333333333 0.08266666666666667
2 0.88 0.24533333333333332 0.08 0.06
2 0.576 0.2806666666666667 0.056 0.048
2 0.428 0.3586666666666667 0.09333333333333334 0.07733333333333334
2 0.234 0.41533333333333333 0.112 0.1
2 0.38066666666666665 0.30466666666666664 0.09733333333333333 0.056
2 0.007333333333333333 0.4146666666666667 0.014666666666666666 0.050666666666666665
2 0.068 0.334 0.06533333333333333 0.04666666666666667
2 0.08 0.38133333333333336 0.07066666666666667 0.04933333333333333
2 0.03 0.36733333333333335 0.06 0.044
2 0.12266666666666666 0.30533333333333335 0.072 0.042666666666666665
2 0.17666666666666667 0.2986666666666667 0.042666666666666665 0.036
2 0.16066666666666668 0.326 0.03866666666666667 0.030666666666666665
2 0.046 0.5453333333333333 0.092 0.08
15 0.27666666666666667 0.918 0.17466666666666666 0.164
15 0.666 0.5546666666666666 0.108 0.08933333333333333
15 0.5773333333333334 0.648 0.152 0.11866666666666667
15 0.91 0.30133333333333334 0.09466666666666666 0.096
15 0.5573333333333333 0.3373333333333333 0.068 0.05733333333333333
15 0.4 0.426 0.1 0.08533333333333333
15 0.31733333333333336 0.45466666666666666 0.08266666666666667 0.06533333333333333
15 0.094 0.488 0.09466666666666666 0.08266666666666667
15 0.03666666666666667 0.6266666666666667 0.056 0.07866666666666666
15 0.13666666666666666 0.4093333333333333 0.08533333333333333 0.058666666666666666
15 0.02 0.3933333333333333 0.04 0.04533333333333334
15 0.22266666666666668 0.2853333333333333 0.06 0.036
15 0.3466666666666667 0.2793333333333333 0.06533333333333333 0.048