14 0.48642592592592593 0.49334259259259255 0.8330277777777777 0.8514907407407407
2 0.3055185185185185 0.5581388888888889 0.12100925925925926 0.10613888888888888
2 0.517 0.5765185185185185 0.09293518518518519 0.12462037037037037
2 0.43177777777777776 0.7058148148148148 0.09112037037037037 0.13737962962962963
2 0.5867777777777778 0.7155648148148147 0.08825000000000001 0.11624999999999999
2 0.6246666666666667 0.5264537037037037 0.09698148148148147 0.07527777777777778
2 0.7209537037037037 0.5781481481481481 0.08639814814814815 0.07912037037037037
2 0.7855555555555556 0.41594444444444445 0.0937037037037037 0.08180555555555555
2 0.6157222222222223 0.36646296296296293 0.07098148148148148 0.11692592592592593
2 0.4371574074074074 0.39113888888888887 0.08360185185185186 0.10330555555555555
2 0.3262407407407407 0.3547777777777778 0.0893148148148148 0.09966666666666667
2 0.45849074074074075 0.26255555555555554 0.07344444444444444 0.10212962962962963
2 0.6608240740740742 0.25474074074074077 0.11241666666666666 0.08851851851851851
15 0.5326388888888889 0.2816574074074074 0.07139814814814814 0.08343518518518518
15 0.5487870370370371 0.37224999999999997 0.07322222222222222 0.07772222222222222
15 0.66875 0.3705277777777778 0.07544444444444445 0.0762962962962963
15 0.73325 0.44101851851851853 0.043944444444444446 0.05068518518518519
15 0.6980000000000001 0.5128148148148148 0.09331481481481482 0.08255555555555555
15 0.5716388888888889 0.6206851851851852 0.06814814814814814 0.09104629629629629
15 0.6527962962962963 0.7130092592592592 0.07808333333333334 0.07862962962962963
15 0.2738333333333333 0.7062222222222222 0.08200925925925925 0.08943518518518519
15 0.34046296296296297 0.6144907407407407 0.07712037037037038 0.06444444444444444
15 0.3676851851851852 0.48245370370370366 0.07467592592592594 0.07666666666666666
15 0.2693611111111111 0.447 0.08119444444444444 0.08094444444444444
15 0.20902777777777778 0.49525 0.0783611111111111 0.07382407407407408