14 0.4652777777777778 0.4546296296296296 0.9305555555555556 0.9
2 0.4537037037037037 0.17592592592592593 0.09537037037037037 0.08611111111111111
2 0.3509259259259259 0.2388888888888889 0.06666666666666667 0.06388888888888888
2 0.4222222222222222 0.2935185185185185 0.07407407407407407 0.06296296296296296
2 0.6 0.26990740740740743 0.07777777777777778 0.07777777777777778
2 0.6981481481481482 0.37777777777777777 0.08981481481481482 0.07037037037037037
2 0.5037037037037037 0.46296296296296297 0.08518518518518518 0.0787037037037037
2 0.3416666666666667 0.5648148148148148 0.06851851851851852 0.0712962962962963
2 0.4412037037037037 0.6347222222222222 0.05555555555555555 0.07777777777777778
2 0.32175925925925924 0.5037037037037037 0.05092592592592592 0.058333333333333334
2 0.41435185185185186 0.4625 0.07037037037037037 0.07314814814814814
2 0.28888888888888886 0.31851851851851853 0.06481481481481481 0.06018518518518518
4 0.6305555555555555 0.5254629629629629 0.1388888888888889 0.14444444444444443
4 0.38101851851851853 0.6625 0.11203703703703703 0.1287037037037037
4 0.26990740740740743 0.49444444444444446 0.07222222222222222 0.07222222222222222
4 0.30277777777777776 0.35462962962962963 0.09814814814814815 0.07685185185185185
4 0.40879629629629627 0.23425925925925925 0.07592592592592592 0.06574074074074074
4 0.4597222222222222 0.3282407407407407 0.08148148148148149 0.06111111111111111
4 0.5287037037037037 0.3685185185185185 0.08981481481481482 0.07592592592592592
4 0.5634259259259259 0.30648148148148147 0.05185185185185185 0.05462962962962963
4 0.6814814814814815 0.35 0.06666666666666667 0.05277777777777778