14 0.5 0.5 1 1
12 0.12035185185185185 0.5925370370370371 0.08890740740740741 0.15071296296296297
12 0.06234259259259259 0.38978703703703704 0.12468518518518518 0.08131481481481481
12 0.1783611111111111 0.13607407407407407 0.0748148148148148 0.14203703703703704
12 0.2526296296296296 0.18377777777777776 0.07155555555555555 0.044453703703703704
12 0.1729351851851852 0.2613055555555555 0.06180555555555556 0.045537037037037036
12 0.38707407407407407 0.44290740740740736 0.08239814814814814 0.13336111111111112
12 0.2813611111111111 0.40875925925925927 0.10083333333333334 0.06722222222222221
12 0.40441666666666665 0.27214814814814814 0.04987037037037037 0.07806481481481482
12 0.6852407407407407 0.19353703703703704 0.11492592592592593 0.08349074074074074
12 0.6537962962962963 0.5361574074074074 0.045537037037037036 0.04228703703703704
12 0.7882407407407407 0.556212962962963 0.04987037037037037 0.08239814814814814
12 0.852212962962963 0.5258518518518518 0.060712962962962955 0.0628888888888889
12 0.7616759259259259 0.8153518518518519 0.05962962962962964 0.08674074074074074
12 0.6803611111111111 0.8207685185185185 0.06180555555555556 0.1474537037037037
12 0.5464537037037037 0.8316111111111111 0.07806481481481482 0.07589814814814815
12 0.39628703703703705 0.7562592592592593 0.04228703703703704 0.07047222222222223
12 0.48086111111111113 0.9188888888888889 0.1073425925925926 0.08782407407407407
12 0.18974074074074074 0.9085925925925926 0.06938888888888889 0.07806481481481482
8 0.14854629629629632 0.17292592592592593 0.09446296296296296 0.10360185185185185
8 0.06475 0.18625 0.07312962962962963 0.0997962962962963
8 0.06894444444444443 0.09598148148148147 0.0997962962962963 0.059416666666666666
8 0.32299074074074074 0.18244444444444444 0.06703703703703705 0.0677962962962963
8 0.3660277777777778 0.2784259259259259 0.05865740740740741 0.10131481481481482
8 0.5381944444444444 0.20605555555555555 0.1043611111111111 0.061703703703703705
8 0.5176203703703703 0.3458425925925926 0.07541666666666667 0.0898888888888889
8 0.49325 0.43573148148148144 0.07846296296296296 0.062462962962962956
8 0.6143703703703703 0.4921018518518519 0.12416666666666666 0.08531481481481482
8 0.29823148148148143 0.4467777777777778 0.08150925925925925 0.07237037037037036