14 0.5 0.5 1 1
12 0.11898148148148148 0.5861111111111111 0.09166666666666666 0.15185185185185185
12 0.06388888888888888 0.3819444444444444 0.125 0.0824074074074074
12 0.18472222222222223 0.13055555555555556 0.07777777777777778 0.14351851851851852
12 0.25833333333333336 0.17962962962962964 0.07222222222222222 0.04537037037037037
12 0.17731481481481481 0.25555555555555554 0.06296296296296296 0.046296296296296294
12 0.38796296296296295 0.44074074074074077 0.08425925925925926 0.13518518518518519
12 0.2828703703703704 0.4050925925925926 0.10185185185185185 0.06944444444444445
12 0.4083333333333333 0.27037037037037037 0.05092592592592592 0.0787037037037037
12 0.6907407407407408 0.19675925925925927 0.11666666666666667 0.08518518518518518
12 0.6532407407407408 0.5388888888888889 0.046296296296296294 0.04351851851851852
12 0.7870370370370371 0.5611111111111111 0.05185185185185185 0.08333333333333333
12 0.8518518518518519 0.5319444444444444 0.06111111111111111 0.06388888888888888
12 0.7560185185185185 0.8199074074074074 0.06111111111111111 0.08703703703703704
12 0.674537037037037 0.8240740740740741 0.06481481481481481 0.14814814814814814
12 0.5407407407407407 0.8324074074074074 0.0787037037037037 0.07685185185185185
12 0.39166666666666666 0.7546296296296297 0.04351851851851852 0.0712962962962963
12 0.4736111111111111 0.9185185185185185 0.10925925925925926 0.08981481481481482
12 0.18287037037037038 0.9032407407407408 0.07037037037037037 0.0787037037037037
8 0.15416666666666667 0.16666666666666666 0.0962962962962963 0.10555555555555556
8 0.07037037037037037 0.1787037037037037 0.075 0.10092592592592593
8 0.07592592592592592 0.08842592592592592 0.1 0.06111111111111111
8 0.3287037037037037 0.17962962962962964 0.06759259259259259 0.06944444444444445
8 0.3699074074074074 0.2759259259259259 0.06018518518518518 0.10185185185185185
8 0.5435185185185185 0.20694444444444443 0.10555555555555556 0.06388888888888888
8 0.5203703703703704 0.34629629629629627 0.07777777777777778 0.09074074074074075
8 0.49444444444444446 0.4356481481481482 0.07962962962962963 0.06388888888888888
8 0.6143518518518518 0.49398148148148147 0.1259259259259259 0.08796296296296297
8 0.29907407407407405 0.44305555555555554 0.0824074074074074 0.07407407407407407