14 0.3055555555555556 0.502086230876217 0.46111111111111114 0.7037552155771906
14 0.6773148148148148 0.5598052851182197 0.41759259259259257 0.56884561891516
11 0.3 0.36856745479833103 0.10648148148148148 0.08484005563282336
11 0.3055555555555556 0.44019471488178025 0.12777777777777777 0.12239221140472879
11 0.30925925925925923 0.5445062586926287 0.12222222222222222 0.12656467315716272
11 0.33611111111111114 0.6606397774687065 0.17407407407407408 0.16828929068150209
11 0.41805555555555557 0.5201668984700973 0.11666666666666667 0.11265646731571627
11 0.43148148148148147 0.4151599443671766 0.13703703703703704 0.17246175243393602
11 0.5796296296296296 0.42767732962447846 0.10925925925925926 0.11404728789986092
11 0.6689814814814815 0.42698191933240615 0.08333333333333333 0.10292072322670376
11 0.7166666666666667 0.3574408901251738 0.1037037037037037 0.11821974965229486
11 0.6314814814814815 0.3150208623087622 0.09444444444444444 0.09735744089012517
11 0.7606481481481482 0.4506258692628651 0.1037037037037037 0.0917941585535466
11 0.7425925925925926 0.5966620305980529 0.08425925925925926 0.11404728789986092
11 0.8208333333333333 0.6752433936022253 0.10648148148148148 0.11821974965229486
11 0.6939814814814815 0.696105702364395 0.1175925925925926 0.12934631432545202
11 0.6342592592592593 0.566759388038943 0.10277777777777777 0.08344923504867872
11 0.5537037037037037 0.625173852573018 0.09814814814814815 0.09318497913769123
11 0.5287037037037037 0.5438108484005564 0.12037037037037036 0.10013908205841446
11 0.611574074074074 0.5 0.14074074074074075 0.12934631432545202