14 0.5 0.5 1 1
12 0.12037037037037036 0.5925925925925926 0.08888888888888889 0.15
12 0.062037037037037036 0.38935185185185184 0.12407407407407407 0.08055555555555556
12 0.17824074074074073 0.1361111111111111 0.075 0.1425925925925926
12 0.25277777777777777 0.1837962962962963 0.0712962962962963 0.044444444444444446
12 0.17314814814814813 0.2611111111111111 0.062037037037037036 0.04537037037037037
12 0.387037037037037 0.44305555555555554 0.0824074074074074 0.13333333333333333
12 0.2814814814814815 0.40879629629629627 0.10092592592592593 0.06759259259259259
12 0.4046296296296296 0.2722222222222222 0.05 0.07777777777777778
12 0.6851851851851852 0.1935185185185185 0.11481481481481481 0.08333333333333333
12 0.6537037037037037 0.5361111111111111 0.04537037037037037 0.04259259259259259
12 0.788425925925926 0.5560185185185185 0.05 0.0824074074074074
12 0.8523148148148149 0.5259259259259259 0.06018518518518518 0.06296296296296296
12 0.7615740740740741 0.8152777777777778 0.06018518518518518 0.08611111111111111
12 0.6805555555555556 0.8208333333333333 0.062037037037037036 0.14722222222222223
12 0.5462962962962963 0.8314814814814815 0.07777777777777778 0.07592592592592592
12 0.3962962962962963 0.7564814814814815 0.04259259259259259 0.07037037037037037
12 0.4810185185185185 0.9189814814814815 0.10740740740740741 0.08796296296296297
12 0.18981481481481483 0.9087962962962963 0.06944444444444445 0.07777777777777778
8 0.1486111111111111 0.17314814814814813 0.09444444444444444 0.1037037037037037
8 0.06481481481481481 0.18611111111111112 0.07314814814814814 0.1
8 0.06898148148148148 0.09583333333333334 0.09907407407407408 0.05925925925925926
8 0.32314814814814813 0.1824074074074074 0.06666666666666667 0.06851851851851852
8 0.3662037037037037 0.27824074074074073 0.058333333333333334 0.10092592592592593
8 0.537962962962963 0.20601851851851852 0.10462962962962963 0.062037037037037036
8 0.5175925925925926 0.3458333333333333 0.07592592592592592 0.08981481481481482
8 0.4930555555555556 0.4356481481481482 0.0787037037037037 0.062037037037037036
8 0.6143518518518518 0.49212962962962964 0.125 0.08611111111111111
8 0.29814814814814816 0.44675925925925924 0.08148148148148149 0.07314814814814814