14 0.5844907407407407 0.470679012345679 0.7430555555555556 0.8888888888888888
15 0.3841851851851852 0.4265432098765432 0.04360185185185186 0.12930864197530864
15 0.3792962962962963 0.5498395061728395 0.05487962962962963 0.10525925925925926
15 0.4728981481481482 0.39696296296296296 0.04962037037037037 0.09623456790123457
15 0.4691388888888889 0.24008641975308642 0.07067592592592592 0.07317283950617284
15 0.5304166666666666 0.3443333333333334 0.06239814814814815 0.07919753086419754
15 0.6992037037037037 0.2601358024691358 0.07067592592592592 0.0551358024691358
15 0.8003240740740741 0.26414814814814813 0.07142592592592592 0.06516049382716049
15 0.7608518518518519 0.38393827160493826 0.04962037037037037 0.09222222222222222
15 0.7525833333333333 0.47214814814814815 0.05412962962962963 0.05813580246913581
15 0.6653703703703704 0.4145061728395062 0.05112037037037037 0.0671604938271605
15 0.549212962962963 0.5633703703703703 0.06540740740740741 0.08019753086419752
15 0.6898055555555556 0.5518395061728395 0.039842592592592596 0.06114814814814815
15 0.733037037037037 0.5728888888888889 0.061648148148148146 0.08922222222222222
15 0.6950648148148147 0.6701358024691357 0.06239814814814815 0.08319753086419752
15 0.6056018518518518 0.7347901234567901 0.07894444444444446 0.10625925925925925
4 0.4499722222222223 0.6195061728395062 0.06691666666666667 0.07017283950617284
4 0.4236574074074074 0.323283950617284 0.07894444444444446 0.057135802469135806
4 0.40448148148148144 0.22855555555555554 0.040601851851851854 0.07618518518518519
4 0.5146296296296295 0.1894567901234568 0.05788888888888889 0.09423456790123456
4 0.6202592592592593 0.24409876543209877 0.07969444444444444 0.09322222222222223
4 0.5770277777777778 0.35987654320987655 0.039842592592592596 0.08820987654320989
4 0.5101203703703703 0.4876913580246913 0.05337962962962963 0.08119753086419752
4 0.5796574074074073 0.6250246913580246 0.11878703703703702 0.043098765432098764
4 0.792425925925926 0.3894444444444444 0.016537037037037038 0.049123456790123456