14 0.5 0.5 1 1
11 0.3087962962962963 0.1986111111111111 0.17314814814814813 0.15648148148148147
11 0.24305555555555555 0.35185185185185186 0.17222222222222222 0.1527777777777778
11 0.274537037037037 0.5083333333333333 0.18796296296296297 0.17314814814814813
11 0.3902777777777778 0.6847222222222222 0.16203703703703703 0.18981481481481483
11 0.5597222222222222 0.7342592592592593 0.18333333333333332 0.17777777777777778
11 0.5375 0.49398148148148147 0.15092592592592594 0.14907407407407408
11 0.41574074074074074 0.37453703703703706 0.13055555555555556 0.13703703703703704
11 0.5990740740740741 0.3421296296296296 0.13240740740740742 0.12314814814814815
11 0.5189814814814815 0.2037037037037037 0.13703703703703704 0.14444444444444443
11 0.6717592592592593 0.19675925925925927 0.16203703703703703 0.15
11 0.8087962962962963 0.412962962962963 0.16018518518518518 0.14629629629629629
11 0.6726851851851852 0.5967592592592592 0.17685185185185184 0.19074074074074074
4 0.7976851851851852 0.2986111111111111 0.22870370370370371 0.11388888888888889
4 0.8296296296296296 0.5592592592592592 0.15833333333333333 0.16111111111111112
4 0.7412037037037037 0.7449074074074075 0.17314814814814813 0.11666666666666667