14 0.5 0.5 1 1
7 0.4736111111111111 0.5892539964476021 0.15555555555555556 0.15630550621669628
7 0.7560185185185185 0.8001776198934281 0.24444444444444444 0.25843694493783304
7 0.5180555555555556 0.35701598579040855 0.1638888888888889 0.1483126110124334
7 0.7305555555555555 0.3592362344582593 0.1037037037037037 0.1172291296625222
7 0.913425925925926 0.522202486678508 0.1259259259259259 0.10390763765541741
7 0.836574074074074 0.6758436944937833 0.14814814814814814 0.19182948490230906
7 0.7027777777777777 0.08880994671403197 0.18611111111111112 0.1261101243339254
7 0.7930555555555555 0.1936056838365897 0.15648148148148147 0.12522202486678508
7 0.8597222222222223 0.05106571936056838 0.1361111111111111 0.10213143872113677
7 0.41898148148148145 0.20470692717584368 0.19444444444444445 0.12877442273534637