14 0.5 0.5 1 1
12 0.20972222222222223 0.40925925925925927 0.12037037037037036 0.12037037037037036
12 0.2587962962962963 0.3333333333333333 0.09074074074074075 0.09814814814814815
12 0.35694444444444445 0.39861111111111114 0.11944444444444445 0.10092592592592593
12 0.4777777777777778 0.4185185185185185 0.10185185185185185 0.09351851851851851
12 0.5819444444444445 0.487962962962963 0.12037037037037036 0.09814814814814815
12 0.662962962962963 0.5074074074074074 0.06666666666666667 0.07222222222222222
12 0.6833333333333333 0.5685185185185185 0.15648148148148147 0.11666666666666667
12 0.8592592592592593 0.6111111111111112 0.11203703703703703 0.11851851851851852
12 0.7824074074074074 0.6273148148148148 0.10648148148148148 0.08703703703703704
12 0.8337962962962963 0.7138888888888889 0.13333333333333333 0.11851851851851852
12 0.600925925925926 0.8185185185185185 0.11018518518518519 0.11018518518518519
12 0.649074074074074 0.6893518518518519 0.10648148148148148 0.12314814814814815
12 0.6148148148148148 0.6337962962962963 0.07962962962962963 0.125
12 0.5393518518518519 0.5990740740740741 0.13148148148148148 0.12314814814814815
12 0.47175925925925927 0.6333333333333333 0.08148148148148149 0.12314814814814815
12 0.3837962962962963 0.649537037037037 0.09351851851851851 0.075
12 0.29814814814814816 0.5578703703703703 0.08703703703703704 0.13148148148148148
12 0.35 0.5833333333333334 0.11851851851851852 0.10277777777777777
11 0.2962962962962963 0.7356481481481482 0.11203703703703703 0.12129629629629629
11 0.1787037037037037 0.24444444444444444 0.09907407407407408 0.09814814814814815
11 0.21481481481481482 0.500462962962963 0.12129629629629629 0.11203703703703703
11 0.18888888888888888 0.6208333333333333 0.10462962962962963 0.10925925925925926
11 0.4097222222222222 0.7759259259259259 0.12314814814814815 0.12962962962962962
11 0.5537037037037037 0.8041666666666667 0.10462962962962963 0.1111111111111111
11 0.6662037037037037 0.8398148148148148 0.10648148148148148 0.12037037037037036
11 0.7731481481481481 0.7870370370370371 0.0962962962962963 0.0962962962962963
8 0.9199074074074074 0.1935185185185185 0.11666666666666667 0.11203703703703703
8 0.5574074074074075 0.1398148148148148 0.10648148148148148 0.09074074074074075
8 0.40370370370370373 0.13425925925925927 0.10833333333333334 0.09722222222222222
8 0.525 0.26064814814814813 0.08888888888888889 0.07314814814814814
8 0.5037037037037037 0.32083333333333336 0.11018518518518519 0.11018518518518519
8 0.700925925925926 0.10277777777777777 0.06296296296296296 0.06481481481481481
8 0.6356481481481482 0.08425925925925926 0.09814814814814815 0.08055555555555556
8 0.7226851851851852 0.16944444444444445 0.07222222222222222 0.06944444444444445
8 0.8953703703703704 0.7527777777777778 0.08518518518518518 0.0824074074074074