14 0.2550925925925926 0.21296296296296297 0.43425925925925923 0.32685185185185184
14 0.5 0.6328703703703704 1 0.7342592592592593
14 0.8282407407407407 0.34305555555555556 0.3435185185185185 0.3194444444444444
8 0.6643518518518519 0.700462962962963 0.1037037037037037 0.08981481481481482
8 0.19166666666666668 0.5375 0.10648148148148148 0.0824074074074074
8 0.2865740740740741 0.5231481481481481 0.08888888888888889 0.07962962962962963
8 0.3509259259259259 0.5013888888888889 0.05277777777777778 0.062037037037037036
8 0.4009259259259259 0.6037037037037037 0.15462962962962962 0.10648148148148148
8 0.5226851851851851 0.5824074074074074 0.12037037037037036 0.09259259259259259
8 0.6370370370370371 0.5101851851851852 0.1814814814814815 0.11018518518518519
8 0.7375 0.575 0.08981481481481482 0.0787037037037037
8 0.4925925925925926 0.8152777777777778 0.0962962962962963 0.09351851851851851
8 0.5115740740740741 0.663425925925926 0.13148148148148148 0.08703703703703704
4 0.49675925925925923 0.5143518518518518 0.11203703703703703 0.08425925925925926
4 0.6078703703703704 0.5800925925925926 0.12314814814814815 0.08796296296296297
4 0.586574074074074 0.7023148148148148 0.1037037037037037 0.1814814814814815
4 0.26851851851851855 0.6152777777777778 0.11666666666666667 0.13148148148148148
4 0.37037037037037035 0.6555555555555556 0.12407407407407407 0.075
4 0.47175925925925927 0.7157407407407408 0.09351851851851851 0.07314814814814814
15 0.10833333333333334 0.1300925925925926 0.0712962962962963 0.05185185185185185
15 0.17824074074074073 0.15601851851851853 0.07314814814814814 0.06018518518518518
15 0.25277777777777777 0.1587962962962963 0.08055555555555556 0.049074074074074076
15 0.34305555555555556 0.18472222222222223 0.05925925925925926 0.04537037037037037
15 0.2967592592592593 0.22268518518518518 0.07407407407407407 0.05740740740740741
15 0.14074074074074075 0.2111111111111111 0.09166666666666666 0.06574074074074074