14 0.4058611111111111 0.6944444444444444 0.4228425925925926 0.4691388888888889
14 0.6064814814814815 0.26234259259259257 0.5462962962962963 0.3888888888888889
2 0.33631481481481484 0.5688888888888889 0.12730555555555556 0.14535185185185184
2 0.5012222222222222 0.5854259259259259 0.11427777777777778 0.19046296296296295
2 0.5538518518518518 0.7899259259259259 0.10525925925925926 0.21451851851851853
2 0.5342962962962963 0.2716574074074074 0.20450000000000002 0.13633333333333333
2 0.7137407407407408 0.36939814814814814 0.19247222222222224 0.17743518518518517
4 0.5884351851851852 0.41300925925925924 0.08019444444444444 0.08621296296296296
4 0.5764074074074074 0.6119907407407408 0.07016666666666667 0.11126851851851852
7 0.4046851851851852 0.6838703703703705 0.14855555555555555 0.1767314814814815
7 0.47512037037037036 0.38419444444444445 0.15624074074074074 0.11782407407407407
7 0.7216481481481481 0.514824074074074 0.13702777777777778 0.11525925925925927