14 0.5 0.5539714714714714 1 0.763445945945946
15 0.3850925925925926 0.7412837837837838 0.05235185185185185 0.10867867867867867
15 0.25142592592592594 0.6223948948948949 0.07800925925925926 0.10105105105105104
15 0.11714814814814814 0.5756381381381381 0.16348148148148148 0.08176426426426427
15 0.04756481481481481 0.7014489489489489 0.09513888888888888 0.05376876876876877
15 0.15361111111111111 0.49606606606606607 0.12960185185185186 0.06615615615615617
15 0.24592592592592594 0.5196996996996998 0.09144444444444445 0.0762912912912913
15 0.31810185185185186 0.5058408408408408 0.09844444444444443 0.06837837837837837
15 0.28376851851851853 0.46279279279279284 0.1305 0.041666666666666664
15 0.32024074074074077 0.4131831831831832 0.12102777777777779 0.0637087087087087
15 0.04329629629629629 0.4161561561561562 0.08659259259259258 0.039954954954954956
15 0.11989814814814816 0.4269144144144144 0.10184259259259258 0.05405405405405406
15 0.09899074074074074 0.3528153153153153 0.16074074074074074 0.06174174174174174
15 0.20625925925925925 0.31953453453453456 0.09755555555555555 0.047154654654654654
15 0.19664814814814816 0.2357882882882883 0.07527777777777778 0.040503003003003
15 0.4906759259259259 0.2401126126126126 0.0682037037037037 0.08132882882882883
15 0.3768518518518518 0.29170420420420423 0.10301851851851852 0.06325075075075075
15 0.44840740740740737 0.31421921921921925 0.08438888888888889 0.03404654654654655
15 0.5652962962962963 0.31013513513513513 0.06788888888888889 0.05804804804804804
15 0.6388333333333334 0.33660660660660663 0.13562037037037036 0.036756756756756756
15 0.6428055555555555 0.2943018018018018 0.08862962962962963 0.04617867867867868
15 0.7428981481481481 0.2936786786786787 0.08128703703703705 0.05731231231231231
15 0.7177222222222223 0.3963738738738739 0.1194351851851852 0.0788063063063063
15 0.6576018518518519 0.45797297297297296 0.10296296296296296 0.02954954954954955
15 0.46625925925925926 0.4373048048048048 0.08041666666666666 0.05503753753753754
15 0.5506388888888889 0.4681081081081081 0.1240462962962963 0.06467717717717718
15 0.4680925925925926 0.5648498498498499 0.12070370370370372 0.11462462462462462
15 0.6562314814814815 0.5815765765765766 0.0910648148148148 0.08373873873873874
15 0.7085648148148148 0.5777402402402402 0.07671296296296296 0.0735960960960961
15 0.7635000000000001 0.5834459459459459 0.052287037037037035 0.09810810810810812
15 0.8228518518518518 0.5312387387387387 0.07028703703703704 0.059001501501501505
15 0.7581574074074073 0.5093393393393394 0.0995925925925926 0.07062312312312312
15 0.8643611111111111 0.4478453453453453 0.1044537037037037 0.04642642642642643
15 0.9358240740740741 0.6070645645645646 0.12836111111111112 0.050578078078078084
15 0.8124814814814815 0.6711411411411412 0.12277777777777778 0.04512012012012012
15 0.7696018518518518 0.710608108108108 0.13774074074074072 0.057229729729729735
15 0.7787592592592593 0.770975975975976 0.09500925925925927 0.08888138138138138
0 0.3649444444444444 0.6457732732732733 0.15855555555555556 0.12553303303303304
0 0.30100925925925925 0.7082507507507507 0.08868518518518519 0.08963963963963964
0 0.30559259259259264 0.8173648648648649 0.12836111111111112 0.12474474474474474
0 0.4346759259259259 0.804391891891892 0.1362685185185185 0.12638888888888888
0 0.4870185185185185 0.7171621621621621 0.07309259259259258 0.07776276276276275
0 0.12141666666666666 0.6947672672672672 0.1232037037037037 0.13442942942942943
0 0.20701851851851852 0.37545045045045045 0.15705555555555556 0.06000750750750751
0 0.14049074074074072 0.2725225225225225 0.0728425925925926 0.07191441441441442
0 0.21739814814814815 0.2675825825825826 0.0801574074074074 0.042222222222222223
0 0.3168796296296296 0.23084084084084086 0.15703703703703703 0.05039789789789789
0 0.4290277777777778 0.2432057057057057 0.10362037037037036 0.06524024024024025
0 0.45634259259259263 0.29319069069069065 0.07584259259259259 0.03652402402402402
0 0.4320833333333333 0.36617117117117115 0.08530555555555555 0.07856606606606607
0 0.44703703703703707 0.4922372372372372 0.08469444444444445 0.06590840840840842
0 0.19405555555555556 0.46885135135135136 0.0853425925925926 0.05131381381381381
12 0.8670555555555555 0.3689339339339339 0.1188148148148148 0.08491741741741742
12 0.5772870370370371 0.4146321321321321 0.13432407407407407 0.04048048048048048
12 0.6640462962962963 0.3681906906906907 0.11387037037037037 0.047304804804804805
12 0.5886944444444444 0.2751126126126126 0.11781481481481482 0.03117867867867868
12 0.5318148148148149 0.3262162162162162 0.07221296296296296 0.046253753753753755
12 0.653037037037037 0.6262987987987988 0.11282407407407406 0.12993243243243244
12 0.5675925925925925 0.710563063063063 0.09920370370370371 0.1177927927927928
12 0.8899907407407408 0.7113063063063063 0.11487962962962962 0.13840840840840843
12 0.8379629629629629 0.5910285285285285 0.0868425925925926 0.05939189189189189
12 0.9206574074074073 0.5680780780780781 0.12902777777777777 0.09
12 0.920212962962963 0.5203678678678678 0.15958333333333333 0.08172672672672672
12 0.8164722222222222 0.44874624624624626 0.06482407407407408 0.10427177177177176
12 0.8023148148148148 0.41174924924924927 0.047 0.08767267267267267
12 0.5210648148148148 0.33036786786786787 0.08741666666666667 0.06006006006006006