14 0.5 0.5536786786786787 1 0.8566066066066066
15 0.34953703703703703 0.7282282282282282 0.06759259259259259 0.11336336336336336
15 0.23472222222222222 0.5968468468468469 0.09351851851851851 0.10735735735735735
15 0.1087962962962963 0.5371621621621622 0.175 0.09759759759759759
15 0.03564814814814815 0.6542792792792793 0.0712962962962963 0.06231231231231231
15 0.15694444444444444 0.4617117117117117 0.1388888888888889 0.07807807807807808
15 0.2449074074074074 0.49436936936936937 0.10277777777777777 0.08483483483483484
15 0.31851851851851853 0.487987987987988 0.10833333333333334 0.07732732732732733
15 0.2912037037037037 0.44181681681681684 0.1361111111111111 0.05405405405405406
15 0.3347222222222222 0.39602102102102105 0.12962962962962962 0.07507507507507508
15 0.05925925925925926 0.3708708708708709 0.09166666666666666 0.04804804804804805
15 0.1337962962962963 0.390015015015015 0.10925925925925926 0.06381381381381382
15 0.12407407407407407 0.3141891891891892 0.16944444444444445 0.07732732732732733
15 0.23564814814814813 0.2916666666666667 0.1037037037037037 0.05630630630630631
15 0.23842592592592593 0.20795795795795796 0.08055555555555556 0.0472972972972973
15 0.5296296296296297 0.240990990990991 0.08055555555555556 0.08708708708708708
15 0.40925925925925927 0.28115615615615613 0.11203703703703703 0.07357357357357357
15 0.47685185185185186 0.31043543543543545 0.08888888888888889 0.042042042042042045
15 0.5935185185185186 0.31794294294294295 0.07592592592592592 0.06456456456456457
15 0.6625 0.3517267267267267 0.1398148148148148 0.04954954954954955
15 0.6726851851851852 0.31006006006006004 0.09537037037037037 0.054804804804804805
15 0.7722222222222223 0.31906906906906907 0.08981481481481482 0.06456456456456457
15 0.7314814814814815 0.41854354354354356 0.13055555555555556 0.09009009009009009
15 0.662962962962963 0.47372372372372373 0.10648148148148148 0.03978978978978979
15 0.4759259259259259 0.43430930930930933 0.08796296296296297 0.06231231231231231
15 0.5550925925925926 0.4733483483483483 0.13333333333333333 0.07657657657657657
15 0.4587962962962963 0.5611861861861862 0.13796296296296295 0.12612612612612611
15 0.6425925925925926 0.5964714714714715 0.10277777777777777 0.0915915915915916
15 0.6953703703703704 0.5975975975975976 0.08703703703703704 0.08033033033033032
15 0.7490740740740741 0.6088588588588588 0.06666666666666667 0.1021021021021021
15 0.8157407407407408 0.5630630630630631 0.0787037037037037 0.06606606606606606
15 0.7546296296296297 0.5349099099099099 0.11018518518518519 0.07957957957957958
15 0.8694444444444445 0.48423423423423423 0.1111111111111111 0.05630630630630631
15 0.9162037037037037 0.6493993993993994 0.13518518518518519 0.06231231231231231
15 0.7842592592592592 0.7008258258258259 0.1287037037037037 0.057057057057057055
15 0.7361111111111112 0.7357357357357357 0.14537037037037037 0.07057057057057058
15 0.7361111111111112 0.7965465465465466 0.10740740740740741 0.09759759759759759
0 0.3439814814814815 0.6313813813813813 0.17592592592592593 0.1403903903903904
0 0.2712962962962963 0.6869369369369369 0.10185185185185185 0.09759759759759759
0 0.25925925925925924 0.7957957957957958 0.14537037037037037 0.13663663663663664
0 0.38935185185185184 0.7957957957957958 0.15462962962962962 0.1388888888888889
0 0.4546296296296296 0.7143393393393394 0.08333333333333333 0.08483483483483484
0 0.09490740740740741 0.6557807807807807 0.1425925925925926 0.14564564564564564
0 0.22777777777777777 0.3475975975975976 0.1648148148148148 0.07507507507507508
0 0.17731481481481481 0.23873873873873874 0.08333333333333333 0.07882882882882883
0 0.25462962962962965 0.24136636636636635 0.08518518518518518 0.0503003003003003
0 0.3587962962962963 0.2147147147147147 0.1638888888888889 0.06531531531531531
0 0.46805555555555556 0.23798798798798798 0.11296296296296296 0.07507507507507508
0 0.487962962962963 0.2905405405405405 0.08055555555555556 0.044294294294294295
0 0.4527777777777778 0.36036036036036034 0.0962962962962963 0.08633633633633633
0 0.4486111111111111 0.4872372372372372 0.09444444444444444 0.07357357357357357
0 0.20092592592592592 0.4388138138138138 0.09259259259259259 0.06006006006006006
12 0.8837962962962963 0.40615615615615613 0.13148148148148148 0.0960960960960961
12 0.5893518518518519 0.4230480480480481 0.1398148148148148 0.0533033033033033
12 0.6824074074074075 0.3855105105105105 0.12037037037037036 0.05855855855855856
12 0.6217592592592592 0.28566066066066065 0.12129629629629629 0.042042042042042045
12 0.5578703703703703 0.33070570570570573 0.0787037037037037 0.052552552552552555
12 0.6328703703703704 0.6403903903903904 0.13148148148148148 0.1403903903903904
12 0.5356481481481481 0.7158408408408409 0.11666666666666667 0.12687687687687688
12 0.8550925925925926 0.7481231231231231 0.13518518518518519 0.1493993993993994
12 0.8217592592592593 0.6238738738738738 0.09537037037037037 0.06756756756756757
12 0.9074074074074074 0.6092342342342343 0.14166666666666666 0.1021021021021021
12 0.9138888888888889 0.5615615615615616 0.17037037037037037 0.09684684684684684
12 0.8217592592592593 0.4804804804804805 0.07962962962962963 0.10960960960960961
12 0.8134259259259259 0.4421921921921922 0.06018518518518518 0.0915915915915916
12 0.5462962962962963 0.3337087087087087 0.09537037037037037 0.06831831831831832