14 0.5 0.4751851851851852 1 0.9503703703703704
4 0.22037037037037038 0.45037037037037037 0.33796296296296297 0.25703703703703706
4 0.4671296296296296 0.5777777777777777 0.3527777777777778 0.28
4 0.7555555555555555 0.5911111111111111 0.34074074074074073 0.2903703703703704
4 0.8634259259259259 0.4474074074074074 0.27314814814814814 0.1362962962962963
4 0.3435185185185185 0.30592592592592593 0.18703703703703703 0.14592592592592593
4 0.5268518518518519 0.4103703703703704 0.21481481481481482 0.13333333333333333
4 0.23472222222222222 0.15888888888888889 0.225 0.18444444444444444
4 0.5106481481481482 0.15777777777777777 0.26481481481481484 0.14666666666666667
4 0.7916666666666666 0.24333333333333335 0.29074074074074074 0.16592592592592592
4 0.6125 0.3225925925925926 0.2722222222222222 0.1474074074074074