14 0.5 0.5446696696696697 1 0.9106606606606606
15 0.3212962962962963 0.713963963963964 0.08055555555555556 0.11561561561561562
15 0.22361111111111112 0.573948948948949 0.10462962962962963 0.11261261261261261
15 0.10601851851851851 0.5037537537537538 0.1824074074074074 0.10960960960960961
15 0.02824074074074074 0.6126126126126126 0.05648148148148148 0.06906906906906907
15 0.16342592592592592 0.4328078078078078 0.14444444444444443 0.08783783783783784
15 0.24675925925925926 0.47297297297297297 0.11018518518518519 0.0915915915915916
15 0.3212962962962963 0.4725975975975976 0.11574074074074074 0.08483483483483484
15 0.29953703703703705 0.4241741741741742 0.1388888888888889 0.06381381381381382
15 0.3490740740740741 0.3825075075075075 0.13518518518518519 0.08408408408408409
15 0.07824074074074074 0.3344594594594595 0.09537037037037037 0.054804804804804805
15 0.15 0.35960960960960964 0.11388888888888889 0.07132132132132132
15 0.15 0.2834084084084084 0.17407407407407408 0.08933933933933934
15 0.2638888888888889 0.27064564564564564 0.10833333333333334 0.06381381381381382
15 0.2777777777777778 0.18731231231231232 0.08425925925925926 0.0533033033033033
15 0.562962962962963 0.24512012012012013 0.08888888888888889 0.0915915915915916
15 0.43796296296296294 0.2743993993993994 0.11851851851851852 0.08108108108108109
15 0.5013888888888889 0.3096846846846847 0.09166666666666666 0.04804804804804805
15 0.6162037037037037 0.3269519519519519 0.0824074074074074 0.06906906906906907
15 0.6805555555555556 0.36599099099099097 0.14166666666666666 0.060810810810810814
15 0.6962962962962963 0.32545045045045046 0.09907407407407408 0.06156156156156156
15 0.7939814814814815 0.3430930930930931 0.09537037037037037 0.07057057057057058
15 0.7407407407407407 0.4388138138138138 0.13796296296296295 0.09834834834834835
15 0.6652777777777777 0.48761261261261263 0.10833333333333334 0.04804804804804805
15 0.4847222222222222 0.4328078078078078 0.09351851851851851 0.06831831831831832
15 0.5583333333333333 0.47822822822822825 0.1388888888888889 0.08633633633633633
15 0.45092592592592595 0.5574324324324325 0.15 0.13363363363363365
15 0.6296296296296297 0.6081081081081081 0.11203703703703703 0.09759759759759759
15 0.6814814814814815 0.6137387387387387 0.09537037037037037 0.08558558558558559
15 0.7337962962962963 0.6295045045045045 0.0787037037037037 0.10510510510510511
15 0.8060185185185185 0.5893393393393394 0.08518518518518518 0.07057057057057058
15 0.7490740740740741 0.5563063063063063 0.11666666666666667 0.08708708708708708
15 0.8694444444444445 0.5157657657657657 0.11481481481481481 0.06381381381381382
15 0.8949074074074074 0.6835585585585585 0.1398148148148148 0.07282282282282282
15 0.7569444444444444 0.7237237237237237 0.13240740740740742 0.06606606606606606
15 0.7041666666666667 0.7545045045045045 0.15 0.08108108108108109
15 0.6962962962962963 0.81493993993994 0.11666666666666667 0.1036036036036036
0 0.3277777777777778 0.6174924924924925 0.18888888888888888 0.15090090090090091
0 0.24814814814814815 0.6666666666666666 0.1111111111111111 0.1036036036036036
0 0.22268518518518518 0.7736486486486487 0.15925925925925927 0.1448948948948949
0 0.35185185185185186 0.7845345345345346 0.1675925925925926 0.14864864864864866
0 0.4273148148148148 0.7090840840840841 0.09259259259259259 0.08933933933933934
0 0.07777777777777778 0.6208708708708709 0.15555555555555556 0.15315315315315314
0 0.2490740740740741 0.32507507507507505 0.16944444444444445 0.08708708708708708
0 0.21296296296296297 0.21283783783783783 0.09074074074074075 0.08333333333333333
0 0.28935185185185186 0.22184684684684686 0.08981481481481482 0.05630630630630631
0 0.3962962962962963 0.2042042042042042 0.1675925925925926 0.07807807807807808
0 0.5023148148148148 0.23686186186186187 0.11944444444444445 0.08258258258258258
0 0.5148148148148148 0.2905405405405405 0.08425925925925926 0.04954954954954955
0 0.4708333333333333 0.35735735735735735 0.10462962962962963 0.09234234234234234
0 0.45046296296296295 0.4827327327327327 0.10092592592592593 0.07957957957957958
0 0.21064814814814814 0.41366366366366364 0.09814814814814815 0.06606606606606606
12 0.8939814814814815 0.4391891891891892 0.1398148148148148 0.10435435435435435
12 0.5990740740740741 0.43093093093093093 0.14166666666666666 0.06381381381381382
12 0.6962962962962963 0.4016516516516517 0.12407407407407407 0.06681681681681682
12 0.6486111111111111 0.2969219219219219 0.12314814814814815 0.0518018018018018
12 0.5791666666666667 0.33633633633633636 0.08333333333333333 0.05780780780780781
12 0.6138888888888889 0.6509009009009009 0.14629629629629629 0.14714714714714713
12 0.5074074074074074 0.7173423423423423 0.12962962962962962 0.13288288288288289
12 0.8212962962962963 0.777027027027027 0.15 0.15615615615615616
12 0.8041666666666667 0.6501501501501501 0.10092592592592593 0.07357357357357357
12 0.8912037037037037 0.6430180180180181 0.15092592592592594 0.1111111111111111
12 0.9037037037037037 0.5964714714714715 0.17777777777777778 0.10885885885885886
12 0.8226851851851852 0.5078828828828829 0.09166666666666666 0.11336336336336336
12 0.8189814814814815 0.4692192192192192 0.07037037037037037 0.09384384384384384
12 0.5675925925925925 0.3385885885885886 0.10185185185185185 0.07432432432432433