14 0.5 0.5414814814814815 1 0.917037037037037
15 0.4722222222222222 0.6903703703703704 0.2861111111111111 0.20814814814814814
15 0.16527777777777777 0.5633333333333334 0.26851851851851855 0.18888888888888888
15 0.13842592592592592 0.4225925925925926 0.22407407407407406 0.1362962962962963
15 0.06851851851851852 0.3996296296296296 0.13703703703703704 0.09703703703703703
15 0.04814814814814815 0.3377777777777778 0.0962962962962963 0.09333333333333334
15 0.06481481481481481 0.2748148148148148 0.12962962962962962 0.07555555555555556
15 0.2064814814814815 0.21518518518518517 0.1638888888888889 0.0637037037037037
15 0.19212962962962962 0.2751851851851852 0.12314814814814815 0.07703703703703704
15 0.3199074074074074 0.32037037037037036 0.22962962962962963 0.12148148148148148
15 0.35694444444444445 0.21518518518518517 0.16203703703703703 0.07703703703703704
15 0.46805555555555556 0.24185185185185185 0.14814814814814814 0.08074074074074074
15 0.6078703703703704 0.2625925925925926 0.20092592592592592 0.10740740740740741
15 0.49907407407407406 0.3411111111111111 0.18703703703703703 0.08148148148148149
15 0.33287037037037037 0.43222222222222223 0.24814814814814815 0.12444444444444444
15 0.4648148148148148 0.5255555555555556 0.2574074074074074 0.16962962962962963
15 0.5912037037037037 0.4033333333333333 0.23796296296296296 0.14074074074074075
15 0.7875 0.3296296296296296 0.2740740740740741 0.13555555555555557
15 0.9018518518518519 0.4248148148148148 0.1962962962962963 0.16518518518518518
15 0.8800925925925925 0.5907407407407408 0.23981481481481481 0.22740740740740742
15 0.6921296296296297 0.5281481481481481 0.30925925925925923 0.20444444444444446
9 0.6481481481481481 0.6377777777777778 0.13425925925925927 0.09555555555555556
9 0.3194444444444444 0.5 0.06481481481481481 0.07111111111111111
9 0.19305555555555556 0.37851851851851853 0.07592592592592592 0.04814814814814815
9 0.07361111111111111 0.2848148148148148 0.06574074074074074 0.03851851851851852
9 0.23796296296296296 0.23777777777777778 0.06018518518518518 0.0362962962962963
9 0.4217592592592593 0.2714814814814815 0.06944444444444445 0.05407407407407407
9 0.6240740740740741 0.3296296296296296 0.07777777777777778 0.056296296296296296
9 0.8444444444444444 0.4751851851851852 0.08518518518518518 0.06666666666666667
4 0.7546296296296297 0.7577777777777778 0.27314814814814814 0.17037037037037037
4 0.2824074074074074 0.6570370370370371 0.12407407407407407 0.09777777777777778
4 0.04027777777777778 0.5059259259259259 0.08055555555555556 0.06814814814814815