14 0.5 0.45555555555555555 1 0.7570370370370371
4 0.2161388888888889 0.5296888888888889 0.2709351851851852 0.1948296296296296
4 0.502287037037037 0.5820444444444445 0.2770185185185185 0.21674814814814816
4 0.7793055555555556 0.5156814814814814 0.255712962962963 0.2350074074074074
4 0.824212962962963 0.3494740740740741 0.2724537037037037 0.06575555555555555
4 0.27016666666666667 0.3604296296296296 0.14763888888888888 0.11202222222222222
4 0.4870648148148148 0.4085259259259259 0.18874074074074074 0.08645185185185185
4 0.10502777777777779 0.25205925925925926 0.17351851851851852 0.1461185185185185
4 0.36377777777777776 0.17534814814814814 0.24353703703703702 0.08523703703703703
4 0.6643888888888888 0.179 0.26332407407407404 0.09985185185185186
4 0.5296851851851851 0.3025925925925926 0.25266666666666665 0.08402222222222222