14 0.5 0.4828703703703704 1 0.9657407407407408
15 0.31296296296296294 0.6361111111111111 0.13240740740740742 0.12037037037037036
15 0.14074074074074075 0.4912037037037037 0.10925925925925926 0.11574074074074074
15 0.32685185185185184 0.4287037037037037 0.1175925925925926 0.10185185185185185
15 0.40925925925925927 0.46574074074074073 0.1111111111111111 0.12222222222222222
15 0.3060185185185185 0.26296296296296295 0.0962962962962963 0.07222222222222222
15 0.5064814814814815 0.18472222222222223 0.12777777777777777 0.10740740740740741
15 0.5208333333333334 0.26064814814814813 0.10648148148148148 0.075
15 0.7013888888888888 0.2449074074074074 0.1361111111111111 0.10925925925925926
15 0.6097222222222223 0.6865740740740741 0.16203703703703703 0.12777777777777777
15 0.7050925925925926 0.5625 0.12962962962962962 0.15185185185185185
15 0.7717592592592593 0.5064814814814815 0.11388888888888889 0.1527777777777778
15 0.8203703703703704 0.34814814814814815 0.09444444444444444 0.07592592592592592
9 0.42083333333333334 0.3421296296296296 0.08425925925925926 0.08981481481481482
9 0.5949074074074074 0.18055555555555555 0.07407407407407407 0.06944444444444445
9 0.40694444444444444 0.16157407407407406 0.06851851851851852 0.07037037037037037
9 0.2337962962962963 0.3736111111111111 0.08888888888888889 0.07685185185185185
9 0.21574074074074073 0.6287037037037037 0.08703703703703704 0.075
9 0.34305555555555556 0.7097222222222223 0.1 0.09259259259259259
9 0.5458333333333333 0.5347222222222222 0.09074074074074075 0.09259259259259259
9 0.5333333333333333 0.7435185185185185 0.1037037037037037 0.08796296296296297
9 0.8023148148148148 0.600462962962963 0.08055555555555556 0.07407407407407407
9 0.7662037037037037 0.387037037037037 0.07777777777777778 0.07592592592592592
9 0.7717592592592593 0.2611111111111111 0.08981481481481482 0.08796296296296297
4 0.5986111111111111 0.4203703703703704 0.175 0.14537037037037037
4 0.45416666666666666 0.6402777777777777 0.13703703703703704 0.14907407407407408
4 0.26481481481481484 0.5458333333333333 0.15 0.10648148148148148
4 0.5060185185185185 0.10787037037037037 0.15555555555555556 0.10462962962962963
4 0.40879629629629627 0.25601851851851853 0.11203703703703703 0.10833333333333334
4 0.6842592592592592 0.14351851851851852 0.1175925925925926 0.11666666666666667