14 0.4300925925925926 0.7046296296296296 0.47685185185185186 0.5166666666666667
14 0.5768518518518518 0.25092592592592594 0.5898148148148148 0.4527777777777778
2 0.3458333333333333 0.5884259259259259 0.14444444444444443 0.16018518518518518
2 0.5115740740740741 0.5847222222222223 0.1361111111111111 0.20277777777777778
2 0.5888888888888889 0.7810185185185186 0.13055555555555556 0.22592592592592592
2 0.5060185185185185 0.2689814814814815 0.21851851851851853 0.16018518518518518
2 0.6962962962962963 0.34444444444444444 0.21296296296296297 0.2
4 0.5773148148148148 0.4027777777777778 0.09074074074074075 0.0962962962962963
4 0.5893518518518519 0.6018518518518519 0.0824074074074074 0.11851851851851852
7 0.42777777777777776 0.6939814814814815 0.1685185185185185 0.1935185185185185
7 0.46111111111111114 0.38796296296296295 0.16944444444444445 0.1361111111111111
7 0.7217592592592592 0.4875 0.15 0.13055555555555556