14 0.5231481481481481 0.5093416370106761 0.8287037037037037 0.7072953736654805
9 0.3560185185185185 0.6952846975088968 0.062037037037037036 0.06227758007117438
9 0.3388888888888889 0.5538256227758007 0.06296296296296296 0.06850533807829182
9 0.29212962962962963 0.4835409252669039 0.07222222222222222 0.060498220640569395
9 0.26296296296296295 0.35587188612099646 0.06481481481481481 0.046263345195729534
9 0.36666666666666664 0.33941281138790036 0.06574074074074074 0.04448398576512456
9 0.40879629629629627 0.24688612099644128 0.06111111111111111 0.05604982206405694
9 0.6064814814814815 0.2442170818505338 0.06851851851851852 0.042704626334519574
9 0.6467592592592593 0.31983985765124556 0.058333333333333334 0.06138790035587188
9 0.5675925925925925 0.34119217081850534 0.05277777777777778 0.04715302491103203
9 0.6351851851851852 0.39679715302491103 0.06388888888888888 0.04893238434163701
9 0.7296296296296296 0.34786476868327404 0.0712962962962963 0.06227758007117438
9 0.8194444444444444 0.3776690391459075 0.06296296296296296 0.05604982206405694
9 0.8333333333333334 0.5115658362989324 0.0787037037037037 0.06316725978647687
9 0.7800925925925926 0.5809608540925267 0.0787037037037037 0.07295373665480427
9 0.5402777777777777 0.4395017793594306 0.05462962962962963 0.04804270462633452
9 0.4615740740740741 0.4319395017793594 0.05555555555555555 0.05338078291814947
9 0.4842592592592593 0.49955516014234874 0.06481481481481481 0.05782918149466192
9 0.5050925925925925 0.641459074733096 0.07592592592592592 0.06850533807829182
9 0.6162037037037037 0.5400355871886121 0.06481481481481481 0.07473309608540925
9 0.6782407407407407 0.6677046263345195 0.07037037037037037 0.05604982206405694