14 0.5027777777777778 0.7064814814814815 0.9944444444444445 0.587037037037037
15 0.1638888888888889 0.8282407407407407 0.12314814814814815 0.10462962962962963
15 0.07175925925925926 0.6921296296296297 0.09166666666666666 0.05462962962962963
15 0.25277777777777777 0.7287037037037037 0.1527777777777778 0.1
15 0.16712962962962963 0.5810185185185185 0.10092592592592593 0.05
15 0.35555555555555557 0.6462962962962963 0.09907407407407408 0.06481481481481481
15 0.5166666666666667 0.5810185185185185 0.08333333333333333 0.05462962962962963
15 0.4791666666666667 0.47962962962962963 0.09537037037037037 0.06111111111111111
15 0.5287037037037037 0.65 0.1111111111111111 0.07222222222222222
15 0.5185185185185185 0.7319444444444444 0.10555555555555556 0.075
15 0.45046296296296295 0.912962962962963 0.18611111111111112 0.09814814814814815
15 0.8023148148148148 0.8032407407407407 0.1824074074074074 0.06944444444444445
15 0.8444444444444444 0.862037037037037 0.07685185185185185 0.06574074074074074
15 0.7314814814814815 0.7282407407407407 0.12407407407407407 0.06759259259259259
15 0.7018518518518518 0.6324074074074074 0.10185185185185185 0.05092592592592592
15 0.9162037037037037 0.5810185185185185 0.1361111111111111 0.05
15 0.9574074074074074 0.6847222222222222 0.08518518518518518 0.058333333333333334
8 0.6388888888888888 0.7717592592592593 0.10925925925925926 0.08055555555555556
8 0.5273148148148148 0.8143518518518519 0.12685185185185185 0.09444444444444444
8 0.33101851851851855 0.8430555555555556 0.17407407407407408 0.12314814814814815
8 0.2351851851851852 0.8930555555555556 0.07962962962962963 0.062037037037037036
8 0.05138888888888889 0.7870370370370371 0.07962962962962963 0.15648148148148147
8 0.024537037037037038 0.649537037037037 0.03518518518518519 0.0787037037037037
8 0.6078703703703704 0.6138888888888889 0.08611111111111111 0.0712962962962963
8 0.6726851851851852 0.5689814814814815 0.04537037037037037 0.05462962962962963
8 0.6861111111111111 0.5277777777777778 0.06666666666666667 0.06018518518518518
8 0.7486111111111111 0.5314814814814814 0.058333333333333334 0.08518518518518518
8 0.8583333333333333 0.65 0.09444444444444444 0.07314814814814814
8 0.6370370370370371 0.8967592592592593 0.08425925925925926 0.07314814814814814
8 0.8398148148148148 0.5388888888888889 0.07777777777777778 0.05740740740740741
8 0.7912037037037037 0.5833333333333334 0.07962962962962963 0.06759259259259259
8 0.5657407407407408 0.4759259259259259 0.04814814814814815 0.04259259259259259
8 0.6143518518518518 0.4824074074074074 0.05092592592592592 0.046296296296296294
8 0.6652777777777777 0.4773148148148148 0.06574074074074074 0.04537037037037037
8 0.4083333333333333 0.4787037037037037 0.07407407407407407 0.04814814814814815
8 0.3712962962962963 0.5037037037037037 0.07777777777777778 0.044444444444444446
8 0.41435185185185186 0.5254629629629629 0.075 0.06759259259259259
8 0.49675925925925923 0.538425925925926 0.075 0.03518518518518519
8 0.4041666666666667 0.5879629629629629 0.12314814814814815 0.06296296296296296
8 0.25833333333333336 0.5157407407407407 0.08333333333333333 0.05740740740740741
8 0.1824074074074074 0.5370370370370371 0.08796296296296297 0.04722222222222222
8 0.2671296296296296 0.5796296296296296 0.11851851851851852 0.05740740740740741
8 0.22175925925925927 0.6236111111111111 0.0787037037037037 0.06481481481481481
8 0.2814814814814815 0.6138888888888889 0.07037037037037037 0.040740740740740744
8 0.1685185185185185 0.7180555555555556 0.07592592592592592 0.06666666666666667
8 0.11435185185185186 0.7245370370370371 0.06574074074074074 0.05740740740740741
8 0.1175925925925926 0.6263888888888889 0.07037037037037037 0.058333333333333334
8 0.39351851851851855 0.712037037037037 0.06296296296296296 0.06111111111111111
8 0.3402777777777778 0.7333333333333333 0.06481481481481481 0.07962962962962963
8 0.31527777777777777 0.7537037037037037 0.040740740740740744 0.05
8 0.9263888888888889 0.8435185185185186 0.06759259259259259 0.05462962962962963
8 0.8722222222222222 0.7722222222222223 0.1 0.08703703703703704
8 0.9652777777777778 0.6291666666666667 0.06944444444444445 0.041666666666666664
8 0.788425925925926 0.674537037037037 0.06018518518518518 0.04351851851851852
8 0.612037037037037 0.7 0.08518518518518518 0.05740740740740741
8 0.5578703703703703 0.5175925925925926 0.04722222222222222 0.044444444444444446
8 0.6032407407407407 0.5504629629629629 0.06388888888888888 0.04814814814814815