14 0.5143518518518518 0.487962962962963 0.8666666666666667 0.9398148148148148
9 0.4666666666666667 0.22268518518518518 0.05 0.04537037037037037
9 0.49953703703703706 0.2162037037037037 0.028703703703703703 0.03796296296296296
9 0.49907407407407406 0.2972222222222222 0.04351851851851852 0.03796296296296296
9 0.5884259259259259 0.274537037037037 0.04722222222222222 0.03148148148148148
9 0.5717592592592593 0.3125 0.05555555555555555 0.05925925925925926
9 0.5342592592592592 0.38055555555555554 0.041666666666666664 0.04351851851851852
9 0.5657407407407408 0.39444444444444443 0.03611111111111111 0.03148148148148148
9 0.6282407407407408 0.3851851851851852 0.06481481481481481 0.058333333333333334
9 0.6657407407407407 0.5138888888888888 0.03611111111111111 0.04351851851851852
9 0.6324074074074074 0.5055555555555555 0.044444444444444446 0.03425925925925926
9 0.5930555555555556 0.5050925925925925 0.03888888888888889 0.032407407407407406
9 0.6305555555555555 0.5324074074074074 0.041666666666666664 0.05
9 0.6106481481481482 0.5472222222222223 0.04351851851851852 0.03425925925925926
9 0.6550925925925926 0.5481481481481482 0.04259259259259259 0.040740740740740744
9 0.7518518518518519 0.5884259259259259 0.04351851851851852 0.03333333333333333
9 0.8046296296296296 0.6037037037037037 0.07222222222222222 0.06296296296296296
9 0.611574074074074 0.6486111111111111 0.05185185185185185 0.04722222222222222
9 0.6393518518518518 0.6759259259259259 0.041666666666666664 0.04259259259259259
9 0.4162037037037037 0.3384259259259259 0.04722222222222222 0.037037037037037035
9 0.37175925925925923 0.32083333333333336 0.03888888888888889 0.037037037037037035
9 0.4597222222222222 0.41898148148148145 0.04537037037037037 0.049074074074074076
9 0.18425925925925926 0.525 0.044444444444444446 0.037037037037037035
9 0.2518518518518518 0.48564814814814816 0.05092592592592592 0.053703703703703705
9 0.27870370370370373 0.47638888888888886 0.041666666666666664 0.046296296296296294
9 0.24675925925925926 0.5337962962962963 0.03518518518518519 0.04537037037037037
9 0.2550925925925926 0.5699074074074074 0.05092592592592592 0.04259259259259259
9 0.38564814814814813 0.5 0.05 0.044444444444444446
9 0.41712962962962963 0.48935185185185187 0.02962962962962963 0.025925925925925925
9 0.4060185185185185 0.5333333333333333 0.04351851851851852 0.03425925925925926
9 0.4564814814814815 0.5236111111111111 0.03888888888888889 0.046296296296296294
9 0.487962962962963 0.5273148148148148 0.04259259259259259 0.027777777777777776
9 0.5212962962962963 0.47638888888888886 0.03518518518518519 0.05092592592592592
9 0.5370370370370371 0.4375 0.04722222222222222 0.04537037037037037
9 0.5319444444444444 0.5546296296296296 0.030555555555555555 0.040740740740740744
9 0.5527777777777778 0.5699074074074074 0.02962962962962963 0.04722222222222222
9 0.5486111111111112 0.6111111111111112 0.05092592592592592 0.03148148148148148
9 0.5347222222222222 0.6995370370370371 0.058333333333333334 0.04814814814814815
11 0.4388888888888889 0.16296296296296298 0.12037037037037036 0.10925925925925926
11 0.6018518518518519 0.21157407407407408 0.1175925925925926 0.12129629629629629
11 0.7134259259259259 0.33935185185185185 0.125 0.13425925925925927
11 0.7805555555555556 0.45092592592592595 0.12407407407407407 0.06759259259259259
11 0.6023148148148149 0.4444444444444444 0.12962962962962962 0.08425925925925926
11 0.47175925925925927 0.33935185185185185 0.05648148148148148 0.09722222222222222
11 0.34074074074074073 0.40046296296296297 0.13333333333333333 0.11388888888888889
11 0.44166666666666665 0.4699074074074074 0.09444444444444444 0.0787037037037037
11 0.33935185185185185 0.513425925925926 0.1425925925925926 0.1287037037037037
11 0.34074074074074073 0.6162037037037037 0.12314814814814815 0.058333333333333334
11 0.39305555555555555 0.6819444444444445 0.14444444444444443 0.12407407407407407
11 0.462037037037037 0.5981481481481481 0.11666666666666667 0.08981481481481482
11 0.44027777777777777 0.7861111111111111 0.08518518518518518 0.12685185185185185
11 0.5046296296296297 0.8185185185185185 0.07222222222222222 0.1037037037037037
11 0.7111111111111111 0.7083333333333334 0.17407407407407408 0.1814814814814815
11 0.8217592592592593 0.5319444444444444 0.12129629629629629 0.1175925925925926
15 0.7171296296296297 0.5523148148148148 0.07592592592592592 0.09537037037037037
15 0.5393518518518519 0.23703703703703705 0.07592592592592592 0.10277777777777777
15 0.5611111111111111 0.6587962962962963 0.08796296296296297 0.07592592592592592
11 0.3773148148148148 0.25601851851851853 0.09444444444444444 0.13055555555555556