14 0.5 0.5 1 1
12 0.45601851851851855 0.1050925925925926 0.0824074074074074 0.07685185185185185
12 0.055092592592592596 0.43333333333333335 0.08055555555555556 0.07314814814814814
12 0.24351851851851852 0.5444444444444444 0.09537037037037037 0.07407407407407407
12 0.549537037037037 0.7064814814814815 0.10092592592592593 0.08981481481481482
12 0.8342592592592593 0.3162037037037037 0.13055555555555556 0.09166666666666666
12 0.8634259259259259 0.3638888888888889 0.13240740740740742 0.08981481481481482
12 0.7092592592592593 0.17037037037037037 0.06388888888888888 0.040740740740740744
12 0.7569444444444444 0.17037037037037037 0.06574074074074074 0.08518518518518518
12 0.7754629629629629 0.22685185185185186 0.07962962962962963 0.06666666666666667
12 0.649537037037037 0.2222222222222222 0.07407407407407407 0.09722222222222222
12 0.6152777777777778 0.15787037037037038 0.08703703703703704 0.05740740740740741
12 0.4638888888888889 0.2625 0.07685185185185185 0.07592592592592592
12 0.38935185185185184 0.274537037037037 0.10925925925925926 0.08981481481481482
12 0.43842592592592594 0.30324074074074076 0.0824074074074074 0.075
12 0.575462962962963 0.38055555555555554 0.0962962962962963 0.07407407407407407
12 0.47129629629629627 0.3726851851851852 0.1175925925925926 0.10092592592592593
12 0.41759259259259257 0.39444444444444443 0.10648148148148148 0.11851851851851852
12 0.32314814814814813 0.5347222222222222 0.08888888888888889 0.07037037037037037
12 0.15138888888888888 0.40555555555555556 0.09444444444444444 0.07407407407407407
12 0.25833333333333336 0.2273148148148148 0.07777777777777778 0.07777777777777778
12 0.2810185185185185 0.31666666666666665 0.08611111111111111 0.06851851851851852
12 0.21203703703703702 0.3402777777777778 0.0824074074074074 0.075
10 0.16342592592592592 0.6347222222222222 0.09907407407407408 0.07777777777777778
10 0.20277777777777778 0.7050925925925926 0.11388888888888889 0.1111111111111111
10 0.6175925925925926 0.7046296296296296 0.1111111111111111 0.10925925925925926
10 0.799074074074074 0.5861111111111111 0.09259259259259259 0.0824074074074074
10 0.7023148148148148 0.47638888888888886 0.07314814814814814 0.075
10 0.600462962962963 0.4930555555555556 0.07962962962962963 0.07962962962962963
10 0.2851851851851852 0.43796296296296294 0.09722222222222222 0.10648148148148148
10 0.3416666666666667 0.41203703703703703 0.07037037037037037 0.08055555555555556
10 0.33287037037037037 0.36527777777777776 0.08518518518518518 0.05462962962962963
10 0.18101851851851852 0.25555555555555554 0.08703703703703704 0.0787037037037037
10 0.6481481481481481 0.33796296296296297 0.09814814814814815 0.08333333333333333
15 0.5458333333333333 0.3060185185185185 0.09537037037037037 0.07314814814814814