14 0.524537037037037 0.5048932384341637 0.937962962962963 0.8327402135231317
9 0.3972222222222222 0.7179715302491103 0.07222222222222222 0.0711743772241993
9 0.3523148148148148 0.5822953736654805 0.07407407407407407 0.07740213523131673
9 0.29259259259259257 0.521797153024911 0.08148148148148149 0.0711743772241993
9 0.2388888888888889 0.40213523131672596 0.07222222222222222 0.05604982206405694
9 0.337037037037037 0.3669928825622776 0.07222222222222222 0.05516014234875445
9 0.36018518518518516 0.2682384341637011 0.07037037037037037 0.06583629893238434
9 0.5537037037037037 0.22909252669039146 0.07407407407407407 0.05338078291814947
9 0.6083333333333333 0.29626334519572955 0.06851851851851852 0.07028469750889679
9 0.5347222222222222 0.3318505338078292 0.05925925925925926 0.05516014234875445
9 0.612037037037037 0.3736654804270463 0.0712962962962963 0.05871886120996441
9 0.6953703703703704 0.3082740213523132 0.08148148148148149 0.07295373665480427
9 0.7893518518518519 0.32161921708185054 0.0712962962962963 0.06583629893238434
9 0.8296296296296296 0.4501779359430605 0.08888888888888889 0.07562277580071175
9 0.7912037037037037 0.5284697508896797 0.08981481481481482 0.08451957295373666
9 0.5277777777777778 0.4332740213523132 0.062037037037037036 0.05604982206405694
9 0.4486111111111111 0.4403914590747331 0.06388888888888888 0.06138790035587188
9 0.4847222222222222 0.5026690391459074 0.07407407407407407 0.06672597864768683
9 0.5333333333333333 0.6379003558718861 0.08611111111111111 0.0800711743772242
9 0.6222222222222222 0.5182384341637011 0.07777777777777778 0.08362989323843416
9 0.7083333333333334 0.6321174377224199 0.0787037037037037 0.06672597864768683