14 0.5 0.5 1 1
15 0.3162037037037037 0.33240611961057026 0.38333333333333336 0.36300417246175243
15 0.8046296296296296 0.4054242002781641 0.34074074074074073 0.2795549374130737
15 0.5092592592592593 0.6828929068150209 0.362962962962963 0.25312934631432543
15 0.9106481481481481 0.6766342141863699 0.1787037037037037 0.2767732962447844
15 0.6212962962962963 0.25591098748261476 0.26851851851851855 0.2545201668984701
0 0.32083333333333336 0.3031988873435327 0.10740740740740741 0.14325452016689846
0 0.5365740740740741 0.6947148817802503 0.09166666666666666 0.08762169680111266
0 0.961574074074074 0.6432545201668984 0.07685185185185185 0.1349095966620306
0 0.7935185185185185 0.39151599443671764 0.1 0.07649513212795549
0 0.6319444444444444 0.22322670375521558 0.07407407407407407 0.10848400556328233
9 0.44814814814814813 0.2955493741307371 0.10092592592592593 0.13073713490959665
9 0.6101851851851852 0.6543810848400556 0.10833333333333334 0.11821974965229486
9 0.888425925925926 0.28720445062586925 0.1037037037037037 0.12517385257301808
9 0.9375 0.13073713490959665 0.0712962962962963 0.0890125173852573
9 0.6916666666666667 0.1592489568845619 0.07037037037037037 0.11543810848400557