14 0.5164351851851852 0.5125173852573018 0.9671296296296297 0.9749652294853964
15 0.3333333333333333 0.2955354659248957 0.36017592592592595 0.29063977746870656
15 0.8104907407407408 0.4697774687065368 0.3237592592592593 0.21492350486787204
15 0.4923055555555556 0.6833240611961057 0.3494259259259259 0.18305980528511823
15 0.9053240740740741 0.763671766342142 0.18935185185185185 0.23945757997218356
15 0.6427314814814815 0.28333796940194717 0.2521388888888889 0.20368567454798328
0 0.3407777777777778 0.26767732962447843 0.0972962962962963 0.12367176634214187
0 0.5182685185185185 0.7003477051460362 0.08653703703703704 0.07107093184979138
0 0.9550925925925926 0.74105702364395 0.08981481481481482 0.11770514603616133
0 0.8005740740740741 0.45375521557719056 0.09560185185185185 0.05770514603616134
0 0.6561851851851851 0.253769123783032 0.06607407407407408 0.0958414464534075
9 0.4675925925925926 0.28681502086230876 0.0916574074074074 0.11325452016689848
9 0.5946296296296296 0.6756606397774687 0.10037037037037037 0.09819193324061196
9 0.9044814814814816 0.3706258692628651 0.09506481481481481 0.10705146036161335
9 0.9678240740740741 0.2269819193324061 0.06435185185185185 0.07705146036161335
9 0.7212129629629629 0.20229485396383864 0.06187037037037037 0.1041585535465925