14 0.5 0.5 1 1
4 0.31203703703703706 0.65 0.2324074074074074 0.16962962962962963
4 0.16805555555555557 0.48333333333333334 0.11851851851851852 0.10814814814814815
4 0.3726851851851852 0.15703703703703703 0.1287037037037037 0.1
4 0.6652777777777777 0.22518518518518518 0.13055555555555556 0.11703703703703704
4 0.5856481481481481 0.1385185185185185 0.1925925925925926 0.14592592592592593
4 0.8944444444444445 0.44814814814814813 0.1935185185185185 0.15481481481481482
4 0.5263888888888889 0.6833333333333333 0.1361111111111111 0.10962962962962963
4 0.6425925925925926 0.5907407407407408 0.2064814814814815 0.16296296296296298
3 0.1986111111111111 0.2537037037037037 0.20092592592592592 0.1562962962962963
3 0.049074074074074076 0.48962962962962964 0.09814814814814815 0.13185185185185186
3 0.43472222222222223 0.13814814814814816 0.11666666666666667 0.14444444444444443