14 0.5 0.4882518518518518 1 0.9458888888888889
4 0.272074074074074 0.6090814814814814 0.19724074074074074 0.1356962962962963
4 0.18320370370370373 0.4195185185185185 0.09356481481481481 0.09236296296296297
4 0.48009259259259257 0.14256296296296297 0.10709259259259259 0.08167407407407408
4 0.7436481481481482 0.2654888888888889 0.1033425925925926 0.10035555555555555
4 0.6924166666666666 0.16576296296296297 0.16137037037037036 0.1181925925925926
4 0.8982592592592593 0.5261481481481481 0.15949074074074074 0.12784444444444445
4 0.47021296296296294 0.6828962962962962 0.11202777777777777 0.09072592592592593
4 0.6109444444444445 0.6157481481481482 0.17125925925925928 0.13420740740740741
3 0.2819537037037037 0.20254074074074074 0.16761111111111113 0.12754814814814813
3 0.04987962962962963 0.39951851851851855 0.09851851851851852 0.11657037037037038
3 0.546138888888889 0.1363851851851852 0.07868518518518519 0.1335111111111111