14 0.5194444444444445 0.5 0.9611111111111111 1
11 0.2013888888888889 0.3012345679012346 0.14351851851851852 0.1654320987654321
11 0.2351851851851852 0.45925925925925926 0.16574074074074074 0.1580246913580247
11 0.3199074074074074 0.6648148148148149 0.20185185185185187 0.23209876543209876
11 0.37222222222222223 0.5067901234567901 0.10833333333333334 0.12962962962962962
11 0.41203703703703703 0.15308641975308643 0.12962962962962962 0.11604938271604938
11 0.5652777777777778 0.11234567901234568 0.14444444444444443 0.12839506172839507
11 0.41759259259259257 0.29814814814814816 0.10462962962962963 0.11358024691358025
1 0.600462962962963 0.5604938271604938 0.18888888888888888 0.13209876543209875
1 0.6763888888888889 0.6808641975308642 0.3712962962962963 0.3308641975308642
1 0.7171296296296297 0.24135802469135803 0.13240740740740742 0.1111111111111111
1 0.750462962962963 0.34814814814814815 0.19444444444444445 0.11481481481481481
1 0.575925925925926 0.35432098765432096 0.13148148148148148 0.16049382716049382
9 0.5069444444444444 0.5098765432098765 0.06666666666666667 0.07654320987654321
9 0.6791666666666667 0.24753086419753087 0.03981481481481482 0.05308641975308642
9 0.7481481481481481 0.26666666666666666 0.041666666666666664 0.05802469135802469
9 0.26064814814814813 0.43950617283950616 0.06574074074074074 0.05308641975308642
4 0.32546296296296295 0.3617283950617284 0.17592592592592593 0.19382716049382717
4 0.49722222222222223 0.43703703703703706 0.16203703703703703 0.20987654320987653
4 0.43703703703703706 0.6746913580246914 0.2851851851851852 0.26296296296296295
4 0.7222222222222222 0.44938271604938274 0.23333333333333334 0.21481481481481482
4 0.5564814814814815 0.19814814814814816 0.18333333333333332 0.1654320987654321
4 0.35462962962962963 0.2074074074074074 0.08981481481481482 0.07160493827160494