14 0.5 0.5 1 1
15 0.29953703703703705 0.38317107093184977 0.40185185185185185 0.44367176634214184
15 0.7888888888888889 0.32684283727399166 0.35185185185185186 0.35465924895688455
15 0.5305555555555556 0.6780250347705146 0.36944444444444446 0.33518776077885953
15 0.9125 0.5625869262865091 0.175 0.3157162726008345
15 0.5912037037037037 0.22739916550764952 0.2814814814814815 0.31154381084840055
0 0.30092592592592593 0.3532684283727399 0.1175925925925926 0.1627260083449235
0 0.5587962962962963 0.6821974965229486 0.0962962962962963 0.1070931849791377
0 0.9638888888888889 0.5173852573018081 0.07222222222222222 0.15299026425591097
0 0.7763888888888889 0.31641168289290683 0.10277777777777777 0.09874826147426982
0 0.5976851851851852 0.1933240611961057 0.0824074074074074 0.12239221140472879
9 0.425462962962963 0.31223922114047287 0.11018518518518519 0.14881780250347706
9 0.6259259259259259 0.6230876216968011 0.11574074074074074 0.1404728789986092
9 0.8578703703703704 0.18915159944367177 0.11203703703703703 0.14603616133518776
9 0.887962962962963 0.0368567454798331 0.07777777777777778 0.0737134909596662
9 0.649074074074074 0.11404728789986092 0.07962962962962963 0.12795549374130738