14 0.5 0.5 1 1
4 0.2875 0.6274074074074074 0.21388888888888888 0.1511111111111111
4 0.17453703703703705 0.4462962962962963 0.10555555555555556 0.1
4 0.43333333333333335 0.14629629629629629 0.11666666666666667 0.09037037037037036
4 0.711574074074074 0.2462962962962963 0.11574074074074074 0.10814814814814815
4 0.6476851851851851 0.1514814814814815 0.17592592592592593 0.13111111111111112
4 0.899537037037037 0.4925925925925926 0.175 0.14074074074074075
4 0.49444444444444446 0.6844444444444444 0.12314814814814815 0.09925925925925926
4 0.625462962962963 0.605925925925926 0.18796296296296297 0.1474074074074074
3 0.24444444444444444 0.2222222222222222 0.18333333333333332 0.14148148148148149
3 0.047685185185185185 0.4374074074074074 0.09537037037037037 0.1237037037037037
3 0.4981481481481482 0.13444444444444445 0.09537037037037037 0.13925925925925925