14 0.4434166666666667 0.5 0.7312777777777778 1
15 0.46017592592592593 0.2685925925925926 0.15985185185185183 0.14607407407407408
15 0.28614814814814815 0.45654814814814815 0.18218518518518517 0.10222962962962963
15 0.37378703703703703 0.5748518518518518 0.13522222222222222 0.10674814814814816
15 0.38766666666666666 0.7783777777777777 0.13212962962962962 0.11872592592592593
15 0.537 0.7020592592592593 0.15918518518518518 0.12905185185185186
15 0.601787037037037 0.8593925925925926 0.17764814814814817 0.12272592592592593
9 0.4759259259259259 0.5953481481481482 0.04937962962962963 0.053903703703703704
9 0.3876851851851852 0.6561037037037037 0.05808333333333333 0.04702222222222222
9 0.6968333333333334 0.7657703703703703 0.0714537037037037 0.04906666666666666
9 0.6468518518518519 0.6879703703703703 0.05790740740740741 0.04654814814814815
9 0.6693796296296296 0.9324888888888888 0.04739814814814815 0.051644444444444444
9 0.4651296296296296 0.16212592592592592 0.04630555555555555 0.06648148148148147
9 0.2975925925925926 0.19324444444444444 0.05073148148148148 0.039822222222222224
9 0.6928333333333333 0.35082222222222226 0.04491666666666667 0.02905185185185185
4 0.5425277777777777 0.4716370370370371 0.33072222222222225 0.2657407407407407
4 0.29356481481481483 0.33873333333333333 0.14762037037037037 0.10857777777777779
4 0.3848888888888889 0.6753777777777777 0.13275 0.07568888888888889
15 0.6360277777777777 0.3197333333333333 0.11412962962962964 0.10201481481481481
9 0.5572314814814814 0.25392592592592594 0.043898148148148144 0.04682222222222222
9 0.5970648148148149 0.3005037037037037 0.06512037037037037 0.04512592592592593
15 0.538074074074074 0.4955777777777778 0.1207962962962963 0.11198518518518519
9 0.5673796296296296 0.5977037037037037 0.07255555555555555 0.049074074074074076
12 0.7362407407407408 0.4693777777777777 0.06126851851851852 0.0449037037037037
12 0.7373148148148148 0.5332148148148148 0.06507407407407408 0.0763925925925926
9 0.47709259259259257 0.44436296296296296 0.057277777777777775 0.040296296296296295
12 0.2267962962962963 0.3030222222222222 0.045953703703703705 0.03414074074074074
12 0.34064814814814814 0.7087407407407407 0.10165740740740742 0.049466666666666666
12 0.29547222222222225 0.12853333333333333 0.08813888888888889 0.07437777777777778