14 0.4680462962962963 0.4936962962962963 0.9361018518518519 0.9874
11 0.10510185185185186 0.054518518518518515 0.0575462962962963 0.06323703703703704
11 0.10987037037037037 0.1411111111111111 0.05841666666666667 0.04559259259259259
11 0.3778055555555555 0.02762222222222222 0.0565 0.047607407407407404
11 0.5015833333333334 0.07517037037037037 0.06552777777777777 0.0524962962962963
11 0.6266666666666666 0.022414814814814814 0.06847222222222223 0.04413333333333333
11 0.7222685185185185 0.06614074074074075 0.06450925925925927 0.048325925925925925
11 0.8087592592592593 0.06805185185185185 0.05100925925925926 0.04173333333333334
11 0.9030555555555555 0.08124444444444445 0.053120370370370366 0.05422962962962963
11 0.8287037037037037 0.1869185185185185 0.0735462962962963 0.05394814814814815
11 0.5486296296296296 0.1489185185185185 0.06852777777777778 0.057748148148148146
11 0.2522962962962963 0.15585925925925925 0.07869444444444444 0.057748148148148146
11 0.25273148148148145 0.2230148148148148 0.05354629629629629 0.042866666666666664
11 0.40794444444444444 0.2854888888888889 0.05171296296296297 0.05678518518518518
11 0.43287037037037035 0.19577037037037037 0.05386111111111111 0.04736296296296296
11 0.6613518518518519 0.2342962962962963 0.051111111111111114 0.04808148148148148
11 0.7250833333333334 0.2939925925925926 0.048462962962962965 0.04256296296296296
11 0.8592685185185185 0.27056296296296295 0.0782962962962963 0.04775555555555556
11 0.8670740740740741 0.3616666666666667 0.05921296296296297 0.04607407407407407
11 0.8796481481481482 0.47099259259259263 0.058333333333333334 0.04961481481481482
11 0.7916388888888889 0.5376296296296296 0.04712037037037037 0.0441037037037037
11 0.8833333333333333 0.5492518518518519 0.061370370370370374 0.04306666666666667
11 0.7695185185185186 0.7061259259259259 0.06361111111111112 0.05149629629629629
11 0.8581851851851852 0.7316370370370371 0.06312037037037037 0.05046666666666667
11 0.9000185185185186 0.8350592592592592 0.05572222222222222 0.04914074074074074
11 0.8195925925925925 0.9235629629629629 0.06400925925925925 0.06654814814814815
11 0.8729444444444444 0.9669481481481482 0.08083333333333333 0.04922222222222222
11 0.7053611111111111 0.7847407407407408 0.056712962962962965 0.05258518518518518
11 0.43330555555555555 0.7201851851851852 0.06339814814814815 0.048377777777777776
11 0.4547685185185185 0.7753481481481481 0.05862037037037037 0.0564
11 0.4864166666666667 0.6630888888888888 0.04385185185185185 0.04868888888888889
11 0.5531851851851852 0.6934444444444444 0.03861111111111112 0.039792592592592595
11 0.5848333333333333 0.5902074074074074 0.058527777777777776 0.0417037037037037
11 0.5371388888888889 0.4347259259259259 0.04988888888888889 0.036059259259259256
11 0.6143055555555555 0.4741185185185185 0.06544444444444444 0.04891851851851852
11 0.60325 0.35472592592592594 0.07369444444444445 0.04607407407407407
11 0.3366203703703704 0.4428814814814815 0.06953703703703704 0.05584444444444445
11 0.29001851851851856 0.37624444444444444 0.05873148148148148 0.04747407407407408
11 0.13480555555555557 0.3339037037037037 0.060564814814814814 0.04605925925925926
11 0.13653703703703704 0.4465259259259259 0.06403703703703703 0.059666666666666666
11 0.2334351851851852 0.43177037037037036 0.054 0.03362222222222222
11 0.2722407407407407 0.5032666666666666 0.0665462962962963 0.03782962962962963
11 0.43980555555555556 0.5405777777777777 0.05038888888888889 0.046533333333333336
11 0.12287962962962963 0.5357185185185186 0.06707407407407408 0.050696296296296295
11 0.1152962962962963 0.6252592592592593 0.06491666666666666 0.03548148148148148
11 0.10359259259259258 0.719837037037037 0.05018518518518519 0.040740740740740744
11 0.11052777777777778 0.8121555555555556 0.0640462962962963 0.04496296296296297
11 0.21609259259259259 0.7970592592592592 0.05400925925925926 0.05294074074074074
11 0.38735185185185184 0.8822666666666666 0.07555555555555556 0.07137777777777778
11 0.3394351851851852 0.8033037037037037 0.05003703703703704 0.037674074074074075
11 0.2683425925925926 0.9141925925925927 0.060472222222222226 0.05474814814814814
11 0.49074999999999996 0.9157555555555555 0.06987037037037036 0.0544
15 0.14781481481481482 0.4152888888888889 0.05188888888888889 0.024940740740740742
15 0.18206481481481482 0.15134814814814815 0.059666666666666666 0.041777777777777775
15 0.15300925925925926 0.21156296296296298 0.07962962962962963 0.05465925925925926
15 0.3645833333333333 0.1935185185185185 0.06908333333333333 0.04631851851851852
15 0.4493425925925926 0.10622962962962963 0.05212037037037037 0.04869629629629629
15 0.6433611111111112 0.10813333333333333 0.06282407407407407 0.042103703703703706
15 0.5520925925925926 0.3168962962962963 0.05812037037037037 0.04674074074074074
15 0.6251481481481481 0.3012740740740741 0.061101851851851845 0.03631851851851852
15 0.6969074074074074 0.36791111111111113 0.05282407407407407 0.03080740740740741
15 0.7703888888888889 0.21225925925925926 0.06534259259259259 0.042162962962962965
15 0.4755740740740741 0.23012592592592593 0.04819444444444444 0.025866666666666666
15 0.3205740740740741 0.7063037037037037 0.08081481481481481 0.04837037037037037
15 0.39905555555555555 0.7788370370370371 0.05562037037037037 0.061599999999999995
15 0.5206574074074074 0.6219703703703704 0.10366666666666666 0.06705925925925926
15 0.6895370370370371 0.5673037037037038 0.04675925925925926 0.03752592592592592
15 0.7794907407407408 0.5969777777777777 0.05753703703703704 0.04482962962962963
15 0.9344814814814815 0.6886 0.07694444444444444 0.04766666666666666
15 0.8620833333333333 0.6134666666666666 0.06225000000000001 0.09516296296296296
15 0.7090462962962962 0.8697703703703704 0.059750000000000004 0.049162962962962964
15 0.7820925925925926 0.8295111111111111 0.06273148148148149 0.051918518518518524
15 0.6934259259259259 0.7210518518518518 0.08057407407407408 0.06052592592592592
15 0.6208055555555556 0.8777481481481482 0.08712037037037038 0.044311111111111114
15 0.547537037037037 0.9138518518518519 0.08803703703703704 0.07487407407407408
15 0.3242685185185185 0.9206148148148148 0.04916666666666667 0.06411851851851852
15 0.1198425925925926 0.8498074074074075 0.06967592592592593 0.03353333333333334
15 0.22237962962962962 0.8607407407407407 0.07958333333333334 0.04499259259259259
15 0.4148703703703704 0.8286444444444445 0.08292592592592593 0.05365185185185186
15 0.4733981481481481 0.4550296296296296 0.08722222222222223 0.05931851851851852
15 0.553611111111111 0.408 0.06549074074074074 0.04505925925925926
15 0.5258611111111111 0.36149629629629626 0.09672222222222222 0.0492
15 0.7528333333333332 0.5053481481481482 0.051916666666666667 0.042
15 0.2841111111111111 0.05745925925925925 0.06918518518518518 0.0634074074074074
15 0.9064907407407408 0.3023851851851852 0.06391666666666666 0.051896296296296295
15 0.9275462962962963 0.4854074074074074 0.04875 0.06214074074074074
15 0.949824074074074 0.7887481481481481 0.046120370370370374 0.07042222222222222
15 0.15487962962962964 0.7465111111111111 0.0701574074074074 0.061422222222222225
15 0.323037037037037 0.7645555555555557 0.09312037037037037 0.05168888888888889
15 0.6009629629629629 0.9684148148148147 0.04924074074074074 0.06317037037037038
15 0.9411203703703703 0.9451037037037038 0.045564814814814815 0.03811851851851852
15 0.8773888888888889 0.8664000000000001 0.05625925925925926 0.03974074074074074
15 0.8185277777777777 0.6849777777777778 0.0632037037037037 0.0920074074074074
15 0.6053611111111111 0.6321851851851852 0.06139814814814815 0.053799999999999994
15 0.6614166666666667 0.6476074074074074 0.06905555555555555 0.06848148148148149
15 0.3193796296296296 0.562837037037037 0.16330555555555556 0.060666666666666674
15 0.05914814814814815 0.5194814814814814 0.06401851851851852 0.06828888888888889
15 0.06719444444444443 0.5748222222222222 0.059898148148148145 0.06306666666666667
15 0.1719074074074074 0.570325925925926 0.057055555555555554 0.06485925925925926
15 0.19202777777777777 0.4701555555555556 0.0737037037037037 0.07207407407407407
15 0.39405555555555555 0.481162962962963 0.10376851851851851 0.06443703703703703
15 0.6632870370370371 0.45480740740740744 0.08626851851851852 0.09797777777777779
15 0.5875740740740741 0.22393333333333335 0.09996296296296296 0.07559259259259259
15 0.49372222222222223 0.18282222222222222 0.08408333333333333 0.049970370370370366
15 0.8494074074074074 0.10643703703703704 0.06431481481481481 0.05893333333333334
15 0.15450925925925926 0.07400740740740741 0.055935185185185185 0.06146666666666667
11 0.35083333333333333 0.6354518518518518 0.06448148148148149 0.06302962962962963
11 0.2401296296296296 0.9751555555555556 0.0822962962962963 0.0496962962962963
11 0.10696296296296295 0.9195703703703704 0.08215740740740742 0.06521481481481482
11 0.24583333333333332 0.6861777777777778 0.05592592592592593 0.05605925925925927
11 0.21326851851851852 0.6374962962962963 0.052175925925925924 0.045562962962962965
11 0.41549074074074077 0.37834814814814816 0.07587037037037037 0.06635555555555556
11 0.7053981481481482 0.5948888888888889 0.055935185185185185 0.049296296296296296