14 0.5190555555555556 0.5219135802469136 0.9029259259259259 0.9561728395061728
11 0.21535185185185185 0.26754320987654323 0.13348148148148148 0.1511358024691358
11 0.23872222222222222 0.4287037037037037 0.15706481481481482 0.14012345679012345
11 0.30998148148148147 0.6429753086419753 0.18849074074074074 0.21064197530864198
11 0.37248148148148147 0.491679012345679 0.10051851851851852 0.11793827160493828
11 0.43495370370370373 0.14403703703703705 0.12361111111111112 0.10166666666666666
11 0.5904537037037038 0.12150617283950617 0.13832407407407407 0.11214814814814815
11 0.43125925925925923 0.2894567901234568 0.09769444444444444 0.10237037037037038
1 0.5962314814814814 0.5716419753086419 0.18228703703703705 0.11118518518518519
1 0.6637777777777778 0.7009382716049383 0.35439814814814813 0.2907037037037037
1 0.733 0.26783950617283947 0.12712037037037036 0.09618518518518518
1 0.7593703703703704 0.3777530864197531 0.18912037037037038 0.09377777777777777
1 0.585138888888889 0.36386419753086424 0.12304629629629628 0.14625925925925926
9 0.5062407407407408 0.5108148148148148 0.06247222222222222 0.06977777777777779
9 0.6948333333333333 0.2690740740740741 0.03689814814814815 0.04925925925925926
9 0.7626388888888889 0.2962469135802469 0.038240740740740735 0.05420987654320987
9 0.2655740740740741 0.41201234567901235 0.0626388888888889 0.04502469135802469
4 0.33498148148148144 0.341641975308642 0.16440740740740742 0.17587654320987656
4 0.5013611111111111 0.4367407407407407 0.1499537037037037 0.19323456790123458
4 0.42567592592592596 0.6664444444444445 0.2717222222222222 0.23288888888888887
4 0.7246574074074074 0.47533333333333333 0.22153703703703703 0.19017283950617284
4 0.5761018518518519 0.20609876543209876 0.17442592592592593 0.1455432098765432
4 0.3743333333333333 0.19158024691358025 0.08570370370370371 0.06093827160493827