14 0.5 0.5 1 1
15 0.5615740740740741 0.2714814814814815 0.21203703703703702 0.18074074074074073
15 0.3175925925925926 0.40074074074074073 0.21481481481481482 0.14592592592592593
15 0.34953703703703703 0.5359259259259259 0.17222222222222222 0.13703703703703704
15 0.27546296296296297 0.7307407407407407 0.175 0.1474074074074074
15 0.4486111111111111 0.7 0.20462962962962963 0.16444444444444445
15 0.44212962962962965 0.8655555555555555 0.21944444444444444 0.16444444444444445
9 0.43657407407407406 0.582962962962963 0.07037037037037037 0.06444444444444444
9 0.3277777777777778 0.6159259259259259 0.075 0.06
9 0.5712962962962963 0.8037037037037037 0.08796296296296297 0.06518518518518518
9 0.5574074074074075 0.7166666666666667 0.075 0.06
9 0.4740740740740741 0.9525925925925925 0.06759259259259259 0.061481481481481484
9 0.611574074074074 0.17296296296296296 0.07222222222222222 0.07555555555555556
9 0.44074074074074077 0.1562962962962963 0.06481481481481481 0.051111111111111114
9 0.7449074074074075 0.41259259259259257 0.05462962962962963 0.03925925925925926
4 0.5523148148148148 0.4848148148148148 0.425 0.34074074074074073
4 0.375 0.29185185185185186 0.18518518518518517 0.14296296296296296
4 0.31666666666666665 0.6333333333333333 0.15648148148148147 0.10740740740740741
15 0.7050925925925926 0.36777777777777776 0.15092592592592594 0.12666666666666668
9 0.6587962962962963 0.28444444444444444 0.062037037037037036 0.056296296296296296
9 0.6763888888888889 0.33925925925925926 0.08055555555555556 0.06
15 0.5375 0.5062962962962962 0.16111111111111112 0.1385185185185185
9 0.5217592592592593 0.6103703703703703 0.08888888888888889 0.06592592592592593
12 0.7351851851851852 0.5359259259259259 0.07685185185185185 0.05925925925925926
12 0.7087962962962963 0.5962962962962963 0.09351851851851851 0.08962962962962963
9 0.5023148148148148 0.4414814814814815 0.0712962962962963 0.05333333333333334
12 0.32731481481481484 0.24 0.058333333333333334 0.044444444444444446
12 0.2611111111111111 0.6525925925925926 0.11666666666666667 0.07481481481481482
12 0.4666666666666667 0.09481481481481481 0.11481481481481481 0.09407407407407407