14 0.5 0.5 1 1
11 0.19675925925925927 0.02259259259259259 0.06944444444444445 0.04518518518518518
11 0.18472222222222223 0.09666666666666666 0.06666666666666667 0.05185185185185185
11 0.47129629629629627 0.02259259259259259 0.06481481481481481 0.04518518518518518
11 0.5847222222222223 0.08074074074074074 0.075 0.06
11 0.7185185185185186 0.04407407407407407 0.07592592592592592 0.052592592592592594
11 0.8041666666666667 0.09925925925925926 0.07314814814814814 0.05555555555555555
11 0.8893518518518518 0.11185185185185186 0.058333333333333334 0.047407407407407405
11 0.9740740740740741 0.13666666666666666 0.05185185185185185 0.06
11 0.8856481481481482 0.23185185185185186 0.08333333333333333 0.06296296296296296
11 0.6166666666666667 0.15925925925925927 0.0787037037037037 0.06592592592592593
11 0.3226851851851852 0.12925925925925927 0.08888888888888889 0.06666666666666667
11 0.30972222222222223 0.19555555555555557 0.06111111111111111 0.04888888888888889
11 0.45092592592592595 0.27666666666666667 0.062037037037037036 0.06296296296296296
11 0.4930555555555556 0.19111111111111112 0.06296296296296296 0.05333333333333334
11 0.7111111111111111 0.2577777777777778 0.06018518518518518 0.05407407407407407
11 0.7625 0.32481481481481483 0.05555555555555555 0.04814814814814815
11 0.899537037037037 0.31851851851851853 0.08611111111111111 0.056296296296296296
11 0.8898148148148148 0.40925925925925927 0.06759259259259259 0.052592592592592594
11 0.8805555555555555 0.5188888888888888 0.06759259259259259 0.056296296296296296
11 0.7805555555555556 0.5737037037037037 0.05462962962962963 0.04962962962962963
11 0.8689814814814815 0.5966666666666667 0.06851851851851852 0.05037037037037037
11 0.725925925925926 0.7374074074074074 0.07222222222222222 0.05851851851851852
11 0.8083333333333333 0.7737037037037037 0.07222222222222222 0.057777777777777775
11 0.8296296296296296 0.8811111111111111 0.06481481481481481 0.05555555555555555
11 0.7328703703703704 0.9585185185185185 0.07592592592592592 0.07407407407407407
11 0.7768518518518519 0.9888888888888889 0.08888888888888889 0.022222222222222223
11 0.6472222222222223 0.807037037037037 0.06574074074074074 0.05925925925925926
11 0.3912037037037037 0.7092592592592593 0.0712962962962963 0.05555555555555555
11 0.4013888888888889 0.7662962962962963 0.06944444444444445 0.06296296296296296
11 0.4546296296296296 0.6592592592592592 0.05277777777777778 0.05333333333333334
11 0.5148148148148148 0.6977777777777778 0.04537037037037037 0.044444444444444446
11 0.5662037037037037 0.5996296296296296 0.06574074074074074 0.04814814814814815
11 0.549537037037037 0.44 0.05648148148148148 0.04148148148148148
11 0.6180555555555556 0.4888888888888889 0.07407407407407407 0.056296296296296296
11 0.6305555555555555 0.36925925925925923 0.08148148148148149 0.054814814814814816
11 0.35 0.422962962962963 0.07962962962962963 0.06444444444444444
11 0.31666666666666665 0.3514814814814815 0.06666666666666667 0.05407407407407407
11 0.17175925925925925 0.2903703703703704 0.06851851851851852 0.052592592592592594
11 0.15138888888888888 0.40185185185185185 0.075 0.06666666666666667
11 0.25 0.39925925925925926 0.06018518518518518 0.04
11 0.274537037037037 0.4748148148148148 0.07314814814814814 0.045925925925925926
11 0.4324074074074074 0.5325925925925926 0.058333333333333334 0.052592592592592594
11 0.12037037037037036 0.48814814814814816 0.07685185185185185 0.05851851851851852
11 0.09537037037037037 0.5755555555555556 0.0712962962962963 0.04296296296296296
11 0.06527777777777778 0.6674074074074074 0.05740740740740741 0.04666666666666667
11 0.05416666666666667 0.7596296296296297 0.07222222222222222 0.052592592592592594
11 0.16157407407407406 0.7577777777777778 0.06388888888888888 0.05925925925925926
11 0.3138888888888889 0.8633333333333333 0.08796296296296297 0.08
11 0.28194444444444444 0.7796296296296297 0.05648148148148148 0.0437037037037037
11 0.19027777777777777 0.88 0.07037037037037037 0.061481481481481484
11 0.4097222222222222 0.9096296296296297 0.07962962962962963 0.06222222222222222
15 0.1685185185185185 0.37222222222222223 0.05648148148148148 0.03111111111111111
15 0.25416666666666665 0.11592592592592593 0.06759259259259259 0.04888888888888889
15 0.21388888888888888 0.17185185185185184 0.08981481481481482 0.0637037037037037
15 0.4263888888888889 0.18037037037037038 0.07777777777777778 0.054814814814814816
15 0.5268518518518519 0.10481481481481482 0.06111111111111111 0.05407407407407407
15 0.7180555555555556 0.13074074074074074 0.07037037037037037 0.04888888888888889
15 0.587037037037037 0.32555555555555554 0.06666666666666667 0.05333333333333334
15 0.6625 0.31925925925925924 0.06759259259259259 0.0437037037037037
15 0.7203703703703703 0.3940740740740741 0.058333333333333334 0.037037037037037035
15 0.8231481481481482 0.24962962962962962 0.07222222222222222 0.04962962962962963
15 0.5287037037037037 0.23037037037037036 0.05277777777777778 0.03185185185185185
15 0.2824074074074074 0.6814814814814815 0.08888888888888889 0.057777777777777775
15 0.3458333333333333 0.7625925925925926 0.06666666666666667 0.0674074074074074
15 0.49675925925925923 0.6229629629629629 0.11574074074074074 0.07925925925925927
15 0.674074074074074 0.5903703703703703 0.053703703703703705 0.04296296296296296
15 0.7569444444444444 0.6307407407407407 0.06574074074074074 0.051111111111111114
15 0.8921296296296296 0.7407407407407407 0.08518518518518518 0.05703703703703704
15 0.8356481481481481 0.6574074074074074 0.08055555555555556 0.10148148148148148
15 0.6342592592592593 0.8914814814814814 0.06851851851851852 0.05555555555555555
15 0.7143518518518519 0.8607407407407407 0.07222222222222222 0.05925925925925926
15 0.6476851851851851 0.7425925925925926 0.09166666666666666 0.06962962962962962
15 0.5453703703703704 0.8881481481481481 0.09537037037037037 0.054814814814814816
15 0.46620370370370373 0.9148148148148149 0.10185185185185185 0.08518518518518518
15 0.2439814814814815 0.8933333333333333 0.06111111111111111 0.06888888888888889
15 0.056018518518518516 0.7977777777777778 0.075 0.04148148148148148
15 0.1550925925925926 0.8214814814814815 0.08703703703703704 0.05407407407407407
15 0.35185185185185186 0.8140740740740741 0.09259259259259259 0.0637037037037037
15 0.4824074074074074 0.45222222222222225 0.09722222222222222 0.06962962962962962
15 0.5708333333333333 0.4159259259259259 0.07314814814814814 0.052592592592592594
15 0.5527777777777778 0.3662962962962963 0.10462962962962963 0.06074074074074074
15 0.7486111111111111 0.5370370370370371 0.05925925925925926 0.04814814814814815
15 0.3731481481481482 0.035925925925925924 0.08055555555555556 0.07111111111111111
15 0.9402777777777778 0.35555555555555557 0.07407407407407407 0.05925925925925926
15 0.925 0.5392592592592592 0.06018518518518518 0.0674074074074074
15 0.887962962962963 0.8414814814814815 0.05925925925925926 0.07555555555555556
15 0.1111111111111111 0.7003703703703704 0.08148148148148149 0.06962962962962962
15 0.27361111111111114 0.7392592592592593 0.10185185185185185 0.06296296296296296
15 0.5083333333333333 0.9703703703703703 0.06111111111111111 0.05925925925925926
15 0.8486111111111111 0.9862962962962963 0.05277777777777778 0.027407407407407408
15 0.8009259259259259 0.9092592592592592 0.06388888888888888 0.045925925925925926
15 0.7782407407407408 0.7225925925925926 0.08055555555555556 0.09851851851851852
15 0.5782407407407407 0.6437037037037037 0.0712962962962963 0.06074074074074074
15 0.6305555555555555 0.6659259259259259 0.08148148148148149 0.07629629629629629
15 0.30925925925925923 0.5396296296296297 0.17314814814814813 0.08074074074074074
15 0.060648148148148145 0.4640740740740741 0.07685185185185185 0.07555555555555556
15 0.05787037037037037 0.5196296296296297 0.07222222222222222 0.07037037037037037
15 0.16203703703703703 0.5285185185185185 0.06851851851851852 0.07111111111111111
15 0.20185185185185187 0.4318518518518519 0.08611111111111111 0.08
15 0.3990740740740741 0.46814814814814815 0.11481481481481481 0.07629629629629629
15 0.6699074074074074 0.4759259259259259 0.10462962962962963 0.10740740740740741
15 0.6402777777777777 0.23814814814814814 0.11388888888888889 0.0874074074074074
15 0.5560185185185185 0.18592592592592594 0.09259259259259259 0.06
15 0.9222222222222223 0.15518518518518518 0.075 0.06592592592592593
15 0.24212962962962964 0.035925925925925924 0.06666666666666667 0.0674074074074074
11 0.3263888888888889 0.6151851851851852 0.07592592592592592 0.07037037037037037
11 0.15046296296296297 0.9366666666666666 0.09074074074074075 0.05925925925925926
11 0.038425925925925926 0.8648148148148148 0.07685185185185185 0.07481481481481482
11 0.2125 0.6522222222222223 0.06666666666666667 0.06296296296296296
11 0.18981481481481483 0.6 0.06111111111111111 0.051111111111111114
11 0.44027777777777777 0.36925925925925923 0.08796296296296297 0.07555555555555556
11 0.6842592592592592 0.6192592592592593 0.06481481481481481 0.05555555555555555