14 0.5 0.5 1 1
2 0.37407407407407406 0.7344983089064262 0.2212962962962963 0.28635851183765504
2 0.2814814814814815 0.40529875986471253 0.13703703703703704 0.1273957158962796
2 0.3736111111111111 0.2919954904171364 0.18425925925925926 0.17700112739571588
2 0.49074074074074076 0.3337091319052988 0.1425925925925926 0.16347237880496054
2 0.7106481481481481 0.41488162344983087 0.13703703703703704 0.20180383314543404
2 0.5175925925925926 0.5056369785794814 0.18333333333333332 0.1871476888387824
15 0.4361111111111111 0.8579481397970687 0.1814814814814815 0.13979706877113868
15 0.5976851851851852 0.7282976324689966 0.14537037037037037 0.16347237880496054
15 0.6759259259259259 0.5236753100338218 0.1111111111111111 0.1375422773393461
15 0.611574074074074 0.5496054114994363 0.08333333333333333 0.10710259301014656
15 0.44675925925925924 0.5648252536640361 0.12129629629629629 0.13641488162344984
15 0.28888888888888886 0.6651634723788049 0.10740740740740741 0.19052987598647125
15 0.7041666666666667 0.19165727170236754 0.11296296296296296 0.09131905298759865
15 0.5435185185185185 0.24408117249154454 0.1111111111111111 0.10259301014656144
15 0.6736111111111112 0.29368658399098085 0.0962962962962963 0.1600901916572717
15 0.5907407407407408 0.37711386696730553 0.11666666666666667 0.14430665163472378
15 0.35185185185185186 0.45659526493799324 0.13703703703703704 0.161217587373168
15 0.3060185185185185 0.27282976324689967 0.07592592592592592 0.08229988726042842
4 0.4898148148148148 0.12795941375422773 0.11388888888888889 0.14317925591882752
4 0.7509259259259259 0.6426155580608793 0.15833333333333333 0.161217587373168
4 0.5277777777777778 0.6437429537767756 0.12129629629629629 0.0992108229988726
4 0.35462962962962963 0.6076662908680946 0.07962962962962963 0.10259301014656144
4 0.5092592592592593 0.4492671927846674 0.13425925925925927 0.10822998872604284
4 0.5148148148148148 0.741826381059752 0.08518518518518518 0.11386696730552424