14 0.5 0.5 1 1
12 0.5550925925925926 0.31712962962962965 0.1685185185185185 0.26481481481481484
12 0.2675925925925926 0.4217592592592593 0.1925925925925926 0.3055555555555556
12 0.3851851851851852 0.22407407407407406 0.17314814814814813 0.22037037037037038
12 0.6625 0.425462962962963 0.17777777777777778 0.3824074074074074
12 0.8300925925925926 0.538425925925926 0.19444444444444445 0.337037037037037
12 0.700462962962963 0.6101851851851852 0.19166666666666668 0.3
12 0.5138888888888888 0.6541666666666667 0.16111111111111112 0.3287037037037037
12 0.39861111111111114 0.5768518518518518 0.15462962962962962 0.275
8 0.5976851851851852 0.7893518518518519 0.12777777777777777 0.12777777777777777
8 0.4361111111111111 0.3648148148148148 0.16018518518518518 0.13796296296296295
8 0.3726851851851852 0.763425925925926 0.15 0.16296296296296298
8 0.3148148148148148 0.5791666666666667 0.11296296296296296 0.1111111111111111
8 0.65 0.32083333333333336 0.12685185185185185 0.1287037037037037
8 0.6129629629629629 0.4060185185185185 0.15 0.13055555555555556
8 0.775 0.45694444444444443 0.14722222222222223 0.1425925925925926
8 0.7351851851851852 0.6666666666666666 0.1287037037037037 0.12407407407407407
8 0.48518518518518516 0.5171296296296296 0.13796296296296295 0.1398148148148148
8 0.3337962962962963 0.25277777777777777 0.12685185185185185 0.13703703703703704