14 0.5 0.6674074074074074 1 0.6651851851851852
14 0.7398148148148148 0.2696296296296296 0.5203703703703704 0.28888888888888886
14 0.13796296296296295 0.1448148148148148 0.20925925925925926 0.18962962962962962
12 0.40879629629629627 0.4888888888888889 0.0712962962962963 0.03925925925925926
12 0.17916666666666667 0.5448148148148149 0.07685185185185185 0.056296296296296296
12 0.21435185185185185 0.6333333333333333 0.10185185185185185 0.06518518518518518
12 0.24768518518518517 0.6885185185185185 0.06759259259259259 0.07481481481481482
12 0.4185185185185185 0.692962962962963 0.28055555555555556 0.07111111111111111
12 0.6069444444444444 0.8148148148148148 0.19722222222222222 0.0437037037037037
12 0.5962962962962963 0.6466666666666666 0.12685185185185185 0.08888888888888889
12 0.7652777777777777 0.6355555555555555 0.09444444444444444 0.12444444444444444
3 0.36157407407407405 0.7392592592592593 0.08148148148148149 0.05185185185185185
3 0.49398148148148147 0.8103703703703704 0.11481481481481481 0.08962962962962963
3 0.6240740740740741 0.7244444444444444 0.13425925925925927 0.08222222222222222
3 0.7939814814814815 0.6481481481481481 0.05740740740740741 0.07777777777777778
3 0.5074074074074074 0.5362962962962963 0.0712962962962963 0.04814814814814815
3 0.12546296296296297 0.457037037037037 0.05648148148148148 0.042222222222222223
3 0.2712962962962963 0.4825925925925926 0.05555555555555555 0.0437037037037037
3 0.11481481481481481 0.6222222222222222 0.08518518518518518 0.05851851851851852
3 0.36435185185185187 0.6051851851851852 0.07777777777777778 0.061481481481481484
3 0.4476851851851852 0.6344444444444445 0.07037037037037037 0.040740740740740744
4 0.6365740740740741 0.24814814814814815 0.05925925925925926 0.02962962962962963
4 0.6680555555555555 0.20296296296296296 0.049074074074074076 0.03333333333333333
4 0.7703703703703704 0.2088888888888889 0.032407407407407406 0.0362962962962963
4 0.7754629629629629 0.32407407407407407 0.06111111111111111 0.04
4 0.9194444444444444 0.25074074074074076 0.049074074074074076 0.03185185185185185
4 0.8111111111111111 0.26814814814814814 0.04814814814814815 0.02962962962962963
4 0.07083333333333333 0.15259259259259259 0.05185185185185185 0.03333333333333333
4 0.11203703703703703 0.11518518518518518 0.13055555555555556 0.034074074074074076
12 0.6856481481481481 0.5807407407407408 0.0962962962962963 0.10518518518518519
12 0.7486111111111111 0.5722222222222222 0.0712962962962963 0.04518518518518518
12 0.6337962962962963 0.5811111111111111 0.05462962962962963 0.042222222222222223
12 0.5935185185185186 0.5259259259259259 0.08703703703703704 0.07629629629629629
12 0.38055555555555554 0.5774074074074074 0.11296296296296296 0.0437037037037037
12 0.4375 0.5351851851851852 0.06574074074074074 0.042222222222222223
12 0.2101851851851852 0.7381481481481481 0.07685185185185185 0.056296296296296296
12 0.4263888888888889 0.7374074074074074 0.07222222222222222 0.05185185185185185
12 0.5953703703703703 0.7703703703703704 0.075 0.05185185185185185
12 0.4708333333333333 0.6807407407407408 0.07222222222222222 0.04962962962962963
12 0.30462962962962964 0.5925925925925926 0.07777777777777778 0.04962962962962963
12 0.2574074074074074 0.5370370370370371 0.06851851851851852 0.04962962962962963
12 0.28425925925925927 0.5611111111111111 0.05555555555555555 0.03333333333333333
12 0.30462962962962964 0.5362962962962963 0.06388888888888888 0.04296296296296296
12 0.43842592592592594 0.5737037037037037 0.2212962962962963 0.0674074074074074
12 0.3851851851851852 0.5288888888888889 0.05277777777777778 0.04888888888888889
1 0.10740740740740741 0.7074074074074074 0.06851851851851852 0.044444444444444446
1 0.15416666666666667 0.7014814814814815 0.09166666666666666 0.04814814814814815
1 0.21296296296296297 0.6814814814814815 0.08425925925925926 0.05703703703703704
1 0.30462962962962964 0.7211111111111111 0.12777777777777777 0.05185185185185185
1 0.0699074074074074 0.5281481481481481 0.08981481481481482 0.07185185185185185
1 0.17777777777777778 0.585925925925926 0.08611111111111111 0.06296296296296296
1 0.1425925925925926 0.6107407407407407 0.07777777777777778 0.05037037037037037
1 0.24722222222222223 0.5162962962962963 0.11574074074074074 0.07407407407407407
8 0.29305555555555557 0.5507407407407408 0.005555555555555556 0.002962962962962963
8 0.5842592592592593 0.5637037037037037 0.08055555555555556 0.08296296296296296
8 0.36203703703703705 0.8118518518518518 0.13518518518518519 0.10962962962962963
8 0.3263888888888889 0.6337037037037037 0.08703703703703704 0.08
8 0.28935185185185186 0.4559259259259259 0.10833333333333334 0.09259259259259259
8 0.3375 0.5048148148148148 0.06851851851851852 0.052592592592592594
8 0.5541666666666667 0.6848148148148148 0.09444444444444444 0.08074074074074074
2 0.5921296296296297 0.24037037037037037 0.05648148148148148 0.037037037037037035
2 0.6912037037037037 0.3048148148148148 0.05740740740740741 0.04666666666666667
2 0.7513888888888889 0.27444444444444444 0.0824074074074074 0.0437037037037037
2 0.7134259259259259 0.1948148148148148 0.05925925925925926 0.025925925925925925
2 0.7277777777777777 0.2237037037037037 0.07777777777777778 0.03185185185185185
2 0.812037037037037 0.23444444444444446 0.049074074074074076 0.03037037037037037