14 0.5013888888888889 0.5037037037037037 0.9972222222222222 0.9925925925925926
11 0.46135185185185185 0.5245740740740741 0.2180740740740741 0.1778611111111111
11 0.1464259259259259 0.12074074074074075 0.1298888888888889 0.09239814814814816
11 0.7263240740740741 0.30019444444444443 0.11376851851851852 0.1040925925925926
8 0.0686851851851852 0.4361111111111111 0.08550925925925926 0.10278703703703704
8 0.2142314814814815 0.4157314814814815 0.11272222222222222 0.08053703703703705
8 0.40352777777777776 0.31454629629629627 0.0746388888888889 0.06797222222222223
8 0.5953518518518519 0.31454629629629627 0.12033333333333333 0.06797222222222223
7 0.7617314814814814 0.16658333333333333 0.1243888888888889 0.08224074074074074
7 0.8626203703703703 0.308287037037037 0.15949074074074074 0.06936111111111111
7 0.3456666666666667 0.6155648148148147 0.09782407407407408 0.07742592592592593