14 0.489425925925926 0.4901759259259259 0.9732962962962963 0.8590555555555556
9 0.27575925925925926 0.4812592592592593 0.08299074074074074 0.07269444444444445
9 0.5837592592592593 0.5602222222222222 0.07399074074074073 0.0963611111111111
9 0.5372407407407408 0.40808333333333335 0.07819444444444444 0.0745
9 0.4724537037037037 0.14503703703703702 0.07823148148148147 0.0669351851851852
9 0.7760462962962963 0.3867777777777778 0.09284259259259259 0.06893518518518518
8 0.11284259259259259 0.34718518518518515 0.10901851851851851 0.0777037037037037
8 0.0834537037037037 0.15475925925925924 0.10116666666666667 0.05860185185185185
8 0.3139351851851852 0.2360462962962963 0.09916666666666667 0.07763888888888888
8 0.30236111111111114 0.30341666666666667 0.10379629629629629 0.03183333333333334
8 0.15264814814814817 0.27655555555555555 0.07751851851851851 0.05219444444444444
8 0.25123148148148144 0.14296296296296296 0.06172222222222222 0.08591666666666667
8 0.3865925925925926 0.13508333333333333 0.1055925925925926 0.07942592592592593
4 0.41087962962962965 0.43472222222222223 0.16805555555555557 0.13240740740740742
4 0.5719259259259258 0.30527777777777776 0.23089814814814816 0.09111111111111111
4 0.09548148148148149 0.46459259259259256 0.12523148148148147 0.15049074074074073
4 0.11560185185185184 0.24739814814814814 0.18862037037037038 0.11423148148148149
4 0.2764351851851852 0.6130185185185185 0.1445462962962963 0.1464074074074074
9 0.07701851851851853 0.5758425925925925 0.13139814814814815 0.10683333333333334
9 0.4633055555555556 0.19202777777777777 0.07086111111111111 0.045814814814814815
9 0.32252777777777775 0.34814814814814815 0.1089537037037037 0.0719074074074074