14 0.5 0.5678336980306345 1 0.8643326039387309
2 0.2152777777777778 0.4934354485776805 0.1398148148148148 0.0886214442013129
2 0.36712962962962964 0.4190371991247265 0.07407407407407407 0.061269146608315096
2 0.32731481481481484 0.300328227571116 0.05555555555555555 0.060175054704595186
2 0.5226851851851851 0.2975929978118162 0.1259259259259259 0.06783369803063458
2 0.6231481481481481 0.3451859956236324 0.049074074074074076 0.05032822757111598
2 0.49722222222222223 0.4310722100656455 0.07407407407407407 0.04814004376367615
2 0.7152777777777778 0.574945295404814 0.17037037037037037 0.12253829321663019
2 0.7328703703703704 0.4064551422319475 0.11296296296296296 0.05908096280087528
2 0.7416666666666667 0.4797592997811816 0.044444444444444446 0.03172866520787746
4 0.4787037037037037 0.5672866520787746 0.35648148148148145 0.2363238512035011
4 0.28935185185185186 0.37363238512035013 0.15555555555555556 0.12363238512035012
4 0.6097222222222223 0.42778993435448576 0.14074074074074075 0.12363238512035012
4 0.7541666666666667 0.36925601750547044 0.12777777777777777 0.08971553610503283
4 0.5180555555555556 0.2800875273522976 0.2101851851851852 0.09190371991247265