14 0.5 0.49212962962962964 1 0.9842592592592593
9 0.27546296296296297 0.5125 0.09259259259259259 0.08333333333333333
9 0.5912037037037037 0.5481481481481482 0.08611111111111111 0.10555555555555556
9 0.524074074074074 0.40370370370370373 0.08796296296296297 0.08518518518518518
9 0.42314814814814816 0.15231481481481482 0.08611111111111111 0.07777777777777778
9 0.7574074074074074 0.34953703703703703 0.10185185185185185 0.08148148148148149
8 0.09537037037037037 0.4027777777777778 0.11851851851851852 0.09259259259259259
8 0.04675925925925926 0.21574074074074073 0.09351851851851851 0.07222222222222222
8 0.2791666666666667 0.26435185185185184 0.10925925925925926 0.09074074074074075
8 0.27685185185185185 0.33287037037037037 0.10833333333333334 0.046296296296296294
8 0.125 0.32685185185185184 0.08425925925925926 0.06296296296296296
8 0.20416666666666666 0.18101851851851852 0.07314814814814814 0.09351851851851851
8 0.337037037037037 0.15462962962962962 0.11666666666666667 0.09351851851851851
4 0.4027777777777778 0.4476851851851852 0.18425925925925926 0.15462962962962962
4 0.5439814814814815 0.2972222222222222 0.24074074074074073 0.12314814814814815
4 0.09444444444444444 0.5212962962962963 0.14537037037037037 0.16666666666666666
4 0.09259259259259259 0.30277777777777776 0.18518518518518517 0.1388888888888889
4 0.29444444444444445 0.6430555555555556 0.1638888888888889 0.1648148148148148
9 0.09166666666666666 0.6337962962962963 0.14537037037037037 0.12407407407407407
9 0.42083333333333334 0.2 0.07685185185185185 0.05462962962962963
9 0.30324074074074076 0.37453703703703706 0.11851851851851852 0.08703703703703704