14 0.5 0.5 1 1
11 0.45694444444444443 0.5162037037037037 0.25092592592592594 0.22037037037037038
11 0.2324074074074074 0.05694444444444444 0.14629629629629629 0.11388888888888889
11 0.762962962962963 0.35138888888888886 0.13333333333333333 0.125
8 0.0912037037037037 0.3476851851851852 0.10462962962962963 0.11851851851851852
8 0.23796296296296296 0.35833333333333334 0.12685185185185185 0.10185185185185185
8 0.4439814814814815 0.2986111111111111 0.08703703703703704 0.08148148148148149
8 0.6319444444444444 0.3384259259259259 0.13148148148148148 0.09166666666666666
7 0.825462962962963 0.22824074074074074 0.13796296296296295 0.10555555555555556
7 0.8944444444444445 0.38796296296296295 0.17037037037037037 0.10092592592592593
7 0.325 0.5810185185185185 0.11203703703703703 0.0962962962962963