14 0.5018518518518519 0.6700222222222222 0.9962962962962963 0.588437037037037
14 0.7251481481481481 0.24983703703703702 0.5231296296296296 0.24683703703703705
14 0.09362037037037037 0.17696296296296296 0.18724074074074074 0.17516296296296296
12 0.40773148148148153 0.4965481481481482 0.06732407407407406 0.03408148148148148
12 0.1868240740740741 0.5713851851851852 0.06993518518518518 0.05042962962962963
12 0.23340740740740742 0.6566 0.0952037037037037 0.05789629629629629
12 0.2738333333333333 0.7086962962962963 0.058777777777777776 0.07001481481481481
12 0.4441111111111111 0.698837037037037 0.2758703703703704 0.04853333333333333
12 0.6474537037037037 0.8042962962962963 0.19489814814814815 0.027355555555555557
12 0.6147592592592593 0.6378296296296296 0.11716666666666667 0.07961481481481482
12 0.7813703703703704 0.6126444444444444 0.08003703703703703 0.11813333333333333
3 0.393537037037037 0.7494666666666666 0.07597222222222222 0.046096296296296295
3 0.534537037037037 0.809 0.10487962962962963 0.08120000000000001
3 0.6527037037037037 0.7129185185185185 0.12516666666666668 0.07175555555555556
3 0.8119259259259259 0.622762962962963 0.04853703703703704 0.07417037037037037
3 0.5120185185185185 0.5355703703703704 0.06601851851851852 0.043
3 0.12202777777777778 0.48864444444444444 0.051472222222222225 0.038029629629629635
3 0.27012962962962966 0.5017333333333334 0.051370370370370365 0.03951851851851852
3 0.13282407407407407 0.653637037037037 0.07923148148148147 0.05196296296296297
3 0.37873148148148145 0.6160962962962964 0.0710462962962963 0.05588888888888889
3 0.4654351851851852 0.638074074074074 0.0654351851851852 0.03565185185185185
4 0.6030462962962962 0.23794814814814816 0.05670370370370371 0.025525925925925928
4 0.6283425925925926 0.1905259259259259 0.04557407407407407 0.02945185185185185
4 0.7307870370370371 0.18805925925925926 0.02823148148148148 0.034385185185185185
4 0.7511388888888889 0.30217037037037037 0.056601851851851855 0.035444444444444445
4 0.8847407407407407 0.21695555555555554 0.04602777777777778 0.027985185185185186
4 0.7792222222222221 0.24338518518518518 0.044861111111111115 0.026518518518518518
4 0.027620370370370368 0.1905259259259259 0.04783333333333333 0.02945185185185185
4 0.06400925925925925 0.14977037037037036 0.1280185185185185 0.023437037037037037
12 0.6951111111111111 0.5647333333333333 0.08419444444444445 0.09885185185185184
12 0.7568148148148148 0.5511407407407407 0.06672222222222222 0.04011851851851852
12 0.6434444444444444 0.5695629629629629 0.0495 0.037955555555555555
12 0.5962962962962963 0.5179407407407408 0.07800925925925926 0.07053333333333334
12 0.39143518518518516 0.5869851851851852 0.10898148148148148 0.03522962962962963
12 0.44254629629629627 0.5403407407407408 0.06130555555555555 0.0373037037037037
12 0.24300925925925926 0.760962962962963 0.07040740740740742 0.05085925925925926
12 0.45769444444444446 0.7423777777777778 0.06631481481481481 0.04691851851851852
12 0.6301018518518519 0.760762962962963 0.06976851851851851 0.04611851851851852
12 0.4946666666666667 0.6822444444444444 0.06620370370370371 0.04513333333333333
12 0.31775000000000003 0.6085037037037038 0.07178703703703704 0.043585185185185185
12 0.26362037037037034 0.5571185185185186 0.06287037037037038 0.04485185185185185
12 0.29326851851851854 0.5789925925925926 0.05173148148148148 0.02937037037037037
12 0.3104722222222222 0.5525407407407407 0.0590462962962963 0.038592592592592595
12 0.44860185185185186 0.5783925925925926 0.21610185185185185 0.04983703703703704
12 0.3894259259259259 0.5384148148148148 0.04717592592592593 0.045007407407407406
1 0.1368611111111111 0.7392222222222222 0.06421296296296296 0.03928888888888889
1 0.18262037037037035 0.7293185185185186 0.0869537037037037 0.04101481481481481
1 0.23810185185185184 0.7044222222222223 0.07830555555555554 0.05065185185185185
1 0.3345648148148148 0.7362592592592593 0.1232037037037037 0.042
1 0.07590740740740741 0.5639037037037037 0.08191666666666667 0.0654962962962963
1 0.19075 0.6124888888888889 0.07872222222222222 0.05703703703703704
1 0.15902777777777777 0.6401185185185185 0.07211111111111111 0.044814814814814814
1 0.25062962962962965 0.5371703703703703 0.10714814814814815 0.06562962962962962
8 0.30071296296296296 0.5679555555555555 0.005555555555555556 0.002637037037037037
8 0.5922962962962962 0.5563925925925925 0.07071296296296296 0.07772592592592593
8 0.4037222222222222 0.8218074074074074 0.12284259259259259 0.10049629629629629
8 0.34474074074074074 0.6474222222222222 0.07778703703703704 0.07350370370370371
8 0.28492592592592597 0.4739037037037037 0.09812037037037037 0.08493333333333333
8 0.33882407407407406 0.5183925925925926 0.06243518518518519 0.047829629629629625
8 0.5777962962962963 0.6793111111111112 0.08582407407407407 0.07361481481481481
2 0.5579166666666666 0.23412592592592593 0.05271296296296296 0.03275555555555555
2 0.664861111111111 0.2899777777777778 0.05156481481481481 0.042474074074074074
2 0.7204259259259259 0.25464444444444445 0.07734259259259259 0.03743703703703704
2 0.6725555555555556 0.1787111111111111 0.055870370370370376 0.021237037037037037
2 0.6902314814814815 0.2063703703703704 0.07569444444444444 0.025414814814814817
2 0.7758425925925926 0.20977037037037036 0.046296296296296294 0.0266