14 0.5226851851851851 0.48333333333333334 0.9546296296296296 0.9666666666666667
12 0.5092592592592593 0.30925925925925923 0.11388888888888889 0.25277777777777777
12 0.25555555555555554 0.48009259259259257 0.12962962962962962 0.29259259259259257
12 0.32175925925925924 0.25972222222222224 0.13240740740740742 0.20092592592592592
12 0.6398148148148148 0.38842592592592595 0.08981481481481482 0.3851851851851852
12 0.8296296296296296 0.45740740740740743 0.12222222222222222 0.3277777777777778
12 0.7212962962962963 0.5583333333333333 0.12962962962962962 0.2861111111111111
12 0.5504629629629629 0.6462962962962963 0.08703703703703704 0.3287037037037037
12 0.4203703703703704 0.5990740740740741 0.09444444444444444 0.26851851851851855
8 0.6648148148148149 0.7569444444444444 0.10833333333333334 0.10740740740740741
8 0.4050925925925926 0.38425925925925924 0.1425925925925926 0.11018518518518519
8 0.44027777777777777 0.7861111111111111 0.12314814814814815 0.14166666666666666
8 0.33935185185185185 0.6217592592592592 0.09537037037037037 0.09444444444444444
8 0.6023148148148149 0.2898148148148148 0.10648148148148148 0.10925925925925926
8 0.587037037037037 0.3814814814814815 0.13333333333333333 0.10555555555555556
8 0.7564814814814815 0.39166666666666666 0.1259259259259259 0.11944444444444445
8 0.7685185185185185 0.6050925925925926 0.11018518518518519 0.1037037037037037
8 0.4898148148148148 0.5203703703703704 0.11574074074074074 0.11944444444444445
8 0.27870370370370373 0.300462962962963 0.1037037037037037 0.11944444444444445