14 0.5 0.5 1 1
11 0.21933267909715407 0.745829244357213 0.18056918547595682 0.16683022571148184
11 0.05299313052011776 0.6840039254170756 0.0549558390578999 0.0971540726202159
11 0.32875368007850836 0.6638861629048086 0.1619234543670265 0.1589793915603533
11 0.528459273797841 0.6702649656526006 0.18940137389597644 0.11089303238469088
11 0.6722276741903828 0.5613346418056918 0.20314033366045142 0.18547595682041218
11 0.8331697742885181 0.3783120706575074 0.16094210009813542 0.1256133464180569
11 0.7026496565260059 0.35819430814524045 0.0971540726202159 0.10794896957801767
11 0.8395485770363101 0.2747791952894995 0.13444553483807656 0.07360157016683022
11 0.7782139352306182 0.22080471050049066 0.08439646712463199 0.05691854759568204
11 0.662414131501472 0.24288518155053976 0.10794896957801767 0.08145240431795878
11 0.627576054955839 0.14278704612365065 0.14131501472031405 0.10206084396467124
11 0.45387634936211974 0.26594700686947986 0.11481844946025516 0.07360157016683022
11 0.3763493621197252 0.39057899901864573 0.11579980372914622 0.09911678115799803
11 0.5019627085377821 0.39548577036310106 0.12659470068694798 0.08047105004906771
11 0.47105004906771347 0.4656526005888126 0.13150147203140333 0.09519136408243375
11 0.5721295387634936 0.40873405299313054 0.08537782139352307 0.0647693817468106
11 0.2423945044160942 0.5004906771344455 0.13346418056918546 0.08145240431795878
11 0.14131501472031405 0.4234543670264966 0.12659470068694798 0.07556427870461237
11 0.2757605495583906 0.37389597644749756 0.11776251226692837 0.07654563297350343
11 0.2944062806673209 0.2634936211972522 0.09617271835132483 0.07163886162904809
11 0.36947988223748773 0.2055937193326791 0.09224730127576054 0.0745829244357213
11 0.39646712463199213 0.1648675171736997 0.12365063788027478 0.08243375858684986
11 0.45878312070657506 0.19921491658488713 0.11285574092247301 0.08243375858684986
11 0.41167811579980373 0.10402355250245339 0.10009813542688911 0.08243375858684986
11 0.22767419038272815 0.1928361138370952 0.09617271835132483 0.0745829244357213
11 0.052011776251226695 0.29244357212953875 0.10402355250245339 0.0745829244357213
11 0.020608439646712464 0.34298331697742884 0.04121687929342493 0.07163886162904809
11 0.11285574092247301 0.34592737978410204 0.09617271835132483 0.06771344455348381