14 0.5005370370370371 0.5037465940054496 0.9399629629629629 0.9925068119891008
4 0.3116111111111111 0.3831607629427793 0.14081481481481484 0.11780653950953679
4 0.34517592592592594 0.23835149863760216 0.07368518518518519 0.08024523160762942
4 0.5920833333333334 0.31501362397820165 0.09064814814814816 0.09051771117166212
4 0.676074074074074 0.5071662125340599 0.11883333333333333 0.13698910081743867
4 0.45578703703703705 0.5467029972752043 0.10046296296296296 0.172425068119891
4 0.8304259259259259 0.362724795640327 0.09512037037037037 0.15867847411444141
4 0.6136018518518519 0.20529972752043596 0.11053703703703703 0.10271117166212534
2 0.6684444444444444 0.34431880108991825 0.08597222222222221 0.16276566757493188
2 0.4932592592592593 0.41415531335149863 0.18466666666666667 0.1048773841961853
2 0.44675925925925924 0.7252316076294278 0.1333240740740741 0.20252043596730246
2 0.3014351851851852 0.6294959128065395 0.13897222222222222 0.20859673024523162
2 0.5136388888888889 0.1926975476839237 0.05876851851851852 0.08430517711171663