14 0.500462962962963 0.5 0.9953703703703703 1
4 0.3194444444444444 0.35967302452316074 0.14814814814814814 0.13487738419618528
4 0.3611111111111111 0.21934604904632152 0.0787037037037037 0.0885558583106267
4 0.6027777777777777 0.3276566757493188 0.09537037037037037 0.1008174386920981
4 0.675 0.5299727520435967 0.1259259259259259 0.15258855585831063
4 0.4532407407407407 0.5408719346049047 0.11018518518518519 0.18528610354223432
4 0.8375 0.4053133514986376 0.10462962962962963 0.17029972752043596
4 0.6305555555555555 0.22070844686648503 0.11574074074074074 0.11580381471389646
2 0.6768518518518518 0.36648501362397823 0.09537037037037037 0.17302452316076294
2 0.4981481481481482 0.41348773841961856 0.18981481481481483 0.12670299727520437
2 0.4337962962962963 0.7173024523160763 0.14444444444444443 0.21934604904632152
2 0.29444444444444445 0.603542234332425 0.15092592592592594 0.22615803814713897
2 0.5319444444444444 0.1955040871934605 0.06296296296296296 0.09128065395095368