14 0.5 0.47685185185185186 1 0.9537037037037037
9 0.2412037037037037 0.27870370370370373 0.06481481481481481 0.06111111111111111
9 0.42962962962962964 0.5097222222222222 0.10833333333333334 0.10277777777777777
9 0.6365740740740741 0.26666666666666666 0.07777777777777778 0.07777777777777778
9 0.42407407407407405 0.1935185185185185 0.05925925925925926 0.05925925925925926
12 0.2162037037037037 0.6370370370370371 0.2564814814814815 0.30648148148148147
12 0.5393518518518519 0.41805555555555557 0.29814814814814816 0.25462962962962965
12 0.8041666666666667 0.23796296296296296 0.2222222222222222 0.2111111111111111
12 0.6453703703703704 0.14583333333333334 0.16666666666666666 0.1675925925925926
12 0.09027777777777778 0.45185185185185184 0.18055555555555555 0.2074074074074074
12 0.06111111111111111 0.3189814814814815 0.12222222222222222 0.10092592592592593
12 0.18981481481481483 0.21064814814814814 0.17222222222222222 0.10185185185185185
10 0.2949074074074074 0.300462962962963 0.2074074074074074 0.16296296296296298
10 0.5449074074074074 0.449537037037037 0.20833333333333334 0.23333333333333334
10 0.49212962962962964 0.6435185185185185 0.22592592592592592 0.2953703703703704
10 0.07824074074074074 0.48842592592592593 0.15648148148148147 0.11666666666666667
10 0.24166666666666667 0.44583333333333336 0.13425925925925927 0.11203703703703703
10 0.3912037037037037 0.3347222222222222 0.15833333333333333 0.16111111111111112
10 0.5657407407407408 0.25925925925925924 0.09074074074074075 0.08981481481481482
10 0.38935185185185184 0.13055555555555556 0.07314814814814814 0.058333333333333334
6 0.7226851851851852 0.5689814814814815 0.06851851851851852 0.08611111111111111
6 0.7208333333333333 0.6513888888888889 0.06666666666666667 0.05
6 0.7546296296296297 0.3861111111111111 0.13240740740740742 0.09259259259259259
6 0.39537037037037037 0.3282407407407407 0.05740740740740741 0.05462962962962963
6 0.49212962962962964 0.3388888888888889 0.05185185185185185 0.046296296296296294
6 0.23287037037037037 0.4361111111111111 0.08333333333333333 0.05277777777777778
6 0.3125 0.5060185185185185 0.04722222222222222 0.05185185185185185
6 0.3800925925925926 0.5527777777777778 0.05 0.049074074074074076
6 0.09768518518518518 0.5546296296296296 0.04259259259259259 0.03888888888888889
6 0.01898148148148148 0.3388888888888889 0.03796296296296296 0.05555555555555555
6 0.12777777777777777 0.2847222222222222 0.06851851851851852 0.07777777777777778
6 0.49212962962962964 0.2222222222222222 0.03981481481481482 0.032407407407407406
6 0.6925925925925925 0.3574074074074074 0.046296296296296294 0.06574074074074074
11 0.7384259259259259 0.49722222222222223 0.18055555555555555 0.12407407407407407
11 0.44537037037037036 0.7055555555555556 0.21481481481481482 0.21296296296296297