14 0.5199074074074074 0.5846203703703704 0.9601851851851851 0.6961018518518518
2 0.4058425925925926 0.44285185185185183 0.09316666666666668 0.1671851851851852
2 0.5456018518518518 0.4694722222222222 0.13195370370370368 0.11394444444444445
5 0.2868981481481482 0.6123333333333334 0.10527777777777778 0.08022222222222222
5 0.4794259259259259 0.6864351851851852 0.11996296296296297 0.1358425925925926
5 0.6976203703703703 0.5984444444444444 0.22764814814814816 0.108
5 0.6302962962962964 0.32960185185185187 0.14392592592592593 0.05642592592592592
5 0.29129629629629633 0.46529629629629626 0.10018518518518518 0.059296296296296305
5 0.7580462962962964 0.4231574074074074 0.06609259259259259 0.07686111111111112
15 0.2961574074074074 0.5109074074074074 0.08675925925925926 0.0532962962962963
15 0.3938148148148148 0.6322500000000001 0.08762037037037036 0.07375000000000001
15 0.47943518518518513 0.5961203703703704 0.045907407407407404 0.057055555555555554
15 0.6279907407407408 0.5660185185185185 0.09301851851851851 0.08019444444444444
15 0.6166574074074074 0.516 0.05646296296296296 0.054231481481481485
15 0.6967222222222222 0.4835833333333333 0.05918518518518519 0.04494444444444445
15 0.7052870370370371 0.4224537037037037 0.05316666666666667 0.052314814814814814
15 0.5358981481481482 0.35414814814814816 0.06624074074074075 0.059222222222222225
15 0.6155 0.36919444444444444 0.0772962962962963 0.047657407407407405
15 0.3047222222222222 0.38239814814814815 0.06222222222222223 0.06942592592592593
15 0.6881574074074075 0.5386944444444444 0.08372222222222223 0.053314814814814815
15 0.3827037037037037 0.4958611111111111 0.06541666666666668 0.08338888888888889