14 0.5 0.5 1 1
2 0.4587962962962963 0.3814713896457766 0.15833333333333333 0.10626702997275204
7 0.20416666666666666 0.4014532243415077 0.10185185185185185 0.07538601271571299
7 0.2796296296296296 0.2729336966394187 0.08796296296296297 0.06721162579473206
7 0.33611111111111114 0.23024523160762944 0.0712962962962963 0.05903723887375113
7 0.4101851851851852 0.21162579473206175 0.05462962962962963 0.04450499545867393
7 0.42314814814814816 0.3024523160762943 0.09814814814814815 0.0681198910081744
7 0.5111111111111111 0.32470481380563126 0.06481481481481481 0.0653950953678474
7 0.5833333333333334 0.31743869209809267 0.05462962962962963 0.04632152588555858
7 0.600462962962963 0.2547683923705722 0.06851851851851852 0.05903723887375113
7 0.7231481481481481 0.20118074477747502 0.08703703703703704 0.07538601271571299
7 0.7101851851851851 0.28973660308810173 0.09166666666666666 0.08537693006357856
7 0.8532407407407407 0.33969118982742963 0.11481481481481481 0.09264305177111716
7 0.8333333333333334 0.40735694822888285 0.09907407407407408 0.09445958219800181
7 0.7625 0.4518619436875568 0.0787037037037037 0.07720254314259764
7 0.6722222222222223 0.42370572207084467 0.09722222222222222 0.10626702997275204
7 0.5351851851851852 0.43642143505903724 0.06759259259259259 0.05449591280653951
7 0.4532407407407407 0.4336966394187103 0.075 0.07811080835603997
7 0.36342592592592593 0.47002724795640327 0.06666666666666667 0.05722070844686648
7 0.43287037037037035 0.485921889191644 0.08611111111111111 0.0653950953678474
7 0.5300925925925926 0.5208900999091735 0.07962962962962963 0.07901907356948229
7 0.5791666666666667 0.6198910081743869 0.08611111111111111 0.08265213442325159
7 0.6027777777777777 0.6916439600363307 0.09074074074074075 0.07629427792915532
7 0.7245370370370371 0.6148955495004541 0.08703703703703704 0.08356039963669391
7 0.30462962962962964 0.6739327883742052 0.09722222222222222 0.08719346049046321
7 0.3458333333333333 0.7638510445049954 0.08981481481481482 0.08083560399636694