14 0.5014720314033366 0.4898135426889107 0.9970559371933267 0.8854072620215898
11 0.17114818449460256 0.6765652600588812 0.15484789008832187 0.13527968596663395
11 0.02297350343473994 0.5787144259077527 0.03516192345436703 0.09167811579980373
11 0.29650637880274777 0.6211383709519137 0.13569185475956821 0.13236506378802748
11 0.4893228655544652 0.6724141315014721 0.1778606476938175 0.07298331697742885
11 0.654170755642787 0.5983316977428852 0.17390578999018647 0.15052993130520118
11 0.8521491658488715 0.4563297350343474 0.14296368989205105 0.0971540726202159
11 0.7292443572129539 0.4075171736997056 0.07870461236506379 0.09276741903827282
11 0.8813444553483808 0.3567615309126595 0.12774288518155053 0.04522080471050049
11 0.8339941118743867 0.2905397448478901 0.07722276741903827 0.040353287536800786
11 0.7162414131501472 0.28612365063788026 0.09685966633954858 0.060951913640824334
11 0.7047105004906772 0.180657507360157 0.12777232580961725 0.07573110893032385
11 0.5074779195289499 0.2615996074582924 0.10622178606476938 0.051157998037291465
11 0.4042001962708538 0.3658292443572129 0.10084396467124633 0.0780765456329735
11 0.525387634936212 0.39869479882237485 0.11750736015701668 0.055495583905789986
11 0.4795093228655545 0.4600098135426889 0.11897939156035328 0.07016683022571148
11 0.590883218842002 0.4273994111874386 0.07677134445534839 0.04909715407262022
11 0.24915603532875366 0.44235525024533856 0.12441609421000982 0.05448478900883219
11 0.1677134445534838 0.34449460255152115 0.11854759568204122 0.05012757605495584
11 0.31 0.32684003925417077 0.10870461236506379 0.054062806673209035
11 0.35267909715407264 0.22333660451422965 0.08613346418056918 0.05315014720314033
11 0.4390382728164868 0.183846908734053 0.08218842001962709 0.05758586849852797
11 0.47435721295387634 0.15 0.1135819430814524 0.058586849852796864
11 0.5273503434739941 0.19782139352306183 0.10180569185475956 0.06101079489695781
11 0.5030618253189402 0.09408243375858685 0.08757605495583905 0.06450441609421001
11 0.30362119725220804 0.13920510304219824 0.0861432777232581 0.05663395485770363
11 0.10269872423945045 0.1951324828263003 0.1111972522080471 0.05070657507360157
11 0.04947006869479882 0.23510304219823355 0.06851815505397447 0.0570657507360157
11 0.15740922473012758 0.2628263002944063 0.08812561334641805 0.04870461236506379