14 0.5 0.5509259259259259 1 0.8981481481481481
2 0.39305555555555555 0.4726851851851852 0.13796296296296295 0.18703703703703703
2 0.5347222222222222 0.45740740740740743 0.16018518518518518 0.14722222222222223
5 0.32916666666666666 0.6699074074074074 0.12407407407407407 0.10740740740740741
5 0.5347222222222222 0.6842592592592592 0.15462962962962962 0.1648148148148148
5 0.7175925925925926 0.5365740740740741 0.2490740740740741 0.17037037037037037
5 0.575 0.29907407407407405 0.1537037037037037 0.09537037037037037
5 0.2902777777777778 0.5277777777777778 0.11388888888888889 0.08703703703703704
5 0.7240740740740741 0.3509259259259259 0.08518518518518518 0.09259259259259259
15 0.30833333333333335 0.5699074074074074 0.09907407407407408 0.07685185185185185
15 0.43703703703703706 0.6574074074074074 0.10555555555555556 0.0962962962962963
15 0.5083333333333333 0.5981481481481481 0.06111111111111111 0.06851851851851852
15 0.6416666666666667 0.5259259259259259 0.11203703703703703 0.1037037037037037
15 0.6162037037037037 0.4810185185185185 0.06944444444444445 0.06851851851851852
15 0.6833333333333333 0.42685185185185187 0.06944444444444445 0.06018518518518518
15 0.6736111111111112 0.36574074074074076 0.06574074074074074 0.06481481481481481
15 0.49166666666666664 0.35 0.08055555555555556 0.07592592592592592
15 0.5722222222222222 0.34120370370370373 0.08703703703703704 0.06759259259259259
15 0.27870370370370373 0.4444444444444444 0.07962962962962963 0.08425925925925926
15 0.6912037037037037 0.48194444444444445 0.09537037037037037 0.07592592592592592
15 0.38657407407407407 0.5305555555555556 0.08703703703703704 0.1