14 0.524537037037037 0.525 0.8629629629629629 0.8111111111111111
12 0.2962962962962963 0.4673611111111111 0.11203703703703703 0.1125
12 0.3282407407407407 0.7159722222222222 0.12685185185185185 0.12222222222222222
12 0.5018518518518519 0.5048611111111111 0.125 0.13333333333333333
12 0.663425925925926 0.6833333333333333 0.14166666666666666 0.08333333333333333
12 0.8148148148148148 0.4666666666666667 0.11944444444444445 0.1125
12 0.6370370370370371 0.4027777777777778 0.1175925925925926 0.1
12 0.7162037037037037 0.2965277777777778 0.07314814814814814 0.10833333333333334
12 0.5902777777777778 0.1909722222222222 0.08796296296296297 0.07777777777777778
12 0.31157407407407406 0.3159722222222222 0.08796296296296297 0.08888888888888889
11 0.5208333333333334 0.6361111111111111 0.1 0.12222222222222222
11 0.25972222222222224 0.6354166666666666 0.12962962962962962 0.11944444444444445
11 0.22175925925925927 0.44027777777777777 0.11944444444444445 0.16527777777777777
11 0.3611111111111111 0.3736111111111111 0.10277777777777777 0.1125
11 0.47962962962962963 0.2222222222222222 0.10462962962962963 0.11805555555555555
11 0.6458333333333334 0.2013888888888889 0.08425925925925926 0.11944444444444445
11 0.524537037037037 0.28125 0.08611111111111111 0.11944444444444445
11 0.775 0.5833333333333334 0.11666666666666667 0.1486111111111111
11 0.6546296296296297 0.48194444444444445 0.08703703703703704 0.10277777777777777
11 0.7564814814814815 0.40069444444444446 0.12037037037037036 0.13333333333333333
11 0.5986111111111111 0.7548611111111111 0.12777777777777777 0.13333333333333333
11 0.35694444444444445 0.5159722222222223 0.1 0.10555555555555556
12 0.4981481481481482 0.3770833333333333 0.07685185185185185 0.1