14 0.5 0.5671296296296297 1 0.7620370370370371
11 0.562037037037037 0.45046296296296295 0.2324074074074074 0.1287037037037037
11 0.7129629629629629 0.5736111111111111 0.25462962962962965 0.2
11 0.09027777777777778 0.6324074074074074 0.16944444444444445 0.19166666666666668
11 0.22546296296296298 0.649074074074074 0.16666666666666666 0.19722222222222222
11 0.38287037037037036 0.6050925925925926 0.1675925925925926 0.14722222222222223
11 0.3050925925925926 0.48333333333333334 0.21851851851851853 0.09722222222222222
11 0.3060185185185185 0.3435185185185185 0.13703703703703704 0.09444444444444444
11 0.2773148148148148 0.27314814814814814 0.20185185185185187 0.07777777777777778
11 0.6731481481481482 0.34814814814814815 0.17592592592592593 0.10185185185185185
11 0.42916666666666664 0.3861111111111111 0.1824074074074074 0.12037037037037036
11 0.12407407407407407 0.3958333333333333 0.23981481481481481 0.14444444444444443
11 0.10601851851851851 0.48333333333333334 0.21203703703703702 0.15