14 0.5071676300578034 0.6341524573721163 0.9856647398843931 0.7258776328986961
14 0.4061040462427745 0.10319959879638917 0.7557919075144509 0.20639919759277833
11 0.10489017341040463 0.36753259779338016 0.07473988439306359 0.04019057171514544
11 0.2586242774566474 0.4120561685055165 0.10015028901734103 0.040962888665997996
11 0.38741040462427745 0.3218154463390171 0.07561849710982659 0.04502507522567703
11 0.1666127167630058 0.5075125376128385 0.09183815028901735 0.03929789368104313
11 0.19135260115606936 0.6861885656970913 0.1274450867052023 0.07969909729187562
11 0.2900693641618497 0.7970912738214644 0.10753757225433526 0.0728184553660983
11 0.4015028901734104 0.6557071213640923 0.11769942196531792 0.08292878635907724
11 0.47109826589595377 0.7946840521564693 0.12277456647398845 0.06800401203610833
11 0.5030057803468209 0.8875325977933801 0.08484393063583816 0.06514543630892679
11 0.5122543352601157 0.5716750250752257 0.10334104046242774 0.08739217652958876
11 0.6634450867052023 0.7264994984954866 0.10054335260115607 0.07606820461384153
11 0.10789595375722544 0.04205616850551655 0.05763005780346821 0.043189568706118356
11 0.08824277456647399 0.08958876629889669 0.05994219653179191 0.021905717151454365
11 0.1619884393063584 0.1288866599799398 0.08258959537572254 0.052367101303911735
11 0.18950289017341038 0.0974122367101304 0.08675144508670521 0.04155466399197593
11 0.18996531791907514 0.05930792377131394 0.059930635838150295 0.03757271815446339
11 0.16753757225433524 0.01559679037111334 0.05669364161849711 0.025777331995987963
11 0.24499421965317916 0.03884653961885657 0.04974566473988439 0.03678034102306921
11 0.3254450867052023 0.06933801404212638 0.06268208092485548 0.03355065195586761
11 0.27897109826589594 0.09640922768304915 0.06685549132947977 0.02752256770310933
11 0.2678843930635838 0.14533600802407223 0.044658959537572256 0.02909729187562688
11 0.3291445086705202 0.12167502507522568 0.07008092485549133 0.03793380140421264
11 0.4008208092485549 0.10242728184553661 0.05619653179190751 0.03152457372116349
11 0.49468208092485544 0.10863590772316951 0.06820809248554913 0.03192577733199599
11 0.579757225433526 0.1695987963891675 0.07188439306358381 0.04151454363089268
11 0.4907514450867052 0.1786258776328987 0.06497109826589596 0.03949849548645938
11 0.4144508670520231 0.1329087261785356 0.06960693641618497 0.028294884653961887
11 0.340242774566474 0.17581745235707122 0.07378034682080925 0.041905717151454365
11 0.4186127167630058 0.16639919759277835 0.06868208092485549 0.03509528585757272
11 0.3936416184971098 0.45917753259779337 0.09272832369942195 0.058986960882647946