14 0.4977592592592593 0.6545534150612959 0.9251574074074074 0.690893169877408
14 0.5683796296296296 0.05659369527145359 0.4691666666666667 0.11232049036777585
9 0.30707407407407405 0.48663747810858143 0.062296296296296294 0.05734676007005254
9 0.2716574074074074 0.435 0.03313888888888889 0.024115586690017513
9 0.3445740740740741 0.4437478108581436 0.053953703703703705 0.04161120840630473
9 0.4022037037037037 0.4651926444833625 0.05348148148148148 0.05823117338003503
9 0.46423148148148147 0.40107705779334496 0.10347222222222222 0.03944833625218914
9 0.5591388888888889 0.42142732049036774 0.04327777777777778 0.04075306479859895
9 0.7100462962962963 0.6070052539404553 0.04880555555555555 0.07915936952714536
9 0.7524074074074074 0.6630297723292469 0.027037037037037037 0.051112084063047285
9 0.7179166666666666 0.7061471103327496 0.0737962962962963 0.0628984238178634
9 0.6663055555555556 0.7243169877408056 0.040018518518518516 0.033563922942206656
9 0.5963981481481482 0.7516637478108581 0.05762037037037037 0.06637478108581436
9 0.5255740740740741 0.8219089316987741 0.07337037037037036 0.07990367775831873
9 0.7575000000000001 0.7932486865148861 0.08351851851851852 0.07072679509632224
9 0.7093518518518519 0.8184063047285464 0.09833333333333334 0.09041155866900175
9 0.3306851851851852 0.6442119089316988 0.06321296296296296 0.07475481611208407
9 0.4156296296296296 0.5369789842381787 0.05255555555555556 0.04418563922942207
9 0.2505925925925926 0.6886427320490367 0.06045370370370371 0.045402802101576184
9 0.18416666666666667 0.8315499124343257 0.07111111111111111 0.04662872154115587
9 0.3549907407407407 0.8267338003502627 0.051638888888888894 0.028248686514886164
9 0.385537037037037 0.7652364273204904 0.038675925925925926 0.049737302977232924
9 0.43299074074074073 0.7838353765323993 0.03635185185185185 0.04753940455341506
9 0.3165648148148148 0.7212521891418564 0.07664814814814815 0.036190893169877406
9 0.21935185185185185 0.5750525394045535 0.06739814814814815 0.05904553415061296
2 0.48969444444444443 0.5724343257443083 0.08957407407407407 0.05379159369527145
2 0.7621203703703704 0.5133362521891419 0.1668425925925926 0.0669614711033275
2 0.6130648148148148 0.4708844133099825 0.07242592592592592 0.043345008756567424
2 0.5126111111111111 0.7170840630472854 0.103 0.07602451838879158
4 0.5223333333333333 0.6385201401050788 0.07614814814814815 0.054623467600700526
9 0.4801944444444445 0.454185639229422 0.027796296296296295 0.031672504378283714
9 0.46528703703703705 0.8373817863397548 0.04398148148148148 0.029614711033274958
9 0.4018055555555555 0.9476357267950963 0.03966666666666667 0.03853765323992995