14 0.6060185185185185 0.5 0.787962962962963 1
15 0.6421296296296296 0.5222222222222223 0.2898148148148148 0.13518518518518519
15 0.8 0.4842592592592593 0.1787037037037037 0.20185185185185187
15 0.5435185185185185 0.35138888888888886 0.25277777777777777 0.07777777777777778
15 0.5731481481481482 0.2824074074074074 0.14351851851851852 0.11481481481481481
15 0.7819444444444444 0.300462962962963 0.13703703703703704 0.16944444444444445
15 0.8245370370370371 0.15 0.26944444444444443 0.13333333333333333
15 0.8208333333333333 0.08935185185185185 0.2111111111111111 0.09722222222222222
15 0.9634259259259259 0.08842592592592592 0.07314814814814814 0.07314814814814814
15 0.7643518518518518 0.6939814814814815 0.32314814814814813 0.2490740740740741
2 0.8842592592592593 0.38333333333333336 0.23148148148148148 0.14074074074074075
4 0.5717592592592593 0.42962962962962964 0.31296296296296294 0.12777777777777777
4 0.9300925925925926 0.5578703703703703 0.1398148148148148 0.11944444444444445
4 0.875462962962963 0.725925925925926 0.22777777777777777 0.1925925925925926
4 0.9523148148148148 0.22962962962962963 0.09537037037037037 0.17962962962962964
4 0.7092592592592593 0.2569444444444444 0.13240740740740742 0.11851851851851852