14 0.5 0.5 1 1
12 0.16805555555555557 0.1685185185185185 0.12407407407407407 0.10092592592592593
12 0.13194444444444445 0.23194444444444445 0.1361111111111111 0.08148148148148149
12 0.3625 0.6152777777777778 0.2074074074074074 0.12314814814814815
12 0.5125 0.6282407407407408 0.1574074074074074 0.07407407407407407
12 0.5791666666666667 0.7023148148148148 0.12222222222222222 0.1287037037037037
12 0.6106481481481482 0.8560185185185185 0.12777777777777777 0.18518518518518517
12 0.9643518518518519 0.5986111111111111 0.06851851851851852 0.11018518518518519
12 0.7657407407407407 0.5365740740740741 0.14814814814814814 0.0962962962962963
12 0.8282407407407407 0.31157407407407406 0.08333333333333333 0.1037037037037037
12 0.9467592592592593 0.3574074074074074 0.06388888888888888 0.07222222222222222
12 0.8189814814814815 0.22916666666666666 0.08055555555555556 0.08425925925925926
12 0.6208333333333333 0.2773148148148148 0.1638888888888889 0.12962962962962962
12 0.6439814814814815 0.36203703703703705 0.09074074074074075 0.12129629629629629
12 0.5527777777777778 0.3976851851851852 0.13333333333333333 0.11018518518518519
12 0.5143518518518518 0.21574074074074073 0.09722222222222222 0.08055555555555556
12 0.5324074074074074 0.14722222222222223 0.07592592592592592 0.08703703703703704
12 0.4060185185185185 0.075 0.08611111111111111 0.13240740740740742
12 0.17685185185185184 0.09583333333333334 0.10740740740740741 0.09166666666666666
12 0.07361111111111111 0.30694444444444446 0.10092592592592593 0.13425925925925927
12 0.16435185185185186 0.36064814814814816 0.11296296296296296 0.06296296296296296
12 0.1962962962962963 0.44351851851851853 0.09166666666666666 0.10462962962962963
12 0.33287037037037037 0.4462962962962963 0.14629629629629629 0.08888888888888889
12 0.5041666666666667 0.5393518518518519 0.17685185185185184 0.14814814814814814
12 0.1486111111111111 0.5634259259259259 0.2074074074074074 0.14351851851851852
12 0.05092592592592592 0.6842592592592592 0.10185185185185185 0.07592592592592592
12 0.30925925925925923 0.7763888888888889 0.13518518518518519 0.09907407407407408
12 0.41712962962962963 0.8083333333333333 0.08425925925925926 0.09722222222222222
12 0.4050925925925926 0.7097222222222223 0.07314814814814814 0.06388888888888888
12 0.7097222222222223 0.8699074074074075 0.05555555555555555 0.1175925925925926
12 0.7791666666666667 0.7375 0.16111111111111112 0.09074074074074075
12 0.825 0.6412037037037037 0.1361111111111111 0.13055555555555556
12 0.8907407407407407 0.5592592592592592 0.12222222222222222 0.0787037037037037
12 0.7671296296296296 0.34074074074074073 0.09444444444444444 0.08611111111111111
12 0.7143518518518519 0.2828703703703704 0.1 0.09444444444444444
12 0.712037037037037 0.4166666666666667 0.08703703703703704 0.10925925925925926
12 0.875462962962963 0.36157407407407405 0.11574074074074074 0.13240740740740742
12 0.10324074074074074 0.16064814814814815 0.10092592592592593 0.10555555555555556
12 0.3074074074074074 0.11481481481481481 0.11851851851851852 0.08148148148148149
12 0.34120370370370373 0.04861111111111111 0.08796296296296297 0.06666666666666667
12 0.5273148148148148 0.08564814814814815 0.11481481481481481 0.09259259259259259
12 0.6625 0.2125 0.1824074074074074 0.10833333333333334
12 0.7375 0.19305555555555556 0.15833333333333333 0.15833333333333333
12 0.3416666666666667 0.18194444444444444 0.1527777777777778 0.07777777777777778
12 0.337037037037037 0.23703703703703705 0.1425925925925926 0.07962962962962963
12 0.44537037037037036 0.25833333333333336 0.1 0.0712962962962963
1 0.41805555555555557 0.34629629629629627 0.16666666666666666 0.08611111111111111
1 0.8407407407407408 0.4532407407407407 0.25092592592592594 0.16203703703703703
1 0.6439814814814815 0.1398148148148148 0.125 0.07777777777777778
1 0.2574074074074074 0.05555555555555555 0.11203703703703703 0.053703703703703705
1 0.5152777777777777 0.7532407407407408 0.15555555555555556 0.2351851851851852
1 0.7212962962962963 0.7175925925925926 0.1398148148148148 0.16574074074074074
1 0.13148148148148148 0.5638888888888889 0.0962962962962963 0.07592592592592592
1 0.22361111111111112 0.6300925925925925 0.09351851851851851 0.07314814814814814
1 0.19537037037037036 0.8333333333333334 0.2953703703703704 0.18981481481481483
12 0.07685185185185185 0.44907407407407407 0.1537037037037037 0.12222222222222222
12 0.9481481481481482 0.4476851851851852 0.1037037037037037 0.1398148148148148
12 0.9106481481481481 0.2513888888888889 0.09907407407407408 0.09537037037037037
12 0.462037037037037 0.1361111111111111 0.14629629629629629 0.11574074074074074