14 0.5939814814814814 0.5 0.812037037037037 1
15 0.6407407407407407 0.5296296296296297 0.29444444444444445 0.14907407407407408
15 0.8004629629629629 0.5 0.18796296296296297 0.20925925925925926
15 0.5509259259259259 0.3537037037037037 0.25462962962962965 0.09074074074074075
15 0.5847222222222223 0.2865740740740741 0.14814814814814814 0.12129629629629629
15 0.7921296296296296 0.31574074074074077 0.14444444444444443 0.175
15 0.8425925925925926 0.1675925925925926 0.27314814814814814 0.14629629629629629
15 0.8416666666666667 0.10694444444444444 0.21388888888888888 0.10740740740740741
15 0.9731481481481481 0.11481481481481481 0.053703703703703705 0.07777777777777778
15 0.7537037037037037 0.7074074074074074 0.33240740740740743 0.2638888888888889
2 0.8856481481481482 0.40370370370370373 0.22870370370370371 0.15185185185185185
4 0.575 0.4337962962962963 0.31574074074074077 0.14351851851851852
4 0.9268518518518518 0.5800925925925926 0.14444444444444443 0.1259259259259259
4 0.8629629629629629 0.7449074074074075 0.2351851851851852 0.20277777777777778
4 0.9574074074074074 0.25416666666666665 0.08518518518518518 0.18425925925925926
4 0.7217592592592592 0.26805555555555555 0.13703703703703704 0.12407407407407407