14 0.4847222222222222 0.6423276501111935 0.9694444444444444 0.7153446997776131
15 0.3337962962962963 0.5474425500370645 0.10833333333333334 0.1111934766493699
15 0.5550925925925926 0.5567086730911787 0.12222222222222222 0.09117865085248332
15 0.4791666666666667 0.4062268346923647 0.10648148148148148 0.09488510007412898
15 0.7078703703703704 0.6945885841363973 0.13055555555555556 0.06523350630096368
15 0.32685185185185184 0.6997776130467013 0.2037037037037037 0.11193476649369903
11 0.06666666666666667 0.6041512231282431 0.13333333333333333 0.09191994069681246
11 0.6976851851851852 0.5126019273535952 0.1388888888888889 0.10007412898443291
11 0.4375 0.4710896960711638 0.14444444444444443 0.072646404744255
11 0.24537037037037038 0.45774647887323944 0.1 0.09266123054114159
11 0.37777777777777777 0.40919199406968126 0.11666666666666667 0.07116382505559674
11 0.5236111111111111 0.6245366938472943 0.11666666666666667 0.07042253521126761
11 0.687037037037037 0.7490733876945885 0.08703703703703704 0.04892512972572276
11 0.26990740740740743 0.7902149740548554 0.1638888888888889 0.08302446256486286
12 0.5106481481481482 0.7146034099332839 0.09722222222222222 0.1334321719792439
12 0.21481481481481482 0.6812453669384729 0.1361111111111111 0.08673091178650852
12 0.2 0.6245366938472943 0.18055555555555555 0.07783543365455893
12 0.09675925925925925 0.572646404744255 0.12129629629629629 0.09340252038547071
12 0.7356481481481482 0.5381764269829503 0.09166666666666666 0.048183839881393624
12 0.39351851851851855 0.5626389918458117 0.10185185185185185 0.06745737583395107
12 0.2726851851851852 0.528169014084507 0.08333333333333333 0.06597479614529281
7 0.3662037037037037 0.8988139362490734 0.062037037037037036 0.056338028169014086
7 0.39444444444444443 0.8346923647146034 0.06666666666666667 0.05930318754633061
7 0.4097222222222222 0.7105263157894737 0.05185185185185185 0.040770941438102296
7 0.4513888888888889 0.6945885841363973 0.05092592592592592 0.037064492216456635
7 0.4152777777777778 0.6174944403261675 0.07592592592592592 0.05114899925871016
7 0.5953703703703703 0.6456634544106745 0.06944444444444445 0.03780578206078577
7 0.6435185185185185 0.597479614529281 0.053703703703703705 0.039288361749444035
7 0.7379629629629629 0.5611564121571534 0.06111111111111111 0.0385470719051149
7 0.6953703703703704 0.6519644180874722 0.040740740740740744 0.037064492216456635
7 0.7046296296296296 0.7627872498146775 0.05 0.03558191252779837
7 0.2726851851851852 0.5733876945885842 0.06018518518518518 0.0385470719051149
7 0.38472222222222224 0.5240919199406968 0.07222222222222222 0.05263157894736842
7 0.39305555555555555 0.4855448480355819 0.06574074074074074 0.04744255003706449
7 0.5467592592592593 0.4573758339510749 0.053703703703703705 0.037064492216456635
7 0.6018518518518519 0.4618235730170497 0.044444444444444446 0.0363232023721275
12 0.022685185185185187 0.6842105263157895 0.04537037037037037 0.06968124536693847