14 0.6275462962962963 0.5013888888888889 0.7449074074074075 0.9972222222222222
15 0.6436111111111111 0.5097037037037038 0.2816666666666667 0.11107407407407408
15 0.7973055555555556 0.45808333333333334 0.16312962962962962 0.18839814814814815
15 0.5301944444444444 0.3481851851851852 0.2492777777777778 0.05655555555555555
15 0.554037037037037 0.27667592592592594 0.13493518518518519 0.1033425925925926
15 0.7635185185185185 0.27666666666666667 0.12332407407407407 0.15887962962962962
15 0.7929074074074074 0.12301851851851853 0.26080555555555557 0.11084259259259259
15 0.7836481481481482 0.06308333333333332 0.20525925925925925 0.07894444444444446
15 0.9445185185185185 0.04850925925925926 0.1057037037037037 0.06368518518518519
15 0.780175925925926 0.6700555555555555 0.3047870370370371 0.22344444444444445
2 0.8810185185185185 0.34979629629629627 0.23796296296296296 0.11996296296296297
4 0.5651481481481482 0.42385185185185187 0.305287037037037 0.1014074074074074
4 0.9338703703703705 0.5201203703703704 0.1307037037037037 0.10875
4 0.89375 0.6922777777777778 0.2125 0.17529629629629628
4 0.9435185185185185 0.18964814814814815 0.11296296296296296 0.1700462962962963
4 0.6873611111111111 0.23941666666666667 0.12379629629629628 0.10753703703703704