14 0.44962037037037034 0.5013888888888889 0.8992407407407407 0.9972222222222222
7 0.17027777777777778 0.42014814814814816 0.09888888888888889 0.11251851851851852
7 0.258 0.6196111111111111 0.14933333333333335 0.16886111111111113
7 0.3318333333333333 0.4618055555555556 0.15349074074074076 0.10323148148148148
7 0.6123703703703703 0.3051388888888889 0.14048148148148148 0.1093425925925926
7 0.5230277777777778 0.4768425925925926 0.10068518518518518 0.11016666666666668
7 0.2730462962962963 0.2840740740740741 0.19330555555555556 0.11814814814814814
7 0.07468518518518519 0.1584074074074074 0.1493611111111111 0.2140277777777778
7 0.6105185185185186 0.0753425925925926 0.2108425925925926 0.1358611111111111
7 0.41424074074074074 0.6397407407407407 0.15162037037037038 0.1952222222222222
7 0.04760185185185185 0.4106574074074074 0.08501851851851851 0.09817592592592593
4 0.08973148148148148 0.6908796296296296 0.14149074074074075 0.20028703703703704
4 0.2885462962962963 0.11351851851851852 0.2474722222222222 0.18906481481481482