14 0.475 0.6693847294292068 0.937037037037037 0.6360266864343959
15 0.34675925925925927 0.5696812453669384 0.08796296296296297 0.10081541882876205
15 0.5666666666666667 0.5481838398813936 0.10740740740740741 0.0770941438102298
15 0.45925925925925926 0.41030392883617495 0.08981481481481482 0.083765752409192
15 0.7467592592592592 0.6627131208302446 0.12129629629629629 0.04892512972572276
15 0.3726851851851852 0.7209043736100815 0.18796296296296297 0.08673091178650852
11 0.08611111111111111 0.6645663454410674 0.1398148148148148 0.07338769458858414
11 0.6972222222222222 0.48517420311341736 0.12222222222222222 0.08450704225352113
11 0.43194444444444446 0.47998517420311343 0.13425925925925927 0.05485544848035582
11 0.23981481481481481 0.49406968124536693 0.08333333333333333 0.08228317272053373
11 0.36018518518518516 0.427353595255745 0.10555555555555556 0.05707931801334322
11 0.55 0.6193476649369903 0.10555555555555556 0.05707931801334322
11 0.7379629629629629 0.7190511489992587 0.07962962962962963 0.0385470719051149
11 0.33611111111111114 0.8176426982950333 0.1527777777777778 0.06300963676797627
12 0.5569444444444445 0.7097850259451446 0.0712962962962963 0.12527798369162343
12 0.2587962962962963 0.717939214232765 0.12222222222222222 0.07116382505559674
12 0.23148148148148148 0.6641957005189029 0.1712962962962963 0.05485544848035582
12 0.11851851851851852 0.6278724981467754 0.10555555555555556 0.08005930318754632
12 0.7402777777777778 0.5048183839881394 0.08518518518518518 0.037064492216456635
12 0.40879629629629627 0.5767234988880652 0.09166666666666666 0.05559673832468495
12 0.2824074074074074 0.5593031875463306 0.07222222222222222 0.05707931801334322
7 0.4546296296296296 0.9114158636026687 0.05185185185185185 0.04966641957005189
7 0.4685185185185185 0.8443291326908822 0.05555555555555555 0.05263157894736842
7 0.4564814814814815 0.7197924388435878 0.044444444444444446 0.03558191252779837
7 0.49398148148148147 0.698295033358043 0.04537037037037037 0.031134173461823574
7 0.44212962962962965 0.6275018532246108 0.06759259259259259 0.04225352112676056
7 0.625462962962963 0.6300963676797627 0.06388888888888888 0.029651593773165306
7 0.6625 0.5759822090437361 0.04722222222222222 0.033358042994810974
7 0.7472222222222222 0.5270570793180134 0.05555555555555555 0.031134173461823574
7 0.725462962962963 0.6226834692364714 0.03425925925925926 0.03261675315048184
7 0.7583333333333333 0.7301704966641956 0.044444444444444446 0.029651593773165306
7 0.2916666666666667 0.6037805782060786 0.053703703703703705 0.03187546330615271
7 0.39166666666666666 0.5396590066716086 0.06296296296296296 0.04447739065974796
7 0.39166666666666666 0.5007412898443291 0.05740740740740741 0.04002965159377316
7 0.5370370370370371 0.45181616011860637 0.04814814814814815 0.031134173461823574
7 0.5921296296296297 0.4481097108969607 0.03796296296296296 0.03187546330615271
12 0.04953703703703704 0.7505559673832468 0.075 0.060044477390659746