14 0.5 0.5862587763289869 1 0.827482447342026
14 0.346242774566474 0.15646940822467403 0.692485549132948 0.31293881644934807
11 0.07976878612716763 0.4543630892678034 0.08439306358381503 0.055165496489468405
11 0.24104046242774566 0.4653961885656971 0.10867052023121387 0.06118355065195587
11 0.34104046242774566 0.3505516549648947 0.08670520231213873 0.06018054162487462
11 0.17861271676300577 0.5772316950852557 0.10057803468208093 0.058174523570712136
11 0.2526011560693642 0.7452357071213641 0.14682080924855492 0.10431293881644935
11 0.3791907514450867 0.8324974924774323 0.12485549132947976 0.09327983951855567
11 0.4479768786127168 0.6715145436308927 0.1375722543352601 0.10531594784353059
11 0.554335260115607 0.791875626880642 0.13872832369942195 0.09227683049147442
11 0.6109826589595375 0.8756268806419257 0.10057803468208093 0.08124373119358075
11 0.5317919075144508 0.5672016048144434 0.12485549132947976 0.10732196589769308
11 0.7219653179190751 0.6855566700100301 0.11907514450867052 0.09528585757271815
11 0.012716763005780347 0.1374122367101304 0.025433526011560695 0.05416248746238716
11 0.009248554913294798 0.18756268806419257 0.018497109826589597 0.034102306920762285
11 0.06878612716763005 0.21063189568706117 0.09479768786127167 0.06920762286860582
11 0.08670520231213873 0.17452357071213642 0.09595375722543352 0.05917753259779338
11 0.07630057803468208 0.1374122367101304 0.06936416184971098 0.04914744232698094
11 0.042196531791907514 0.09979939819458375 0.06242774566473988 0.03610832497492478
11 0.12369942196531791 0.10631895687061184 0.058959537572254334 0.04613841524573721
11 0.21040462427745665 0.11885656970912738 0.07052023121387284 0.04613841524573721
11 0.17283236994219653 0.15496489468405217 0.07283236994219654 0.041123370110330994
11 0.17572254335260115 0.2046138415245737 0.05202312138728324 0.03811434302908726
11 0.22890173410404624 0.16900702106318957 0.07861271676300578 0.05215646940822467
11 0.2930635838150289 0.13490471414242727 0.06358381502890173 0.04312938816449348
11 0.3855491329479769 0.1213640922768305 0.07514450867052024 0.04513540621865597
11 0.48497109826589596 0.1624874623871615 0.08208092485549133 0.05616850551654965
11 0.40115606936416187 0.1900702106318957 0.07514450867052024 0.05215646940822467
11 0.31445086705202313 0.16198595787362086 0.07630057803468208 0.04312938816449348
11 0.2543352601156069 0.21915747241725175 0.08323699421965318 0.05616850551654965
11 0.32774566473988437 0.19358074222668004 0.07745664739884393 0.048144433299899696
11 0.3855491329479769 0.48294884653961884 0.10751445086705202 0.07723169508525576