14 0.5002314814814814 0.510962962962963 0.999537037037037 0.9746944444444445
12 0.11101851851851853 0.23779629629629628 0.11000925925925926 0.08115740740740741
12 0.08741666666666667 0.30699074074074073 0.12760185185185186 0.05750925925925926
12 0.3871574074074074 0.6395277777777778 0.19467592592592592 0.0883148148148148
12 0.536675925925926 0.6233333333333334 0.15113888888888888 0.04666666666666667
12 0.616537037037037 0.6835277777777778 0.10251851851851852 0.11072222222222222
12 0.6764814814814815 0.8283425925925926 0.09741666666666667 0.1696574074074074
12 0.9747685185185185 0.5080833333333333 0.050462962962962966 0.1032037037037037
12 0.7679074074074075 0.48517592592592595 0.13675 0.07128703703703704
12 0.7862037037037037 0.2526111111111111 0.06684259259259259 0.09225
12 0.911425925925926 0.27482407407407405 0.05339814814814815 0.06262037037037037
12 0.7614351851851852 0.17347222222222222 0.06824074074074074 0.07286111111111111
12 0.5760277777777778 0.2581574074074074 0.1465 0.10335185185185186
12 0.6151481481481481 0.3368703703703704 0.07196296296296296 0.10959259259259259
12 0.5322870370370371 0.3896018518518518 0.11919444444444444 0.08846296296296297
12 0.4600648148148148 0.21812962962962965 0.08587962962962963 0.06496296296296296
12 0.46447222222222223 0.1475462962962963 0.06226851851851852 0.07658333333333332
12 0.3265185185185185 0.1007962962962963 0.06414814814814815 0.12196296296296297
12 0.1057037037037037 0.1651388888888889 0.09473148148148149 0.07472222222222223
12 0.04482407407407407 0.39191666666666664 0.07946296296296296 0.12086111111111111
12 0.14412037037037037 0.42710185185185184 0.10675925925925926 0.043083333333333335
12 0.19111111111111112 0.5025277777777778 0.07574074074074073 0.09210185185185185
12 0.32558333333333334 0.47939814814814813 0.13636111111111113 0.06434259259259259
12 0.5116851851851852 0.5379351851851852 0.15669444444444444 0.12124074074074073
12 0.1672685185185185 0.6291111111111112 0.19008333333333333 0.10914814814814815
12 0.07931481481481481 0.7700462962962963 0.12528703703703703 0.053064814814814815
12 0.36539814814814814 0.8077685185185185 0.12338888888888888 0.07756481481481481
12 0.4774259259259259 0.8186388888888889 0.06967592592592593 0.08542592592592593
12 0.4468796296296296 0.7237685185185185 0.06412037037037037 0.053092592592592594
12 0.776712962962963 0.8232685185185186 0.03398148148148149 0.11319444444444444
12 0.8195277777777779 0.6800277777777778 0.15201851851851853 0.06283333333333334
12 0.8461481481481482 0.5765833333333333 0.1172962962962963 0.11056481481481481
12 0.89475 0.4837962962962963 0.11265740740740741 0.059250000000000004
12 0.7318055555555556 0.29287962962962966 0.08305555555555556 0.07093518518518518
12 0.6688518518518519 0.24612962962962961 0.08676851851851851 0.0792962962962963
12 0.6924537037037037 0.3777962962962963 0.06917592592592592 0.09726851851851852
12 0.842212962962963 0.2924074074074074 0.09553703703703705 0.11629629629629629
12 0.045518518518518514 0.2424259259259259 0.08548148148148148 0.09040740740740741
12 0.2376296296296296 0.1586574074074074 0.10860185185185185 0.061759259259259264
12 0.2577685185185185 0.0871574074074074 0.07943518518518519 0.053009259259259256
12 0.4477962962962963 0.08807407407407408 0.10300925925925926 0.07337962962962963
12 0.6045 0.1866574074074074 0.17103703703703704 0.0760925925925926
12 0.6743981481481481 0.15355555555555556 0.13491666666666668 0.1348888888888889
12 0.2839259259259259 0.21789814814814815 0.14562962962962964 0.05062037037037037
12 0.28971296296296295 0.27321296296296294 0.13405555555555557 0.05475
12 0.40012037037037035 0.27321296296296294 0.09098148148148148 0.05475
1 0.39016666666666666 0.3646203703703704 0.15903703703703703 0.05700925925925926
1 0.8253148148148148 0.38890740740740737 0.23302777777777778 0.11947222222222223
1 0.5725555555555556 0.11886111111111111 0.11641666666666667 0.05623148148148148
1 0.17699074074074075 0.10983333333333334 0.10768518518518519 0.03356481481481482
1 0.5632962962962963 0.7454907407407407 0.11641666666666667 0.21691666666666667
1 0.758888888888889 0.6712222222222222 0.11406481481481481 0.14707407407407408
1 0.15037037037037038 0.6328240740740741 0.08685185185185185 0.06100925925925926
1 0.25337037037037036 0.6802592592592592 0.08452777777777779 0.058666666666666666
1 0.2644722222222222 0.8855092592592593 0.2733981481481481 0.14046296296296296
12 0.07232407407407407 0.5317037037037037 0.14464814814814814 0.09632407407407408
12 0.9445462962962963 0.361 0.11090740740740741 0.12158333333333333
12 0.8555925925925926 0.17742592592592593 0.0848425925925926 0.08037037037037037
12 0.3933240740740741 0.15005555555555555 0.13067592592592592 0.0922962962962963