14 0.5 0.5 1 1
7 0.2023148148148148 0.3375 0.125 0.13425925925925927
7 0.2351851851851852 0.5527777777777778 0.18796296296296297 0.20185185185185187
7 0.3472222222222222 0.41944444444444445 0.175 0.1388888888888889
7 0.6587962962962963 0.34074074074074073 0.1638888888888889 0.14166666666666666
7 0.5282407407407408 0.4837962962962963 0.1259259259259259 0.13148148148148148
7 0.3365740740740741 0.23287037037037037 0.21666666666666667 0.1638888888888889
7 0.17731481481481481 0.0912037037037037 0.19907407407407407 0.1824074074074074
7 0.7166666666666667 0.11851851851851852 0.23796296296296296 0.18611111111111112
7 0.38101851851851853 0.6129629629629629 0.1962962962962963 0.22685185185185186
7 0.08611111111111111 0.2967592592592593 0.10740740740740741 0.1175925925925926
4 0.07407407407407407 0.5777777777777777 0.14814814814814814 0.22962962962962963
4 0.3958333333333333 0.09722222222222222 0.287962962962963 0.19444444444444445