14 0.5 0.4272222222222222 1 0.8544444444444445
0 0.4172222222222222 0.3333333333333333 0.43333333333333335 0.42
12 0.3005555555555556 0.5516666666666666 0.19333333333333333 0.18222222222222223
12 0.14 0.27055555555555555 0.20777777777777778 0.1988888888888889
12 0.33944444444444444 0.10833333333333334 0.12111111111111111 0.12777777777777777
12 0.5227777777777778 0.07055555555555555 0.17222222222222222 0.1411111111111111
12 0.6627777777777778 0.3333333333333333 0.13555555555555557 0.14444444444444443
12 0.6 0.5477777777777778 0.16333333333333333 0.15555555555555556
4 0.7144444444444444 0.485 0.11333333333333333 0.10888888888888888
4 0.1827777777777778 0.44666666666666666 0.16666666666666666 0.15444444444444444
4 0.1988888888888889 0.15944444444444444 0.17222222222222222 0.16
4 0.6461111111111111 0.18 0.14222222222222222 0.15777777777777777
4 0.43333333333333335 0.5455555555555556 0.09777777777777778 0.12333333333333334
4 0.5572222222222222 0.6405555555555555 0.12222222222222222 0.11333333333333333