14 0.3402777777777778 0.5623456790123457 0.4546296296296296 0.608641975308642
14 0.8240740740740741 0.4462962962962963 0.35185185185185186 0.4728395061728395
13 0.7402777777777778 0.345679012345679 0.044444444444444446 0.04938271604938271
13 0.8634259259259259 0.3450617283950617 0.03796296296296296 0.06049382716049383
13 0.8240740740740741 0.5493827160493827 0.06111111111111111 0.056790123456790124
13 0.8935185185185185 0.4759259259259259 0.03888888888888889 0.04567901234567901
13 0.8967592592592593 0.40925925925925927 0.04259259259259259 0.043209876543209874
13 0.9078703703703703 0.33209876543209876 0.03425925925925926 0.0345679012345679
13 0.9481481481481482 0.3592592592592593 0.025925925925925925 0.03950617283950617
13 0.8166666666666667 0.3160493827160494 0.03425925925925926 0.022222222222222223
7 0.8574074074074074 0.4765432098765432 0.053703703703703705 0.06419753086419754
7 0.8921296296296296 0.6259259259259259 0.05185185185185185 0.08148148148148149
7 0.6902777777777778 0.5160493827160494 0.06574074074074074 0.1259259259259259
7 0.4361111111111111 0.8123456790123457 0.040740740740740744 0.044444444444444446