14 0.5 0.5 1 1
11 0.33055555555555555 0.44722222222222224 0.16296296296296298 0.1527777777777778
11 0.40555555555555556 0.26990740740740743 0.13055555555555556 0.125
11 0.5263888888888889 0.22870370370370371 0.15833333333333333 0.14722222222222223
11 0.6342592592592593 0.2310185185185185 0.14814814814814814 0.1537037037037037
11 0.7050925925925926 0.26435185185185184 0.1675925925925926 0.1527777777777778
11 0.5990740740740741 0.38981481481481484 0.15833333333333333 0.1574074074074074
11 0.6921296296296297 0.44722222222222224 0.13240740740740742 0.1398148148148148
11 0.7106481481481481 0.5513888888888889 0.15833333333333333 0.14629629629629629
11 0.5583333333333333 0.6263888888888889 0.13240740740740742 0.13518518518518519
11 0.4305555555555556 0.6078703703703704 0.16018518518518518 0.17592592592592593
4 0.47175925925925927 0.44074074074074077 0.16203703703703703 0.16666666666666666
4 0.324537037037037 0.649537037037037 0.22777777777777777 0.18703703703703703
4 0.6287037037037037 0.7074074074074074 0.21388888888888888 0.22314814814814815
4 0.36435185185185187 0.19074074074074074 0.1935185185185185 0.1398148148148148
4 0.3143518518518518 0.34953703703703703 0.22962962962962963 0.13333333333333333