14 0.4986111111111111 0.5 0.9972222222222222 1
15 0.22685185185185186 0.34633911368015413 0.08425925925925926 0.1001926782273603
15 0.3087962962962963 0.41522157996146436 0.09537037037037037 0.07996146435452794
15 0.4009259259259259 0.16618497109826588 0.09722222222222222 0.06647398843930635
15 0.44814814814814813 0.2649325626204239 0.07037037037037037 0.0789980732177264
15 0.6513888888888889 0.21483622350674375 0.09814814814814815 0.08574181117533719
15 0.5930555555555556 0.3227360308285164 0.06666666666666667 0.09922928709055877
15 0.788425925925926 0.3631984585741811 0.08888888888888889 0.08574181117533719
15 0.6930555555555555 0.41811175337186895 0.08425925925925926 0.051059730250481696
15 0.6925925925925925 0.5814065510597303 0.0824074074074074 0.06551059730250482
15 0.812962962962963 0.603082851637765 0.06944444444444445 0.09248554913294797
15 0.5592592592592592 0.691233140655106 0.11388888888888889 0.07514450867052024
15 0.6050925925925926 0.8078034682080925 0.05740740740740741 0.06647398843930635
15 0.4027777777777778 0.6488439306358381 0.1111111111111111 0.07032755298651253
15 0.36527777777777776 0.7760115606936416 0.08703703703703704 0.07225433526011561
15 0.31712962962962965 0.5375722543352601 0.08981481481481482 0.05491329479768786
15 0.18425925925925926 0.6001926782273603 0.07407407407407407 0.051059730250481696
2 0.21898148148148147 0.4908477842003854 0.18611111111111112 0.17533718689788053
2 0.2967592592592593 0.3015414258188825 0.09722222222222222 0.11560693641618497
2 0.3851851851851852 0.2596339113680154 0.08518518518518518 0.10982658959537572
2 0.48009259259259257 0.20761078998073218 0.08611111111111111 0.10115606936416185
2 0.562037037037037 0.21820809248554912 0.10555555555555556 0.16184971098265896
2 0.6731481481481482 0.4576107899807322 0.22592592592592592 0.13198458574181118
2 0.6685185185185185 0.2909441233140655 0.09814814814814815 0.12909441233140656
2 0.7361111111111112 0.5289017341040463 0.1361111111111111 0.14354527938342967
2 0.7263888888888889 0.6657032755298651 0.14444444444444443 0.10500963391136801
2 0.5444444444444444 0.8159922928709056 0.14907407407407408 0.15221579961464354
2 0.25277777777777777 0.6440269749518305 0.17037037037037037 0.11175337186897881
2 0.3763888888888889 0.7008670520231214 0.1574074074074074 0.11849710982658959
2 0.449537037037037 0.3530828516377649 0.10925925925925926 0.11368015414258188
2 0.537962962962963 0.3386319845857418 0.075 0.11560693641618497