14 0.47531481481481486 0.5171965317919075 0.9219166666666666 0.9467148362235068
15 0.24989814814814815 0.30809248554913293 0.07295370370370372 0.09016377649325627
15 0.32212037037037033 0.38850674373795757 0.08775 0.06796724470134874
15 0.4464166666666667 0.15496146435452793 0.09097222222222222 0.05366088631984586
15 0.47997222222222224 0.2599325626204239 0.06087962962962963 0.07093448940269749
15 0.6882870370370371 0.23947013487475916 0.08862037037037036 0.07335260115606937
15 0.6160740740740741 0.3379479768786127 0.055296296296296295 0.09207129094412331
15 0.8040185185185186 0.4063294797687861 0.07934259259259259 0.07470134874759153
15 0.7021759259259259 0.44678227360308287 0.0793611111111111 0.04
15 0.6797314814814815 0.6085838150289018 0.07612037037037037 0.05530828516377649
15 0.7959259259259259 0.6475818882466282 0.058509259259259254 0.08514450867052023
15 0.5329814814814815 0.698150289017341 0.10669444444444445 0.06104046242774566
15 0.5628425925925926 0.8202215799614644 0.05067592592592592 0.05951830443159923
15 0.3839166666666667 0.6331406551059731 0.10487037037037038 0.05626204238921002
15 0.32975925925925925 0.753766859344894 0.07987962962962962 0.06148362235067437
15 0.31401851851851853 0.5108285163776494 0.08544444444444445 0.04285163776493256
15 0.1739814814814815 0.55368978805395 0.06925925925925926 0.04185934489402698
2 0.22304629629629627 0.4501348747591522 0.1673888888888889 0.15267822736030828
2 0.3253611111111111 0.27414258188824664 0.08497222222222221 0.10415221579961464
2 0.4186388888888889 0.24548169556840077 0.07246296296296297 0.09983622350674373
2 0.5193240740740741 0.20744701348747593 0.07475925925925926 0.0911946050096339
2 0.5989444444444445 0.22982658959537572 0.08585185185185185 0.15040462427745666
2 0.6771759259259259 0.48289017341040463 0.21453703703703703 0.10258188824662813
2 0.6947685185185185 0.3172350674373796 0.08306481481481481 0.11809248554913294
2 0.7297222222222223 0.5628227360308286 0.12055555555555554 0.1275722543352601
2 0.7021759259259259 0.6966955684007706 0.1349074074074074 0.08704238921001926
2 0.5017314814814815 0.8192485549132948 0.13216666666666668 0.1346435452793834
2 0.23577777777777775 0.6066473988439307 0.16044444444444445 0.08999036608863198
2 0.3508148148148148 0.6810500963391136 0.14514814814814814 0.09909441233140655
2 0.46978703703703706 0.3470905587668593 0.09606481481481481 0.10074181117533718
2 0.5591388888888889 0.345645472061657 0.06178703703703704 0.10747591522157997