14 0.5033981481481481 0.558274074074074 0.993212962962963 0.8834592592592593
7 0.3149814814814815 0.7564518518518519 0.16575925925925927 0.0896962962962963
5 0.7785185185185185 0.40372592592592593 0.2162962962962963 0.06077777777777778
5 0.08537037037037037 0.5530444444444444 0.10160185185185186 0.17670370370370372
5 0.16036111111111112 0.44716296296296293 0.18368518518518517 0.06865185185185185
5 0.3103518518518519 0.48443703703703705 0.10094444444444443 0.08887407407407408
5 0.31837037037037036 0.5454296296296297 0.10464814814814814 0.060748148148148155
5 0.43224999999999997 0.5661333333333333 0.10401851851851852 0.11893333333333334
5 0.7417962962962963 0.6493481481481481 0.11199074074074074 0.09487407407407408
5 0.9186296296296297 0.5254074074074073 0.1385 0.10168148148148148
5 0.520212962962963 0.7354592592592593 0.12560185185185185 0.1514148148148148
5 0.5415000000000001 0.7273259259259259 0.18670370370370368 0.06107407407407408
5 0.656 0.5681481481481482 0.12558333333333332 0.13382962962962963
5 0.553537037037037 0.2812814814814815 0.0935 0.13194074074074075
12 0.31593518518518515 0.3076962962962963 0.09659259259259259 0.05762222222222223
12 0.2071111111111111 0.47840000000000005 0.11896296296296295 0.12142962962962964
12 0.28269444444444447 0.6357777777777778 0.047453703703703706 0.10282222222222222
12 0.38773148148148145 0.9110370370370371 0.0840462962962963 0.15622222222222223
12 0.5414537037037037 0.6371407407407408 0.06182407407407407 0.07340740740740741
12 0.6588611111111111 0.6675925925925926 0.07110185185185186 0.05537777777777778
12 0.7677592592592593 0.5755703703703704 0.09226851851851853 0.07518518518518519
12 0.6882592592592593 0.46682962962962965 0.06627777777777778 0.07052592592592592
12 0.6806111111111111 0.23967407407407407 0.21002777777777779 0.057607407407407406
5 0.5320462962962963 0.8987037037037037 0.10375 0.08358518518518519
5 0.5179074074074075 0.8316814814814815 0.168 0.048400000000000006
5 0.6679351851851852 0.7854740740740741 0.10949074074074074 0.08322222222222221
5 0.895287037037037 0.37925185185185184 0.12756481481481483 0.07581481481481481
5 0.2805185185185185 0.35444444444444445 0.09805555555555556 0.06783703703703703
5 0.3148888888888889 0.39215555555555554 0.08583333333333333 0.04873333333333334
7 0.4749444444444445 0.4200888888888889 0.0765 0.12302962962962963
7 0.7443055555555556 0.3224888888888889 0.17482407407407408 0.08145925925925926