14 0.34019444444444447 0.5624444444444444 0.45446296296296296 0.6096543209876543
14 0.8242314814814814 0.44665432098765434 0.3515462962962963 0.4727283950617284
13 0.740175925925926 0.3459259259259259 0.04455555555555556 0.04904938271604938
13 0.8633148148148148 0.34530864197530864 0.03774074074074074 0.06016049382716049
13 0.8242777777777778 0.5493580246913581 0.061518518518518514 0.056740740740740744
13 0.8934074074074074 0.4759259259259259 0.03928703703703704 0.04567901234567901
13 0.8966481481481482 0.40928395061728395 0.04267592592592593 0.04407407407407408
13 0.9080648148148148 0.3321481481481482 0.03464814814814815 0.033839506172839505
13 0.9483425925925927 0.3592962962962963 0.025694444444444443 0.038753086419753086
13 0.8168703703703704 0.3163086419753086 0.03436111111111111 0.022740740740740742
7 0.8576111111111111 0.4767407407407408 0.05410185185185185 0.06377777777777778
7 0.8920185185185185 0.6256666666666667 0.05193518518518519 0.08179012345679013
7 0.6903333333333332 0.5162345679012346 0.06524074074074074 0.12628395061728395
7 0.4358796296296296 0.8124444444444445 0.04089814814814815 0.043827160493827164