14 0.5 0.5 1 1
11 0.19212962962962962 0.4625 0.20185185185185187 0.1925925925925926
11 0.26064814814814813 0.23935185185185184 0.17777777777777778 0.15925925925925927
11 0.5726851851851852 0.22453703703703703 0.1648148148148148 0.17314814814814813
11 0.7671296296296296 0.3175925925925926 0.18518518518518517 0.17685185185185184
11 0.48194444444444445 0.4740740740740741 0.1814814814814815 0.16574074074074074
11 0.39444444444444443 0.7356481481481482 0.2101851851851852 0.21296296296296297
11 0.7333333333333333 0.7782407407407408 0.18333333333333332 0.16111111111111112
11 0.7986111111111112 0.6421296296296296 0.15833333333333333 0.1638888888888889
2 0.8319444444444445 0.3074074074074074 0.10833333333333334 0.10740740740740741
2 0.4842592592592593 0.22777777777777777 0.17777777777777778 0.12962962962962962
2 0.2865740740740741 0.3287037037037037 0.18611111111111112 0.09814814814814815
2 0.21203703703703702 0.5472222222222223 0.12685185185185185 0.08611111111111111
2 0.36157407407407405 0.5569444444444445 0.11851851851851852 0.0824074074074074
2 0.5111111111111111 0.6861111111111111 0.16666666666666666 0.15
2 0.7087962962962963 0.7361111111111112 0.14629629629629629 0.15462962962962962
2 0.5768518518518518 0.8412037037037037 0.11018518518518519 0.11481481481481481
2 0.6226851851851852 0.4981481481481482 0.12407407407407407 0.1259259259259259
2 0.6050925925925926 0.3976851851851852 0.08611111111111111 0.10092592592592593
2 0.6013888888888889 0.6023148148148149 0.12777777777777777 0.11203703703703703
2 0.8736111111111111 0.45 0.125 0.13518518518518519
2 0.4050925925925926 0.3962962962962963 0.175 0.10740740740740741
2 0.25787037037037036 0.712037037037037 0.12777777777777777 0.16574074074074074
2 0.2824074074074074 0.8189814814814815 0.08333333333333333 0.1175925925925926
2 0.33611111111111114 0.9458333333333333 0.06851851851851852 0.06944444444444445
2 0.4773148148148148 0.8296296296296296 0.06759259259259259 0.07592592592592592
2 0.5481481481481482 0.9018518518518519 0.07592592592592592 0.07407407407407407
2 0.8453703703703703 0.7935185185185185 0.12222222222222222 0.15
2 0.7689814814814815 0.4564814814814815 0.04814814814814815 0.06111111111111111