14 0.5040092592592593 0.501712962962963 0.9422777777777778 0.937675925925926
11 0.32257407407407407 0.4958148148148148 0.13497222222222224 0.12033333333333333
11 0.3457222222222222 0.30467592592592596 0.10719444444444444 0.09916666666666667
11 0.45034259259259257 0.23177777777777778 0.13125 0.1154074074074074
11 0.554962962962963 0.20447222222222222 0.11826851851851852 0.12560185185185185
11 0.6320555555555556 0.21719444444444444 0.13959259259259257 0.1186574074074074
11 0.5646851851851852 0.36691666666666667 0.12845370370370368 0.1264351851851852
11 0.6702407407407408 0.3963148148148148 0.10487962962962963 0.11576851851851852
11 0.7167592592592593 0.49145370370370367 0.13166666666666665 0.11524074074074074
11 0.5910833333333333 0.6053055555555555 0.1057962962962963 0.10975
11 0.4630740740740741 0.6228611111111112 0.12430555555555556 0.14756481481481482
4 0.4565925925925926 0.4506851851851852 0.12986111111111112 0.13656481481481483
4 0.37257407407407406 0.6922777777777778 0.19791666666666666 0.13826851851851854
4 0.6806481481481482 0.6638703703703703 0.17055555555555554 0.1824537037037037
4 0.28438888888888886 0.2401111111111111 0.17432407407407408 0.09503703703703703
4 0.2799814814814815 0.40673148148148147 0.2164537037037037 0.07642592592592592