14 0.5 0.5 1 1
7 0.2175925925925926 0.2533401849948613 0.16296296296296298 0.1685508735868448
7 0.22314814814814815 0.6300102774922919 0.2388888888888889 0.19013360739979446
7 0.6652777777777777 0.6726618705035972 0.21574074074074073 0.2805755395683453
11 0.5833333333333334 0.6012332990750257 0.10740740740740741 0.1510791366906475
7 0.7587962962962963 0.43319630010277493 0.29814814814814816 0.2528263103802672
7 0.649074074074074 0.21428571428571427 0.29444444444444445 0.2446043165467626
7 0.45 0.08992805755395683 0.1675925925925926 0.1408016443987667
7 0.37962962962962965 0.8093525179856115 0.15 0.1880781089414183
7 0.5458333333333333 0.8627954779033916 0.0962962962962963 0.13771839671120248
7 0.16296296296296298 0.37923946557040084 0.18611111111111112 0.17677286742034942
5 0.5791666666666667 0.06423432682425488 0.08888888888888889 0.1264131551901336
5 0.4263888888888889 0.934224049331963 0.12222222222222222 0.11510791366906475
5 0.5597222222222222 0.5349434737923947 0.10833333333333334 0.13874614594039056
5 0.16712962962962963 0.460431654676259 0.09074074074074075 0.0750256937307297
5 0.25046296296296294 0.12538540596094552 0.16666666666666666 0.11613566289825282
5 0.4685185185185185 0.18910585817060638 0.12222222222222222 0.12024665981500514
5 0.5398148148148149 0.3406988694758479 0.09907407407407408 0.11921891058581706
11 0.37407407407407406 0.5282631038026722 0.15092592592592594 0.14902363823227133
11 0.274537037037037 0.36125385405960947 0.10740740740740741 0.11202466598150052
11 0.4083333333333333 0.6623843782117164 0.13333333333333333 0.1510791366906475
11 0.6648148148148149 0.4316546762589928 0.10833333333333334 0.15313463514902365
11 0.5703703703703704 0.18910585817060638 0.1111111111111111 0.10380267214799589
11 0.3143518518518518 0.29136690647482016 0.12314814814814815 0.15621788283658788