14 0.512962962962963 0.5 0.8814814814814815 1
4 0.2569444444444444 0.5043263288009888 0.08148148148148149 0.09394313967861558
4 0.35185185185185186 0.6260815822002472 0.1037037037037037 0.13226205191594562
4 0.38657407407407407 0.7299134734239803 0.07314814814814814 0.14091470951792337
4 0.4527777777777778 0.7966625463535228 0.08888888888888889 0.103831891223733
4 0.5074074074074074 0.6965389369592089 0.1 0.10877626699629171
4 0.5648148148148148 0.7552533992583437 0.07777777777777778 0.16563658838071693
4 0.6388888888888888 0.6953028430160693 0.09166666666666666 0.13102595797280595
4 0.46296296296296297 0.5611866501854141 0.10555555555555556 0.1161928306551298
4 0.7245370370370371 0.6551297898640297 0.09351851851851851 0.08281829419035847
0 0.6699074074074074 0.5469715698393078 0.1425925925925926 0.1161928306551298