14 0.5 0.49398148148148147 1 0.9879629629629629
4 0.31851851851851853 0.39861111111111114 0.1962962962962963 0.13703703703703704
4 0.5018518518518519 0.275 0.13703703703703704 0.17407407407407408
4 0.6393518518518518 0.30972222222222223 0.16574074074074074 0.13148148148148148
4 0.7162037037037037 0.45185185185185184 0.18888888888888888 0.1574074074074074
4 0.49953703703703706 0.5949074074074074 0.1574074074074074 0.20092592592592592
4 0.35185185185185186 0.5578703703703703 0.26481481481481484 0.14629629629629629
15 0.2324074074074074 0.4898148148148148 0.1388888888888889 0.12314814814814815
15 0.3449074074074074 0.6226851851851852 0.12407407407407407 0.08611111111111111
15 0.45925925925925926 0.6791666666666667 0.06851851851851852 0.06018518518518518
15 0.6013888888888889 0.6412037037037037 0.10648148148148148 0.0824074074074074
15 0.6967592592592593 0.5555555555555556 0.12777777777777777 0.0962962962962963
15 0.799537037037037 0.38425925925925924 0.11203703703703703 0.0787037037037037
15 0.43287037037037035 0.39861111111111114 0.07037037037037037 0.06111111111111111
15 0.337037037037037 0.46296296296296297 0.05925925925925926 0.053703703703703705
15 0.5023148148148148 0.3638888888888889 0.09722222222222222 0.08611111111111111
15 0.5537037037037037 0.3958333333333333 0.06666666666666667 0.06481481481481481
15 0.6578703703703703 0.3680555555555556 0.07314814814814814 0.06666666666666667
15 0.5476851851851852 0.2337962962962963 0.07222222222222222 0.07777777777777778
15 0.40879629629629627 0.2800925925925926 0.06851851851851852 0.06759259259259259