14 0.5037037037037037 0.6833333333333333 0.8138888888888889 0.587037037037037
11 0.33611111111111114 0.6837962962962963 0.10462962962962963 0.08888888888888889
11 0.38981481481481484 0.8157407407407408 0.1361111111111111 0.09722222222222222
11 0.4634259259259259 0.6824074074074075 0.09074074074074075 0.08148148148148149
11 0.5958333333333333 0.7273148148148149 0.12129629629629629 0.08703703703703704
11 0.6925925925925925 0.7814814814814814 0.10092592592592593 0.07314814814814814
11 0.6643518518518519 0.8018518518518518 0.12314814814814815 0.09722222222222222
11 0.763425925925926 0.7861111111111111 0.04814814814814815 0.03888888888888889
11 0.7189814814814814 0.6523148148148148 0.09444444444444444 0.07777777777777778
11 0.6689814814814815 0.5583333333333333 0.09074074074074075 0.06851851851851852
11 0.624537037037037 0.5925925925925926 0.08703703703703704 0.0712962962962963
11 0.6287037037037037 0.6527777777777778 0.08703703703703704 0.07314814814814814
11 0.5365740740740741 0.6365740740740741 0.0787037037037037 0.06018518518518518
11 0.49583333333333335 0.5888888888888889 0.09074074074074075 0.07222222222222222
11 0.475462962962963 0.5342592592592592 0.08425925925925926 0.06666666666666667
11 0.3912037037037037 0.5273148148148148 0.08148148148148149 0.05648148148148148
11 0.37083333333333335 0.6101851851851852 0.10462962962962963 0.07222222222222222
15 0.41712962962962963 0.6601851851851852 0.06481481481481481 0.06666666666666667