14 0.5 0.5333333333333333 1 0.9333333333333333
11 0.4583333333333333 0.2837037037037037 0.125 0.0962962962962963
11 0.8675925925925926 0.42592592592592593 0.11851851851851852 0.09703703703703703
11 0.7689814814814815 0.5611111111111111 0.1259259259259259 0.1325925925925926
11 0.6347222222222222 0.9366666666666666 0.1537037037037037 0.11407407407407408
11 0.3523148148148148 0.7814814814814814 0.1259259259259259 0.11555555555555555
11 0.18055555555555555 0.6759259259259259 0.14166666666666666 0.09111111111111111
11 0.18333333333333332 0.44481481481481483 0.11574074074074074 0.09407407407407407
11 0.42824074074074076 0.5392592592592592 0.14629629629629629 0.09333333333333334
8 0.7032407407407407 0.8451851851851852 0.1175925925925926 0.0837037037037037
8 0.9333333333333333 0.6681481481481482 0.09814814814814815 0.08
8 0.7601851851851852 0.7870370370370371 0.09351851851851851 0.08962962962962963
8 0.5032407407407408 0.837037037037037 0.10092592592592593 0.0962962962962963
8 0.15694444444444444 0.7381481481481481 0.11388888888888889 0.07555555555555556
8 0.12731481481481483 0.6044444444444445 0.07962962962962963 0.08296296296296296
8 0.38055555555555554 0.5803703703703704 0.11203703703703703 0.07555555555555556
8 0.2675925925925926 0.3351851851851852 0.12129629629629629 0.09333333333333334
2 0.42916666666666664 0.45 0.2222222222222222 0.11925925925925926
2 0.37777777777777777 0.6607407407407407 0.30648148148148147 0.18
2 0.7087962962962963 0.46444444444444444 0.22870370370370371 0.2814814814814815
2 0.600462962962963 0.2825925925925926 0.14166666666666666 0.08518518518518518
2 0.1412037037037037 0.57 0.2462962962962963 0.10444444444444445
8 0.3472222222222222 0.2437037037037037 0.10648148148148148 0.08666666666666667
8 0.5685185185185185 0.7637037037037037 0.08796296296296297 0.06814814814814815
8 0.6134259259259259 0.7311111111111112 0.08888888888888889 0.07037037037037037
8 0.6611111111111111 0.6570370370370371 0.10185185185185185 0.06814814814814815
8 0.5740740740740741 0.6714814814814815 0.11203703703703703 0.0874074074074074
8 0.49444444444444446 0.3340740740740741 0.08888888888888889 0.08518518518518518
8 0.7717592592592593 0.43962962962962965 0.10555555555555556 0.10296296296296296
8 0.08009259259259259 0.4351851851851852 0.10740740740740741 0.0837037037037037