14 0.5322592592592593 0.6806574074074074 0.7487777777777778 0.4761388888888889
11 0.3670185185185185 0.7071018518518518 0.09423148148148147 0.07531481481481482
11 0.4403888888888889 0.829287037037037 0.12523148148148147 0.07894444444444446
11 0.49224074074074076 0.6858148148148148 0.08077777777777777 0.06976851851851851
11 0.630425925925926 0.7094166666666666 0.11177777777777778 0.07068518518518518
11 0.7343518518518519 0.7480648148148148 0.09277777777777778 0.06001851851851851
11 0.7095833333333333 0.7725925925925926 0.1126851851851852 0.08128703703703705
11 0.8049537037037037 0.741361111111111 0.0441574074074074 0.032712962962962965
11 0.7399074074074075 0.6161574074074074 0.08537037037037037 0.06472222222222222
11 0.6762592592592592 0.5312314814814815 0.08306481481481481 0.05690740740740741
11 0.6373703703703704 0.5721944444444444 0.07937037037037037 0.06012037037037038
11 0.6507962962962963 0.6307407407407408 0.07844444444444444 0.06147222222222222
11 0.5575185185185185 0.6293518518518519 0.07243518518518519 0.049444444444444444
11 0.5096018518518518 0.5886203703703704 0.08309259259259259 0.06057407407407408
11 0.48112962962962963 0.5374814814814814 0.07708333333333334 0.05551851851851852
11 0.39687962962962964 0.5441944444444444 0.07524074074074075 0.0457962962962963
11 0.3894722222222222 0.6288888888888889 0.09746296296296297 0.057777777777777775
15 0.4431759259259259 0.6709999999999999 0.056712962962962965 0.05867592592592592