14 0.5 0.48518518518518516 1 0.9407407407407408
4 0.3282407407407407 0.38333333333333336 0.19166666666666668 0.12407407407407407
4 0.5212962962962963 0.2759259259259259 0.1259259259259259 0.1685185185185185
4 0.6555555555555556 0.32222222222222224 0.16018518518518518 0.12129629629629629
4 0.7194444444444444 0.4708333333333333 0.1824074074074074 0.14537037037037037
4 0.4912037037037037 0.5944444444444444 0.14444444444444443 0.19444444444444445
4 0.3472222222222222 0.5444444444444444 0.26296296296296295 0.12685185185185185
15 0.23472222222222222 0.4666666666666667 0.13240740740740742 0.11481481481481481
15 0.3351851851851852 0.6087962962962963 0.12129629629629629 0.07685185185185185
15 0.4439814814814815 0.675 0.06574074074074074 0.05555555555555555
15 0.5888888888888889 0.649537037037037 0.10277777777777777 0.07592592592592592
15 0.6912037037037037 0.5726851851851852 0.12407407407407407 0.08796296296296297
15 0.8083333333333333 0.41064814814814815 0.10925925925925926 0.0712962962962963
15 0.44212962962962965 0.39305555555555555 0.06759259259259259 0.05648148148148148
15 0.34074074074074073 0.44907407407407407 0.05648148148148148 0.05092592592592592
15 0.5138888888888888 0.3648148148148148 0.09259259259259259 0.07962962962962963
15 0.562962962962963 0.4009259259259259 0.06296296296296296 0.06111111111111111
15 0.6689814814814815 0.3819444444444444 0.07037037037037037 0.06296296296296296
15 0.5708333333333333 0.2388888888888889 0.06759259259259259 0.07407407407407407
15 0.42824074074074076 0.27314814814814814 0.06574074074074074 0.06388888888888888