14 0.5 0.4855555555555556 1 0.8762962962962964
9 0.20277777777777778 0.4225925925925926 0.06574074074074074 0.04666666666666667
9 0.15 0.5814814814814815 0.06944444444444445 0.05333333333333334
9 0.38101851851851853 0.5659259259259259 0.04537037037037037 0.04
9 0.4837962962962963 0.7818518518518518 0.07777777777777778 0.0874074074074074
9 0.3365740740740741 0.7744444444444445 0.07314814814814814 0.06
9 0.6930555555555555 0.5225925925925926 0.06481481481481481 0.06962962962962962
9 0.8101851851851852 0.5062962962962962 0.08425925925925926 0.057777777777777775
9 0.9523148148148148 0.4892592592592593 0.05462962962962963 0.054814814814814816
9 0.7171296296296297 0.35703703703703704 0.046296296296296294 0.04666666666666667
9 0.8032407407407407 0.2237037037037037 0.06944444444444445 0.045925925925925926
9 0.6583333333333333 0.20222222222222222 0.06018518518518518 0.04888888888888889
9 0.38564814814814813 0.21592592592592594 0.06851851851851852 0.04518518518518518
9 0.31574074074074077 0.17444444444444446 0.058333333333333334 0.03851851851851852
9 0.30925925925925923 0.2948148148148148 0.07592592592592592 0.09185185185185185
9 0.09351851851851851 0.27666666666666667 0.058333333333333334 0.042222222222222223
9 0.48333333333333334 0.3574074074074074 0.05555555555555555 0.057777777777777775
12 0.5212962962962963 0.47074074074074074 0.07314814814814814 0.04148148148148148
12 0.5699074074074074 0.6796296296296296 0.09722222222222222 0.20592592592592593
12 0.4824074074074074 0.6229629629629629 0.06851851851851852 0.06074074074074074
12 0.3527777777777778 0.6362962962962962 0.06759259259259259 0.061481481481481484
12 0.2199074074074074 0.705925925925926 0.11388888888888889 0.05703703703703704
12 0.3768518518518518 0.8237037037037037 0.07222222222222222 0.04814814814814815
12 0.7939814814814815 0.2811111111111111 0.16111111111111112 0.05037037037037037
12 0.7685185185185185 0.45296296296296296 0.10092592592592593 0.06222222222222222
12 0.5324074074074074 0.1688888888888889 0.07222222222222222 0.14962962962962964
12 0.40879629629629627 0.18 0.12685185185185185 0.045925925925925926
12 0.2310185185185185 0.16703703703703704 0.10092592592592593 0.05851851851851852
12 0.1375 0.33740740740740743 0.10555555555555556 0.10444444444444445
12 0.13055555555555556 0.5166666666666667 0.18703703703703703 0.051111111111111114
12 0.8013888888888889 0.6151851851851852 0.07222222222222222 0.08222222222222222
9 0.22962962962962963 0.3296296296296296 0.07407407407407407 0.05037037037037037
8 0.4337962962962963 0.5044444444444445 0.05740740740740741 0.05703703703703704
8 0.8347222222222223 0.572962962962963 0.09814814814814815 0.06666666666666667
8 0.3287037037037037 0.5511111111111111 0.07037037037037037 0.06592592592592593
8 0.4773148148148148 0.4088888888888889 0.06759259259259259 0.04814814814814815
8 0.6166666666666667 0.26407407407407407 0.07962962962962963 0.06888888888888889