14 0.5013518518518519 0.4855555555555556 0.9829444444444444 0.8367925925925926
9 0.20820370370370372 0.4101407407407408 0.06331481481481481 0.04399259259259259
9 0.1449351851851852 0.566637037037037 0.0664074074074074 0.05080740740740741
9 0.3767037037037037 0.5607185185185185 0.0422962962962963 0.03896296296296296
9 0.4655833333333333 0.780888888888889 0.07191666666666667 0.08424444444444444
9 0.31899074074074074 0.7670666666666667 0.06885185185185184 0.05660740740740741
9 0.6911851851851852 0.5306 0.060148148148148145 0.06761481481481482
9 0.8093888888888888 0.5192444444444445 0.0805 0.05478518518518518
9 0.9522777777777778 0.5083851851851853 0.05146296296296296 0.052814814814814814
9 0.7263703703703703 0.3662074074074074 0.04409259259259259 0.045007407407407406
9 0.821111111111111 0.23686666666666664 0.06691666666666667 0.043111111111111114
9 0.6776018518518518 0.20921481481481483 0.05768518518518518 0.047074074074074074
9 0.40417592592592594 0.21168888888888887 0.06637037037037037 0.042133333333333335
9 0.33750925925925923 0.1670074074074074 0.0565 0.03673333333333333
9 0.3230092592592593 0.2869629629629629 0.0707037037037037 0.0889925925925926
9 0.10851851851851853 0.26006666666666667 0.05530555555555555 0.04013333333333333
9 0.4927407407407407 0.3568222222222222 0.05215740740740741 0.055874074074074076
12 0.5232962962962963 0.47185185185185186 0.07005555555555555 0.039014814814814815
12 0.5581666666666667 0.6821333333333334 0.08424074074074074 0.20279259259259258
12 0.4742314814814814 0.6221777777777778 0.06450925925925927 0.05817777777777778
12 0.3439907407407407 0.6298296296296296 0.0632962962962963 0.058666666666666666
12 0.20696296296296296 0.693762962962963 0.11022222222222222 0.0532
12 0.3560277777777778 0.8181703703703703 0.0688425925925926 0.04522222222222222
12 0.8078425925925926 0.29388148148148147 0.15764814814814815 0.04357037037037037
12 0.771425925925926 0.46419999999999995 0.09716666666666667 0.058274074074074075
12 0.5538518518518518 0.1706962962962963 0.06325925925925925 0.14780740740740742
12 0.4297870370370371 0.17663703703703704 0.12376851851851851 0.04117037037037037
12 0.25294444444444447 0.15614814814814815 0.09725925925925927 0.054511111111111114
12 0.1486388888888889 0.3225037037037037 0.09850925925925925 0.10081481481481482
12 0.13011111111111112 0.5012296296296296 0.18492592592592594 0.043444444444444445
12 0.7936481481481481 0.6276 0.06753703703703703 0.07891111111111111
9 0.24109259259259258 0.31851111111111113 0.07125925925925926 0.04686666666666667
8 0.43344444444444447 0.5017407407407407 0.05400925925925926 0.054762962962962965
8 0.8295277777777778 0.5869629629629629 0.09435185185185185 0.06327407407407408
8 0.32558333333333334 0.5439703703703703 0.06673148148148147 0.06287407407407407
8 0.4834722222222222 0.40805925925925923 0.06442592592592593 0.04552592592592593
8 0.6321296296296297 0.2691777777777778 0.07546296296296297 0.06617777777777778