14 0.5199074074074074 0.48853703703703705 0.9601851851851851 0.7863425925925925
4 0.3510462962962963 0.3553518518518518 0.17801851851851852 0.09403703703703704
4 0.5600555555555555 0.28314814814814815 0.10067592592592593 0.15332407407407408
4 0.6841203703703704 0.3521111111111111 0.14509259259259258 0.09682407407407406
4 0.7211574074074074 0.5092407407407408 0.1636111111111111 0.11939814814814814
4 0.47487962962962965 0.5913796296296296 0.11549999999999999 0.1772037037037037
4 0.34178703703703706 0.5173425925925926 0.2520925925925926 0.08468518518518518
15 0.24434259259259258 0.42107407407407405 0.11738888888888889 0.09585185185185185
15 0.3186481481481481 0.5784351851851852 0.11321296296296296 0.05873148148148148
15 0.41424074074074074 0.6624444444444445 0.059037037037037034 0.04618518518518519
15 0.5614537037037037 0.662675925925926 0.09419444444444444 0.060527777777777785
15 0.6755555555555556 0.6045833333333334 0.11408333333333333 0.06936111111111111
15 0.8192962962962963 0.46550925925925923 0.10062962962962964 0.055092592592592596
15 0.46146296296296296 0.38475 0.06087962962962963 0.04635185185185185
15 0.35198148148148145 0.42200925925925925 0.05025 0.042166666666666665
15 0.5373796296296296 0.3692407407407407 0.08309259259259259 0.06625925925925927
15 0.5790462962962963 0.41321296296296295 0.05530555555555555 0.05235185185185185
15 0.686675925925926 0.41321296296296295 0.06223148148148148 0.05235185185185185
15 0.6149166666666667 0.2551574074074074 0.05761111111111111 0.06494444444444444
15 0.4688703703703704 0.2639537037037037 0.05717592592592593 0.05475925925925926