14 0.5 0.5533333333333333 1 0.8933333333333333
11 0.48657407407407405 0.2815333333333333 0.11387962962962962 0.08800740740740741
11 0.8751203703703704 0.457037037037037 0.10702777777777778 0.08839259259259259
11 0.7596944444444444 0.5834148148148148 0.11075 0.12385925925925927
11 0.5769907407407407 0.945525925925926 0.1404074074074074 0.1024148148148148
11 0.3165185185185185 0.7675555555555555 0.1132962962962963 0.10696296296296297
11 0.15912962962962965 0.6483407407407408 0.13183333333333333 0.08087407407407408
11 0.19214814814814815 0.4187777777777778 0.10528703703703703 0.08594814814814815
11 0.4236111111111111 0.5330666666666667 0.1361111111111111 0.08242222222222222
8 0.6569259259259259 0.8603703703703703 0.10891666666666666 0.0753111111111111
8 0.9090648148148148 0.7036296296296296 0.08850925925925926 0.07294074074074074
8 0.7214259259259259 0.8073037037037036 0.08360185185185186 0.08274814814814814
8 0.4591018518518518 0.835437037037037 0.08981481481481482 0.08964444444444444
8 0.12764814814814815 0.7083185185185186 0.10591666666666667 0.0675037037037037
8 0.11592592592592593 0.5728074074074074 0.07012037037037037 0.07795555555555556
8 0.3705277777777778 0.5700888888888889 0.10402777777777777 0.06759259259259259
8 0.2906018518518519 0.3168296296296296 0.11082407407407407 0.08452592592592592
2 0.4359537037037037 0.4442 0.21017592592592593 0.10222222222222223
2 0.35756481481481484 0.6495629629629629 0.287962962962963 0.15739259259259258
2 0.7124722222222223 0.4821851851851852 0.1953148148148148 0.2670888888888889
2 0.6282222222222222 0.29214814814814816 0.13175925925925927 0.07467407407407407
2 0.13412962962962965 0.5394814814814815 0.23614814814814813 0.08537777777777777
8 0.38169444444444445 0.23237037037037037 0.09621296296296296 0.07914814814814815
8 0.5335555555555556 0.7680518518518518 0.08048148148148149 0.06161481481481482
8 0.5825370370370371 0.739237037037037 0.08123148148148149 0.06325185185185185
8 0.639888888888889 0.6695777777777777 0.09407407407407407 0.06096296296296296
8 0.5514259259259259 0.6768814814814814 0.10233333333333333 0.07928148148148148
8 0.5161944444444444 0.33434074074074077 0.07816666666666666 0.07938518518518518
8 0.7782407407407408 0.46285925925925925 0.093 0.09568148148148148
8 0.09073148148148148 0.40050370370370364 0.09811111111111111 0.0754962962962963