14 0.5057407407407408 0.4931757451181912 0.9885185185185185 0.9863412127440905
7 0.26991666666666664 0.19349434737923948 0.13910185185185184 0.13950668036998973
7 0.20474074074074075 0.5631654676258994 0.2161388888888889 0.14298047276464543
7 0.6293333333333333 0.7071942446043166 0.17274074074074075 0.24604316546762592
11 0.562675925925926 0.618448098663926 0.08387037037037037 0.13431654676258992
7 0.7656111111111111 0.49452209660842755 0.2675277777777778 0.19480986639260023
7 0.699138888888889 0.2547173689619733 0.26420370370370366 0.1879650565262076
7 0.5276759259259259 0.08747173689619733 0.1509074074074074 0.10833504624871532
7 0.3243611111111111 0.7748098663926002 0.12205555555555556 0.16340184994861254
7 0.4767592592592592 0.8656423432682425 0.075 0.12307297019527236
7 0.1928888888888889 0.3038437821171634 0.16281481481481483 0.14231243576567318
5 0.6589629629629629 0.09177800616649537 0.06904629629629629 0.11285714285714286
5 0.34658333333333335 0.9075745118191162 0.10724074074074073 0.09180883864337101
5 0.55175 0.5479650565262075 0.08794444444444445 0.12080164439876671
5 0.18177777777777776 0.3844090441932168 0.08134259259259259 0.05678314491264132
5 0.32584259259259263 0.07616649537512847 0.15464814814814815 0.08163412127440905
5 0.5276759259259259 0.18857142857142856 0.10647222222222222 0.09677286742034943
5 0.5686018518518519 0.3535765673175745 0.0809074074074074 0.10201438848920864
11 0.3715833333333333 0.49864337101747175 0.13130555555555556 0.12082219938335047
11 0.30547222222222226 0.31206577595066803 0.09169444444444444 0.09299075025693732
11 0.38010185185185186 0.6379650565262076 0.11130555555555555 0.1281397738951696
11 0.6737777777777777 0.4713155190133607 0.08385185185185186 0.13605344295991778
11 0.626925925925926 0.21219938335046248 0.09756481481481481 0.08237410071942447
11 0.35762962962962963 0.2532579650565262 0.10002777777777778 0.13606372045220966