14 0.5 0.49540740740740735 1 0.9908148148148147
11 0.2523240740740741 0.3531111111111111 0.2614351851851852 0.17384444444444444
11 0.5374907407407408 0.2124074074074074 0.20954629629629629 0.16703703703703704
11 0.581925925925926 0.4427037037037037 0.27373148148148146 0.18812592592592592
11 0.47946296296296304 0.6683111111111111 0.31572222222222224 0.21464444444444444
12 0.6448796296296296 0.6280888888888888 0.3008796296296296 0.12926666666666667
12 0.20850000000000002 0.3257185185185185 0.20589814814814816 0.10229629629629629
12 0.6393333333333333 0.41159999999999997 0.12928703703703703 0.19505185185185184
12 0.30077777777777776 0.5713185185185184 0.17439814814814814 0.10461481481481481
12 0.42916666666666664 0.528874074074074 0.13487962962962963 0.03947407407407407
12 0.45107407407407407 0.2998 0.13549074074074074 0.07516296296296296
12 0.19060185185185186 0.2733925925925926 0.13306481481481483 0.05691111111111111
12 0.12549074074074074 0.4676518518518519 0.12011111111111111 0.09480740740740741
10 0.23905555555555555 0.48 0.17440740740740743 0.05036296296296296
10 0.2646759259259259 0.629325925925926 0.18243518518518517 0.10705185185185186