14 0.5137777777777778 0.4992336217552534 0.7738518518518518 0.9984672435105068
4 0.26058333333333333 0.5551792336217553 0.07302777777777779 0.07946847960444994
4 0.36860185185185185 0.6556860321384426 0.09152777777777778 0.11564894932014834
4 0.4150462962962963 0.7508652657601979 0.05787962962962963 0.13072929542645242
4 0.4878796296296296 0.8027317676143386 0.08008333333333333 0.08838071693448703
4 0.5304722222222222 0.6927564894932016 0.09119444444444444 0.09091470951792335
4 0.5938981481481481 0.7385166872682324 0.060620370370370366 0.15543881334981458
4 0.6600925925925926 0.6639184177997528 0.07882407407407407 0.11564894932014834
4 0.4706018518518518 0.5679480840543881 0.09490740740740741 0.09676143386897404
4 0.7398703703703703 0.6062669962917182 0.08714814814814816 0.06625463535228678
0 0.6735092592592592 0.5106922126081582 0.13344444444444445 0.08938195302843016