14 0.5 0.5 1 1
11 0.31666666666666665 0.30148148148148146 0.3138888888888889 0.22740740740740742
11 0.6407407407407407 0.2337037037037037 0.262037037037037 0.2088888888888889
11 0.5990740740740741 0.46444444444444444 0.33055555555555555 0.2437037037037037
11 0.41898148148148145 0.6562962962962963 0.38055555555555554 0.27925925925925926
12 0.5916666666666667 0.6562962962962963 0.3351851851851852 0.19407407407407407
12 0.2847222222222222 0.2651851851851852 0.23425925925925925 0.14592592592592593
12 0.6657407407407407 0.44814814814814813 0.19444444444444445 0.2162962962962963
12 0.2833333333333333 0.5214814814814814 0.20462962962962963 0.14074074074074075
12 0.4217592592592593 0.5111111111111111 0.14351851851851852 0.06962962962962962
12 0.5263888888888889 0.29703703703703704 0.15648148148148147 0.10296296296296296
12 0.28703703703703703 0.2111111111111111 0.14814814814814814 0.08518518518518518
12 0.1537037037037037 0.3814814814814815 0.14907407407407408 0.11851851851851852
10 0.25787037037037036 0.42 0.18518518518518517 0.08888888888888889
10 0.22777777777777777 0.5685185185185185 0.21388888888888888 0.1451851851851852