14 0.5 0.5869872701555869 1 0.826025459688826
11 0.13055555555555556 0.39745403111739747 0.11296296296296296 0.11315417256011315
11 0.12129629629629629 0.5869872701555869 0.11018518518518519 0.10608203677510608
11 0.20833333333333334 0.7779349363507779 0.12222222222222222 0.11598302687411598
11 0.36435185185185187 0.632956152758133 0.09537037037037037 0.10042432814710042
11 0.3476851851851852 0.3613861386138614 0.09814814814814815 0.09759547383309759
11 0.4152777777777778 0.46605374823196605 0.1111111111111111 0.08628005657708628
11 0.5291666666666667 0.31541725601131543 0.09537037037037037 0.11032531824611033
11 0.625 0.41937765205091937 0.09907407407407408 0.10891089108910891
11 0.7611111111111111 0.4115983026874116 0.09907407407407408 0.13154172560113153
11 0.7342592592592593 0.628005657708628 0.10833333333333334 0.10891089108910891
11 0.9143518518518519 0.57991513437058 0.09814814814814815 0.11032531824611033
11 0.8175925925925925 0.830975954738331 0.13518518518518519 0.12446958981612447
11 0.5972222222222222 0.7878359264497878 0.12129629629629629 0.12164073550212164
11 0.5388888888888889 0.5657708628005658 0.09074074074074075 0.1272984441301273
11 0.43148148148148147 0.917963224893918 0.15833333333333333 0.08345120226308345
9 0.14907407407407408 0.657001414427157 0.04814814814814815 0.03818953323903819
9 0.17685185185185184 0.57991513437058 0.05648148148148148 0.055162659123055166
9 0.20092592592592592 0.5381895332390382 0.06018518518518518 0.06223479490806223
9 0.26481481481481484 0.4893917963224894 0.06111111111111111 0.06223479490806223
9 0.29953703703703705 0.516973125884017 0.05 0.05233380480905234
9 0.25925925925925924 0.3868458274398868 0.05 0.06082036775106082
9 0.42083333333333334 0.2835926449787836 0.06296296296296296 0.05091937765205092
9 0.4759259259259259 0.40381895332390383 0.05092592592592592 0.056577086280056574
9 0.45185185185185184 0.5947666195190948 0.04351851851851852 0.04384724186704385
9 0.4777777777777778 0.6874115983026874 0.07222222222222222 0.07637906647807638
9 0.33564814814814814 0.7425742574257426 0.053703703703703705 0.04809052333804809
9 0.29814814814814816 0.8585572842998586 0.06111111111111111 0.055162659123055166
9 0.5583333333333333 0.92008486562942 0.05277777777777778 0.026874115983026876
9 0.7245370370370371 0.8776520509193777 0.06296296296296296 0.08203677510608204
9 0.8893518518518518 0.7807637906647807 0.05 0.026874115983026876
9 0.6800925925925926 0.7376237623762376 0.05 0.04950495049504951
9 0.65 0.6202263083451203 0.04351851851851852 0.06223479490806223
9 0.6453703703703704 0.5742574257425742 0.040740740740740744 0.055162659123055166
9 0.6726851851851852 0.37623762376237624 0.04722222222222222 0.05374823196605375
9 0.8157407407407408 0.5403111739745403 0.06018518518518518 0.033946251768033946
15 0.8148148148148148 0.5742574257425742 0.062037037037037036 0.031117397454031116
15 0.9212962962962963 0.7291371994342292 0.07777777777777778 0.09052333804809053
15 0.6300925925925925 0.8826025459688827 0.08333333333333333 0.07496463932107496
15 0.49166666666666664 0.8642149929278642 0.05 0.08203677510608204
15 0.42314814814814816 0.78995756718529 0.05925925925925926 0.08203677510608204
15 0.40879629629629627 0.6852899575671852 0.04722222222222222 0.06789250353606789
15 0.43842592592592594 0.7291371994342292 0.05277777777777778 0.042432814710042434
15 0.5768518518518518 0.6541725601131542 0.0787037037037037 0.06930693069306931
15 0.6703703703703704 0.6753889674681753 0.04814814814814815 0.04809052333804809
15 0.537962962962963 0.40381895332390383 0.06388888888888888 0.05233380480905234
15 0.41712962962962963 0.36916548797736914 0.04351851851851852 0.0891089108910891
15 0.3162037037037037 0.5714285714285714 0.07685185185185185 0.06082036775106082
15 0.1337962962962963 0.6973125884016973 0.05740740740740741 0.05091937765205092