14 0.530203125 0.53290625 0.86309375 0.8059843750000001
11 0.478015625 0.729609375 0.0890625 0.08778125
11 0.35681250000000003 0.341109375 0.12792187500000002 0.083109375
11 0.27490625 0.41898437499999996 0.08462499999999999 0.07368749999999999
11 0.462171875 0.43059375 0.070765625 0.06118749999999999
11 0.507703125 0.326609375 0.07253125 0.076421875
11 0.571078125 0.27840625 0.092171875 0.10501562499999999
11 0.49140625 0.2480625 0.044421875 0.06218749999999999
11 0.655234375 0.5881406250000001 0.09528125 0.063765625
11 0.653 0.475 0.081890625 0.065171875
11 0.80565625 0.5002187499999999 0.065796875 0.057578125
0 0.49921875 0.5138125 0.0645 0.09817187499999999
0 0.675984375 0.39465625000000004 0.060906249999999995 0.083078125
0 0.44721875000000005 0.21503125 0.05425 0.031859375