14 0.5 0.5 1 1
11 0.225 0.6356481481481482 0.29444444444444445 0.24537037037037038
11 0.6087962962962963 0.7851851851851852 0.3472222222222222 0.337037037037037
11 0.49583333333333335 0.5111111111111111 0.2675925925925926 0.23055555555555557
11 0.8875 0.6300925925925925 0.2175925925925926 0.2
11 0.8106481481481481 0.43148148148148147 0.18518518518518517 0.14537037037037037
11 0.5972222222222222 0.35694444444444445 0.18425925925925926 0.15833333333333333
11 0.3453703703703704 0.32916666666666666 0.2462962962962963 0.16574074074074074
11 0.11898148148148148 0.48055555555555557 0.23796296296296296 0.25
11 0.075 0.3148148148148148 0.11203703703703703 0.14537037037037037
11 0.1037037037037037 0.20462962962962963 0.1175925925925926 0.10277777777777777
11 0.24305555555555555 0.22824074074074074 0.17407407407407408 0.12407407407407407
11 0.45694444444444443 0.25324074074074077 0.21296296296296297 0.12314814814814815
11 0.6587962962962963 0.24861111111111112 0.2074074074074074 0.12685185185185185
11 0.8671296296296296 0.3162037037037037 0.13333333333333333 0.09814814814814815
11 0.7768518518518519 0.21944444444444444 0.13796296296296295 0.10185185185185185
11 0.7949074074074074 0.1574074074074074 0.16203703703703703 0.12407407407407407
11 0.8347222222222223 0.0837962962962963 0.09722222222222222 0.06574074074074074
11 0.7240740740740741 0.05787037037037037 0.13148148148148148 0.06018518518518518
11 0.5625 0.13935185185185187 0.14814814814814814 0.11944444444444445
11 0.6782407407407407 0.14212962962962963 0.08333333333333333 0.07037037037037037
11 0.500462962962963 0.019444444444444445 0.14166666666666666 0.03888888888888889
11 0.4162037037037037 0.14953703703703702 0.1935185185185185 0.13055555555555556
11 0.15185185185185185 0.09074074074074075 0.16203703703703703 0.11018518518518519
11 0.22314814814814815 0.03194444444444444 0.10925925925925926 0.06388888888888888
11 0.30416666666666664 0.018518518518518517 0.09537037037037037 0.037037037037037035
11 0.2898148148148148 0.1087962962962963 0.09722222222222222 0.06388888888888888
10 0.5949074074074074 0.7018518518518518 0.19444444444444445 0.12777777777777777
10 0.8949074074074074 0.5462962962962963 0.17777777777777778 0.14722222222222223
10 0.9458333333333333 0.36435185185185187 0.10833333333333334 0.13240740740740742
10 0.5722222222222222 0.3282407407407407 0.11666666666666667 0.10185185185185185
10 0.47129629629629627 0.16527777777777777 0.16944444444444445 0.10925925925925926
10 0.10324074074074074 0.1574074074074074 0.08611111111111111 0.0787037037037037
10 0.13287037037037036 0.41898148148148145 0.11296296296296296 0.12037037037037036
10 0.18518518518518517 0.2902777777777778 0.09074074074074075 0.10462962962962963
10 0.46435185185185185 0.15601851851851853 0.14907407407407408 0.08518518518518518
10 0.586574074074074 0.05694444444444444 0.14722222222222223 0.08518518518518518
10 0.9842592592592593 0.3282407407407407 0.03148148148148148 0.08611111111111111