14 0.5050925925925925 0.49027777777777776 0.9898148148148148 0.9805555555555555
4 0.22361111111111112 0.3819444444444444 0.12129629629629629 0.15925925925925927
4 0.36712962962962964 0.3888888888888889 0.14444444444444443 0.16944444444444445
4 0.3638888888888889 0.20555555555555555 0.13518518518518519 0.1398148148148148
4 0.5412037037037037 0.21064814814814814 0.16574074074074074 0.125
4 0.5509259259259259 0.3912037037037037 0.18055555555555555 0.1787037037037037
4 0.7699074074074074 0.38796296296296295 0.21296296296296297 0.1675925925925926
4 0.7671296296296296 0.5930555555555556 0.1824074074074074 0.13703703703703704
4 0.562037037037037 0.5851851851851851 0.1814814814814815 0.13518518518518519
4 0.3819444444444444 0.5837962962962963 0.13796296296296295 0.11296296296296296
4 0.22314814814814815 0.5763888888888888 0.1259259259259259 0.1175925925925926
4 0.40046296296296297 0.7592592592592593 0.13055555555555556 0.11018518518518519
4 0.5875 0.7662037037037037 0.13796296296296295 0.11851851851851852