14 0.5 0.5225974025974026 1 0.8105627705627706
9 0.34596296296296297 0.38725541125541124 0.04747222222222223 0.0636883116883117
9 0.4373888888888889 0.49934199134199136 0.08680555555555555 0.03678787878787879
9 0.42998148148148146 0.42187878787878785 0.07200000000000001 0.06366233766233767
9 0.49200925925925926 0.3690822510822511 0.06643518518518518 0.06196536796536796
9 0.6438518518518519 0.2773333333333333 0.055296296296296295 0.03432034632034632
9 0.7373611111111111 0.35090043290043293 0.057129629629629634 0.06024242424242424
9 0.835037037037037 0.38465800865800864 0.08396296296296298 0.0654112554112554
9 0.6369074074074074 0.4865714285714286 0.06918518518518518 0.058865800865800864
9 0.6563518518518519 0.5794025974025975 0.10806481481481481 0.06703030303030304
9 0.7831851851851852 0.5765887445887447 0.10249074074074074 0.06573160173160174
9 0.8697592592592593 0.5285541125541126 0.044148148148148145 0.030277056277056277
9 0.7044907407407408 0.6668225108225108 0.09324074074074075 0.06870995670995671
9 0.31054629629629626 0.2511515151515151 0.05164814814814815 0.04861471861471861
9 0.3466574074074074 0.2747359307359307 0.05349074074074074 0.04644155844155844
9 0.1672685185185185 0.31173160173160175 0.07898148148148147 0.07282251082251082
9 0.11612037037037037 0.42663203463203464 0.05537962962962963 0.06452813852813853
9 0.3126296296296296 0.3152034632034632 0.09192592592592592 0.04511688311688312
9 0.7709259259259259 0.21674458874458874 0.06407407407407407 0.05167099567099567
9 0.7415277777777778 0.2563463203463203 0.05620370370370371 0.04861471861471861
9 0.5216388888888889 0.1433939393939394 0.07012962962962963 0.03916883116883117
9 0.24480555555555555 0.35284848484848486 0.07202777777777779 0.059809523809523805
9 0.1941203703703704 0.41625108225108226 0.05861111111111111 0.06107359307359308
9 0.2718888888888889 0.4143030303030303 0.066 0.04419047619047619
9 0.22907407407407407 0.48398268398268396 0.05906481481481481 0.053670995670995675
9 0.3003611111111111 0.4841991341991342 0.0535 0.04977489177489178
9 0.3584537037037037 0.5445627705627706 0.08173148148148147 0.07094372294372295
9 0.14226851851851852 0.546943722943723 0.06602777777777778 0.06272727272727273
9 0.2529074074074074 0.5900086580086581 0.055824074074074075 0.04928138528138528
9 0.2610092592592593 0.5348311688311689 0.058138888888888886 0.038493506493506496
9 0.3788240740740741 0.6473506493506493 0.06691666666666667 0.07304761904761906
9 0.5376111111111112 0.5871948051948053 0.07892592592592593 0.0652987012987013
9 0.7702314814814815 0.7737142857142857 0.07656481481481481 0.06604329004329004
9 0.5894537037037038 0.6503809523809524 0.12705555555555556 0.053142857142857144
9 0.9021574074074075 0.6614199134199135 0.09043518518518519 0.044909090909090905
9 0.7355092592592593 0.48678787878787877 0.053425925925925925 0.054969696969696974
9 0.8475370370370371 0.4437316017316017 0.05525925925925926 0.03379220779220779
9 0.860962962962963 0.4837662337662338 0.09137037037037038 0.04025974025974026
9 0.7980092592592593 0.5036709956709957 0.03952777777777777 0.06275324675324676
9 0.5410833333333334 0.43312554112554114 0.07198148148148148 0.05154112554112554
9 0.5568240740740741 0.504969696969697 0.06641666666666667 0.0566926406926407
9 0.6295000000000001 0.3255844155844156 0.05437037037037037 0.04858008658008658
9 0.43160185185185185 0.34030303030303033 0.06135185185185186 0.06068398268398269
9 0.4725740740740741 0.3074112554112554 0.046064814814814815 0.046857142857142854
9 0.5498796296296297 0.2628311688311688 0.061796296296296294 0.052943722943722946
9 0.8070370370370371 0.30136796536796534 0.10625925925925926 0.0794112554112554
9 0.4996851851851852 0.4972640692640693 0.06933333333333333 0.06946320346320346
9 0.6766111111111112 0.21824242424242424 0.06762037037037037 0.05167965367965368