14 0.5094907407407407 0.48758333333333337 0.9810185185185185 0.9696203703703704
4 0.2216574074074074 0.38681481481481483 0.11832407407407408 0.15696296296296297
4 0.36539814814814814 0.39144444444444443 0.1419074074074074 0.16622222222222224
4 0.35868518518518516 0.20793518518518517 0.1331111111111111 0.13717592592592592
4 0.5359814814814815 0.20979629629629631 0.1636388888888889 0.12236111111111111
4 0.5491759259259259 0.39028703703703704 0.1779814814814815 0.17593518518518517
4 0.7679074074074075 0.38334259259259257 0.21081481481481482 0.16390740740740742
4 0.7686018518518519 0.5886111111111112 0.17980555555555555 0.13462962962962963
4 0.5632962962962963 0.5842222222222223 0.17937037037037037 0.13230555555555554
4 0.38322222222222224 0.5858333333333334 0.1358888888888889 0.11056481481481481
4 0.22443518518518518 0.5814351851851852 0.12387962962962962 0.1156574074074074
4 0.40521296296296294 0.760787037037037 0.12894444444444444 0.10860185185185185
4 0.592 0.7644814814814814 0.13677777777777778 0.11600925925925927