14 0.5009259259259259 0.4597222222222222 0.9981481481481481 0.9046296296296297
8 0.08888888888888889 0.3143518518518518 0.10277777777777777 0.0787037037037037
8 0.17824074074074073 0.3037037037037037 0.10925925925925926 0.06944444444444445
8 0.11712962962962963 0.41435185185185186 0.0824074074074074 0.06481481481481481
8 0.12962962962962962 0.4587962962962963 0.15648148148148147 0.07962962962962963
8 0.16898148148148148 0.5768518518518518 0.17407407407407408 0.11203703703703703
8 0.3458333333333333 0.6467592592592593 0.17037037037037037 0.13425925925925927
8 0.42824074074074076 0.7060185185185185 0.11388888888888889 0.09537037037037037
8 0.45787037037037037 0.44907407407407407 0.12777777777777777 0.09907407407407408
8 0.3402777777777778 0.43657407407407406 0.13333333333333333 0.11666666666666667
8 0.2722222222222222 0.4287037037037037 0.09907407407407408 0.11203703703703703
8 0.575 0.5097222222222222 0.16111111111111112 0.14166666666666666
8 0.7486111111111111 0.4708333333333333 0.1648148148148148 0.18518518518518517
8 0.9407407407407408 0.3537037037037037 0.11851851851851852 0.11666666666666667
8 0.8314814814814815 0.33425925925925926 0.08333333333333333 0.08333333333333333
8 0.7347222222222223 0.2967592592592593 0.18981481481481483 0.09259259259259259
8 0.43657407407407406 0.16666666666666666 0.09814814814814815 0.10462962962962963
8 0.33101851851851855 0.16944444444444445 0.08981481481481482 0.07685185185185185
8 0.5981481481481481 0.1550925925925926 0.09722222222222222 0.08148148148148149
8 0.5796296296296296 0.07685185185185185 0.08425925925925926 0.07777777777777778
8 0.9337962962962963 0.17222222222222222 0.1111111111111111 0.1
8 0.9439814814814815 0.4736111111111111 0.11203703703703703 0.11388888888888889
8 0.350462962962963 0.27824074074074073 0.17037037037037037 0.08333333333333333
9 0.6148148148148148 0.6800925925925926 0.11574074074074074 0.11666666666666667
9 0.9574074074074074 0.5430555555555555 0.08333333333333333 0.07962962962962963
9 0.09027777777777778 0.26342592592592595 0.075 0.06481481481481481
9 0.1587962962962963 0.18796296296296297 0.06666666666666667 0.040740740740740744
9 0.26064814814814813 0.10833333333333334 0.09537037037037037 0.04537037037037037
9 0.48703703703703705 0.03981481481481482 0.05555555555555555 0.05648148148148148
9 0.524074074074074 0.25 0.06666666666666667 0.05092592592592592
9 0.7361111111111112 0.21574074074074073 0.05925925925925926 0.05277777777777778
10 0.21898148148148147 0.513425925925926 0.1287037037037037 0.08425925925925926
10 0.22962962962962963 0.22314814814814815 0.11666666666666667 0.07685185185185185
10 0.500462962962963 0.3560185185185185 0.13055555555555556 0.08796296296296297
10 0.8652777777777778 0.4125 0.11574074074074074 0.06851851851851852
10 0.9671296296296297 0.274537037037037 0.06574074074074074 0.08425925925925926
10 0.42592592592592593 0.052314814814814814 0.049074074074074076 0.10277777777777777
10 0.8611111111111112 0.4898148148148148 0.07777777777777778 0.046296296296296294
10 0.6032407407407407 0.600462962962963 0.10462962962962963 0.0824074074074074
10 0.24305555555555555 0.6430555555555556 0.09444444444444444 0.0962962962962963
10 0.8143518518518519 0.5976851851851852 0.1 0.11574074074074074