14 0.5252083333333333 0.5365416666666667 0.9495833333333333 0.7639166666666667
15 0.4203125 0.5656041666666667 0.048125 0.042854166666666665
15 0.287625 0.5320625 0.1035625 0.096625
15 0.31052083333333336 0.3248333333333333 0.12439583333333333 0.14464583333333333
15 0.6032083333333333 0.4739583333333333 0.07227083333333333 0.07625
15 0.64675 0.43812500000000004 0.07185416666666668 0.07127083333333334
15 0.5826041666666666 0.5603958333333333 0.0601875 0.05327083333333334
15 0.6557083333333333 0.58225 0.07725 0.09283333333333334
15 0.706125 0.6012083333333333 0.05308333333333334 0.051583333333333335
15 0.6977916666666667 0.7161666666666666 0.05308333333333334 0.06485416666666667
15 0.6621666666666666 0.7846875 0.04435416666666667 0.06439583333333333
15 0.8827708333333334 0.6788958333333334 0.10639583333333333 0.07943750000000001
15 0.34802083333333333 0.7880208333333333 0.09939583333333334 0.0710625
15 0.36364583333333333 0.6087083333333333 0.0848125 0.03325
15 0.2395 0.6797291666666666 0.10316666666666667 0.1044375
15 0.15616666666666665 0.5272708333333334 0.08650000000000001 0.09954166666666667
15 0.147 0.43854166666666666 0.07483333333333334 0.0804375
15 0.2524166666666667 0.43835416666666666 0.10400000000000001 0.050854166666666666
15 0.206375 0.36941666666666667 0.06608333333333333 0.042145833333333334
15 0.208875 0.30983333333333335 0.05441666666666667 0.04802083333333333
15 0.3811458333333333 0.2363125 0.10314583333333333 0.05514583333333333
15 0.5642708333333334 0.24735416666666668 0.0901875 0.08970833333333333
15 0.6969583333333333 0.303375 0.06808333333333333 0.06427083333333333
15 0.7363333333333333 0.3665 0.126 0.07197916666666666
15 0.8627708333333334 0.5156041666666666 0.04972916666666667 0.092875
15 0.8915208333333333 0.4197916666666667 0.098875 0.1179375
15 0.35072916666666665 0.455625 0.05064583333333333 0.05625
15 0.4234375 0.47854166666666664 0.07520833333333334 0.07708333333333334
15 0.5317708333333333 0.42418750000000005 0.05854166666666667 0.07252083333333334
15 0.4628125 0.3373333333333333 0.06645833333333333 0.0863125
11 0.5757083333333333 0.715125 0.13393750000000001 0.16689583333333333
11 0.39114583333333336 0.6999166666666666 0.173125 0.15733333333333333
11 0.764875 0.460625 0.12889583333333332 0.08291666666666667
11 0.2767916666666667 0.24235416666666668 0.06525 0.04639583333333333
11 0.5482291666666667 0.3514791666666667 0.08560416666666668 0.08464583333333334
11 0.47052083333333333 0.2311041666666667 0.044375000000000005 0.0655625
11 0.7882083333333333 0.5635 0.15889583333333332 0.09702083333333333