14 0.5 0.5140291806958474 1 0.9719416386083053
2 0.2898148148148148 0.6038159371492705 0.08425925925925926 0.08080808080808081
2 0.20833333333333334 0.38608305274971944 0.11851851851851852 0.07631874298540965
2 0.3861111111111111 0.46296296296296297 0.08148148148148149 0.08080808080808081
2 0.4148148148148148 0.28114478114478114 0.046296296296296294 0.050505050505050504
2 0.4550925925925926 0.18799102132435466 0.06388888888888888 0.04601571268237935
2 0.6138888888888889 0.2474747474747475 0.06574074074074074 0.05499438832772166
2 0.6601851851851852 0.35129068462401797 0.08333333333333333 0.06734006734006734
2 0.6018518518518519 0.47418630751964086 0.09259259259259259 0.06397306397306397
2 0.7398148148148148 0.49270482603815935 0.06944444444444445 0.04489337822671156
2 0.7708333333333334 0.6363636363636364 0.09444444444444444 0.0819304152637486
2 0.4981481481481482 0.6773288439955106 0.058333333333333334 0.09988776655443322
2 0.37222222222222223 0.7328843995510662 0.08055555555555556 0.1111111111111111
4 0.31851851851851853 0.5269360269360269 0.11296296296296296 0.10325476992143659
4 0.2652777777777778 0.3484848484848485 0.09259259259259259 0.1111111111111111
4 0.3939814814814815 0.2828282828282828 0.12685185185185185 0.13804713804713806
4 0.5268518518518519 0.25982042648709314 0.1 0.08978675645342311
4 0.7361111111111112 0.3395061728395062 0.1287037037037037 0.24915824915824916
4 0.7509259259259259 0.5852974186307519 0.15 0.11447811447811448
4 0.5643518518518519 0.45791245791245794 0.14351851851851852 0.09764309764309764
4 0.4337962962962963 0.5937149270482603 0.12314814814814815 0.12570145903479238
4 0.5675925925925925 0.6689113355780022 0.075 0.08417508417508418