14 0.5 0.5 1 1
2 0.27314814814814814 0.510662177328844 0.0962962962962963 0.10213243546576879
2 0.25833333333333336 0.2716049382716049 0.12777777777777777 0.10774410774410774
2 0.40324074074074073 0.4180695847362514 0.09351851851851851 0.10101010101010101
2 0.48148148148148145 0.25869809203142535 0.053703703703703705 0.06172839506172839
2 0.5458333333333333 0.18799102132435466 0.06944444444444445 0.06285072951739619
2 0.6782407407407407 0.30976430976430974 0.07314814814814814 0.0718294051627385
2 0.6925925925925925 0.4270482603815937 0.09259259259259259 0.08866442199775533
2 0.6027777777777777 0.5179573512906847 0.1 0.08754208754208755
2 0.7273148148148149 0.5925925925925926 0.07407407407407407 0.06285072951739619
2 0.7162037037037037 0.7407407407407407 0.10648148148148148 0.10549943883277217
2 0.44814814814814813 0.6661054994388328 0.075 0.1111111111111111
2 0.3143518518518518 0.6661054994388328 0.09814814814814815 0.12906846240179573
4 0.32175925925925924 0.4500561167227834 0.12777777777777777 0.13131313131313133
4 0.32222222222222224 0.25982042648709314 0.10925925925925926 0.1324354657687991
4 0.4615740740740741 0.25196408529741865 0.14722222222222223 0.16722783389450055
4 0.5930555555555556 0.2856341189674523 0.11203703703703703 0.11447811447811448
4 0.7671296296296296 0.44725028058361394 0.1712962962962963 0.2738496071829405
4 0.711574074074074 0.6840628507295174 0.1648148148148148 0.1526374859708193
4 0.5722222222222222 0.48709315375982043 0.15462962962962962 0.13468013468013468
4 0.4115740740740741 0.5606060606060606 0.14166666666666666 0.15600448933782268
4 0.5157407407407407 0.6868686868686869 0.08703703703703704 0.10101010101010101