14 0.5 0.5 1 1
11 0.27314814814814814 0.7064814814814815 0.2777777777777778 0.2212962962962963
11 0.6833333333333333 0.7439814814814815 0.32222222222222224 0.3101851851851852
11 0.49907407407407406 0.5115740740740741 0.2518518518518518 0.20833333333333334
11 0.9032407407407408 0.5180555555555556 0.1935185185185185 0.1824074074074074
11 0.7796296296296297 0.3486111111111111 0.175 0.12962962962962962
11 0.5537037037037037 0.33564814814814814 0.17314814814814813 0.14351851851851852
11 0.30416666666666664 0.37824074074074077 0.23703703703703705 0.14444444444444443
11 0.11898148148148148 0.5888888888888889 0.23796296296296296 0.22962962962962963
11 0.04490740740740741 0.4393518518518518 0.08981481481481482 0.13796296296296295
11 0.04675925925925926 0.32546296296296295 0.09351851851851851 0.09351851851851851
11 0.17777777777777778 0.30972222222222223 0.16666666666666666 0.10925925925925926
11 0.3902777777777778 0.275 0.2064814814814815 0.1037037037037037
11 0.5833333333333334 0.21435185185185185 0.20092592592592592 0.10833333333333334
11 0.8023148148148148 0.22175925925925927 0.12777777777777777 0.08611111111111111
11 0.6888888888888889 0.15416666666666667 0.13148148148148148 0.08981481481481482
11 0.6888888888888889 0.08935185185185185 0.15462962962962962 0.11018518518518519
11 0.7069444444444445 0.018055555555555554 0.09351851851851851 0.03611111111111111
11 0.5935185185185186 0.018518518518518517 0.12962962962962962 0.037037037037037035
11 0.46064814814814814 0.1361111111111111 0.1398148148148148 0.10740740740740741
11 0.5726851851851852 0.10694444444444444 0.07777777777777778 0.06388888888888888
11 0.3648148148148148 0.027777777777777776 0.1398148148148148 0.04722222222222222
11 0.32314814814814813 0.18611111111111112 0.18611111111111112 0.11296296296296296
11 0.06481481481481481 0.20185185185185187 0.12962962962962962 0.0962962962962963
11 0.10092592592592593 0.11157407407407408 0.10277777777777777 0.08611111111111111
11 0.17222222222222222 0.06898148148148148 0.08888888888888889 0.07592592592592592
11 0.19027777777777777 0.18194444444444444 0.09351851851851851 0.05555555555555555
10 0.6472222222222223 0.6680555555555555 0.18703703703703703 0.1111111111111111
10 0.8921296296296296 0.4356481481481482 0.1675925925925926 0.13240740740740742
10 0.8930555555555556 0.24675925925925926 0.1 0.125
10 0.5222222222222223 0.31527777777777777 0.11018518518518519 0.09166666666666666
10 0.3800925925925926 0.1865740740740741 0.16296296296296298 0.09351851851851851
10 0.03194444444444444 0.2796296296296296 0.06388888888888888 0.07222222222222222
10 0.125 0.5231481481481481 0.1037037037037037 0.11296296296296296
10 0.1398148148148148 0.3851851851851852 0.08148148148148149 0.09814814814814815
10 0.37083333333333335 0.17916666666666667 0.14444444444444443 0.07222222222222222
10 0.46111111111111114 0.050462962962962966 0.1425925925925926 0.07222222222222222
10 0.9412037037037037 0.19537037037037036 0.07222222222222222 0.08055555555555556