14 0.5 0.5 1 1
4 0.21296296296296297 0.4115740740740741 0.13148148148148148 0.16666666666666666
4 0.35648148148148145 0.40370370370370373 0.15555555555555556 0.1787037037037037
4 0.3337962962962963 0.2212962962962963 0.14444444444444443 0.14907407407407408
4 0.5106481481481482 0.20787037037037037 0.17407407407407408 0.1361111111111111
4 0.5393518518518519 0.38657407407407407 0.1925925925925926 0.19074074074074074
4 0.7569444444444444 0.36064814814814816 0.22407407407407406 0.1814814814814815
4 0.7754629629629629 0.5648148148148148 0.19074074074074074 0.14907407407407408
4 0.5703703703703704 0.5782407407407407 0.18981481481481483 0.14722222222222223
4 0.3912037037037037 0.5958333333333333 0.14537037037037037 0.12129629629629629
4 0.2324074074074074 0.6050925925925926 0.13333333333333333 0.1259259259259259
4 0.42824074074074076 0.7680555555555556 0.13796296296296295 0.11944444444444445
4 0.6148148148148148 0.7555555555555555 0.14629629629629629 0.12685185185185185