14 0.5 0.6101622544833476 1 0.7796754910333049
14 0.4434364994663821 0.1443210930828352 0.7652081109925294 0.2886421861656704
8 0.28068303094983993 0.5059777967549103 0.15048025613660618 0.11528608027327071
8 0.2694770544290288 0.609735269000854 0.09071504802561366 0.06404782237403928
8 0.5117395944503735 0.6178479931682322 0.1248665955176094 0.10589239965841162
8 0.4957310565635005 0.4658411614005124 0.08964781216648879 0.04355251921434671
8 0.612059765208111 0.47736976942783943 0.12700106723585913 0.09649871904355252
8 0.688367129135539 0.6840307429547395 0.14194236926360726 0.09564474807856532
8 0.7993596584845251 0.6912894961571306 0.13660618996798293 0.12382578992314261
8 0.6814300960512273 0.82066609735269 0.09711846318036287 0.08795900939368062
8 0.6728922091782283 0.9393680614859095 0.10352187833511206 0.08539709649871904
8 0.5853788687299893 0.9257045260461144 0.07790821771611527 0.06746370623398805
8 0.3495197438633938 0.856532877882152 0.14941302027748132 0.1161400512382579
8 0.3895410885805763 0.6716481639624253 0.10885805763073639 0.089666951323655
2 0.41141942369263607 0.5269000853970965 0.17609391675560299 0.1596925704526046
2 0.5112059765208111 0.41374893253629375 0.11953041622198506 0.10076857386848848
2 0.7641408751334045 0.5807002561912895 0.15901814300960512 0.14602903501280956
2 0.5618996798292423 0.571733561058924 0.11632870864461047 0.09393680614859094
2 0.3207043756670224 0.7578992314261315 0.2102454642475987 0.125533731853117
2 0.4743863393810032 0.8104184457728437 0.1376734258271078 0.09649871904355252
2 0.551760939167556 0.7207514944491887 0.12059765208110992 0.12040990606319385
2 0.6051227321237994 0.8266438941076003 0.12379935965848453 0.089666951323655
2 0.4445037353255069 0.9530315969257045 0.09711846318036287 0.09393680614859094
1 0.36019210245464245 0.08240819812126388 0.11632870864461047 0.0802732707087959
1 0.25720384204909286 0.07429547395388557 0.08858057630736393 0.05465414175918019
1 0.6013874066168623 0.09863364645602049 0.11099252934898612 0.09052092228864218
1 0.6382070437566703 0.04013663535439795 0.08431163287086446 0.06490179333902647
1 0.3852721451440768 0.016225448334756618 0.10672358591248667 0.032450896669513236
1 0.17022411953041622 0.08625106746370624 0.13660618996798293 0.09052092228864218
2 0.6579509071504802 0.7455166524338173 0.10992529348986126 0.11187019641332195
2 0.7812166488794023 0.82066609735269 0.10245464247598719 0.0888129803586678