14 0.51328125 0.5296875 0.90625 0.7984375
4 0.32890625 0.4015625 0.14375 0.1421875
4 0.40078125 0.58515625 0.1890625 0.1953125
4 0.61328125 0.59609375 0.1484375 0.109375
4 0.7625 0.53671875 0.0984375 0.103125
4 0.8125 0.45703125 0.1109375 0.090625
4 0.64140625 0.3265625 0.1 0.08125
4 0.6890625 0.390625 0.1140625 0.0890625
4 0.6375 0.446875 0.11875 0.103125
4 0.45625 0.428125 0.08125 0.08125
4 0.4734375 0.3328125 0.115625 0.1
2 0.546875 0.40390625 0.1109375 0.08125
2 0.55859375 0.50234375 0.1140625 0.084375
4 0.58203125 0.71796875 0.1546875 0.1328125