14 0.49272000000000005 0.5149280575539569 0.8640933333333334 0.9075359712230215
15 0.20193333333333333 0.40467625899280574 0.20320000000000002 0.1789568345323741
15 0.4415866666666667 0.7078597122302158 0.18249333333333334 0.22327338129496402
15 0.45425333333333334 0.3932194244604316 0.14116 0.16953237410071945
15 0.51024 0.18778776978417266 0.14648 0.16336330935251797
15 0.7682266666666666 0.43388489208633096 0.16910666666666666 0.2104136690647482
2 0.5779066666666667 0.3246762589928058 0.07514666666666667 0.16282374100719424
2 0.34742666666666666 0.31388489208633097 0.13085333333333332 0.12327338129496404
2 0.2699333333333333 0.6408992805755396 0.08586666666666667 0.1523021582733813
4 0.6402266666666667 0.6698741007194244 0.23312 0.20577338129496403
4 0.3987466666666667 0.5379676258992806 0.24682666666666667 0.08133093525179856
4 0.6195733333333333 0.43433453237410075 0.09846666666666666 0.20232014388489208
4 0.6578933333333333 0.23296762589928058 0.14179999999999998 0.14131294964028776
4 0.3622533333333333 0.36219424460431654 0.11717333333333332 0.17044964028776977
4 0.44941333333333333 0.26152877697841725 0.06817333333333334 0.07701438848920864