14 0.5668981481481481 0.11725 0.4982962962962963 0.2345
14 0.4798240740740741 0.6111018518518518 0.9596574074074075 0.6560092592592592
2 0.42794444444444446 0.5071851851851852 0.1814814814814815 0.12065740740740741
2 0.3611759259259259 0.438462962962963 0.056185185185185185 0.03887037037037037
2 0.47297222222222224 0.4643240740740741 0.18703703703703703 0.07615740740740741
2 0.4893611111111111 0.42856481481481484 0.07348148148148148 0.0685462962962963
2 0.5442870370370371 0.07814814814814815 0.09057407407407407 0.03551851851851852
2 0.5361481481481482 0.10617592592592592 0.08047222222222222 0.042111111111111106
2 0.6366203703703703 0.07289814814814816 0.07737037037037037 0.047685185185185185
2 0.6254907407407407 0.17008333333333334 0.038620370370370374 0.031824074074074074
8 0.5029629629629631 0.803037037037037 0.10067592592592593 0.07341666666666667
8 0.3307685185185185 0.7280185185185185 0.05928703703703704 0.0635462962962963
8 0.3704444444444444 0.7604814814814815 0.12831481481481483 0.04808333333333333
8 0.42475 0.6318888888888889 0.07410185185185185 0.04647222222222222
8 0.46009259259259255 0.5996388888888889 0.08914814814814814 0.0812962962962963
8 0.6513518518518518 0.6179722222222221 0.1006574074074074 0.057805555555555554
8 0.6812407407407407 0.5829444444444445 0.05737037037037037 0.05369444444444445
8 0.6873148148148148 0.6947407407407408 0.07983333333333333 0.06087962962962963
8 0.6914351851851852 0.491962962962963 0.11280555555555555 0.03456481481481481
8 0.6577407407407407 0.5145277777777778 0.05160185185185185 0.04052777777777778
8 0.555212962962963 0.542037037037037 0.07532407407407407 0.056388888888888884
8 0.59025 0.5255462962962963 0.04646296296296296 0.06463888888888888
8 0.5490277777777778 0.35574074074074075 0.04647222222222222 0.038314814814814815
8 0.568712962962963 0.3735648148148148 0.021935185185185186 0.022435185185185186
8 0.2333888888888889 0.43910185185185185 0.10567592592592592 0.054564814814814816
8 0.2684259259259259 0.517824074074074 0.07681481481481481 0.03887962962962963
8 0.19742592592592592 0.6271481481481482 0.11000925925925926 0.04936111111111111
8 0.4484722222222222 0.15455555555555556 0.05248148148148148 0.044148148148148145
8 0.6450370370370371 0.03626851851851852 0.040777777777777774 0.04737037037037037
9 0.2595092592592592 0.5492962962962963 0.0859074074074074 0.06994444444444445
9 0.1784351851851852 0.6024166666666667 0.08819444444444445 0.05475
9 0.344 0.6501018518518519 0.08285185185185186 0.07675
9 0.3431111111111111 0.7061296296296297 0.10890740740740741 0.06989814814814814
9 0.6312407407407408 0.7076481481481481 0.07293518518518519 0.08305555555555556
9 0.6226481481481482 0.46278703703703705 0.07597222222222222 0.06896296296296296
9 0.5095648148148149 0.5680185185185186 0.08762962962962963 0.06690740740740742
9 0.6119537037037037 0.05925925925925926 0.0187037037037037 0.024342592592592593
9 0.6715185185185185 0.10162037037037037 0.057055555555555554 0.040546296296296296
9 0.4644537037037037 0.06546296296296296 0.03163888888888889 0.030972222222222224
9 0.41956481481481483 0.08972222222222223 0.03776851851851852 0.03262037037037037
9 0.4832407407407407 0.1362685185185185 0.03675 0.028351851851851854
9 0.4904537037037038 0.16305555555555554 0.03963888888888889 0.033611111111111105
7 0.23191666666666666 0.67 0.12606481481481482 0.10532407407407407
7 0.31171296296296297 0.5992962962962963 0.18099074074074073 0.14734259259259258
7 0.4855555555555555 0.6272222222222222 0.15453703703703706 0.12077777777777778
7 0.3991574074074074 0.7016018518518519 0.07201851851851852 0.10207407407407407
7 0.35309259259259257 0.42471296296296296 0.1760648148148148 0.06293518518518518
7 0.4143425925925926 0.3680648148148148 0.0762962962962963 0.07331481481481482
7 0.49280555555555555 0.3912962962962963 0.1078611111111111 0.083
7 0.6402777777777777 0.43339814814814814 0.12037037037037036 0.06694444444444445
7 0.7320185185185185 0.5035833333333334 0.15344444444444444 0.12039814814814814
7 0.7594259259259258 0.5988981481481481 0.10798148148148148 0.21577777777777776
7 0.4776388888888889 0.0880925925925926 0.0658611111111111 0.042555555555555555
7 0.613824074074074 0.04105555555555556 0.02361111111111111 0.022157407407407407
7 0.6218240740740741 0.12210185185185185 0.0580462962962963 0.06237962962962963
7 0.53425 0.15203703703703703 0.055796296296296295 0.07335185185185185