14 0.506546875 0.5318125 0.7889999999999999 0.647546875
4 0.35325 0.367875 0.12076562500000002 0.118796875
4 0.38493750000000004 0.562671875 0.157375 0.164640625
4 0.5905 0.6178125 0.13546875 0.0829375
4 0.7491875 0.5908125 0.0823125 0.08696875
4 0.8148125 0.523203125 0.097484375 0.07228124999999999
4 0.674421875 0.36007812499999997 0.08903124999999999 0.06301562499999999
4 0.707453125 0.43215624999999996 0.101515625 0.068765625
4 0.645859375 0.477 0.1033125 0.082578125
4 0.47220312499999995 0.420328125 0.06853125 0.0674375
4 0.5090312499999999 0.33128125 0.10200000000000001 0.081328125
2 0.565734375 0.415640625 0.0993125 0.06253125000000001
2 0.5565781249999999 0.51471875 0.10332812499999999 0.06425
4 0.53459375 0.72996875 0.135171875 0.10793749999999999