14 0.4587962962962963 0.14722222222222223 0.5435185185185185 0.29444444444444445
14 0.5 0.5824074074074074 1 0.8351851851851851
2 0.43287037037037035 0.5268518518518519 0.2074074074074074 0.16574074074074074
2 0.34953703703703703 0.4791666666666667 0.06388888888888888 0.05277777777777778
2 0.46435185185185185 0.47314814814814815 0.20092592592592592 0.125
2 0.4699074074074074 0.43425925925925923 0.08888888888888889 0.08611111111111111
2 0.4263888888888889 0.0824074074074074 0.09722222222222222 0.05925925925925926
2 0.4263888888888889 0.11157407407407408 0.08796296296296297 0.062037037037037036
2 0.513425925925926 0.05185185185185185 0.08703703703703704 0.06666666666666667
2 0.5296296296296297 0.14814814814814814 0.04537037037037037 0.040740740740740744
8 0.586574074074074 0.7902777777777777 0.1175925925925926 0.09814814814814815
8 0.4 0.7657407407407407 0.075 0.07777777777777778
8 0.44722222222222224 0.7861111111111111 0.1361111111111111 0.08148148148148149
8 0.4638888888888889 0.6476851851851851 0.08425925925925926 0.06574074074074074
8 0.4888888888888889 0.6069444444444444 0.10833333333333334 0.10277777777777777
8 0.6777777777777778 0.5717592592592593 0.11296296296296296 0.08333333333333333
8 0.6972222222222222 0.5296296296296297 0.07037037037037037 0.06759259259259259
8 0.7337962962962963 0.6356481481481482 0.09351851851851851 0.08055555555555556
8 0.6819444444444445 0.4393518518518518 0.1175925925925926 0.06388888888888888
8 0.6555555555555556 0.4703703703703704 0.06111111111111111 0.053703703703703705
8 0.5648148148148148 0.525 0.08796296296296297 0.075
8 0.5939814814814814 0.49953703703703706 0.06296296296296296 0.075
8 0.5074074074074074 0.3476851851851852 0.05462962962962963 0.049074074074074076
8 0.5310185185185186 0.3597222222222222 0.027777777777777776 0.027777777777777776
8 0.22685185185185186 0.5148148148148148 0.11666666666666667 0.08148148148148149
8 0.2824074074074074 0.5810185185185185 0.08425925925925926 0.058333333333333334
8 0.2439814814814815 0.7055555555555556 0.11944444444444445 0.07777777777777778
8 0.35509259259259257 0.18194444444444444 0.06296296296296296 0.05740740740740741
8 0.5111111111111111 0.021296296296296296 0.05185185185185185 0.04259259259259259
9 0.2824074074074074 0.6138888888888889 0.10185185185185185 0.09166666666666666
9 0.21898148148148147 0.687037037037037 0.1 0.07685185185185185
9 0.3912037037037037 0.6875 0.10092592592592593 0.0962962962962963
9 0.4060185185185185 0.7412037037037037 0.12314814814814815 0.09722222222222222
9 0.6833333333333333 0.663425925925926 0.09351851851851851 0.1
9 0.6078703703703704 0.4305555555555556 0.09166666666666666 0.08703703703703704
9 0.5277777777777778 0.562962962962963 0.10277777777777777 0.08888888888888889
9 0.4861111111111111 0.04537037037037037 0.024074074074074074 0.028703703703703703
9 0.5550925925925926 0.0699074074074074 0.06666666666666667 0.05462962962962963
9 0.3458333333333333 0.09212962962962963 0.03888888888888889 0.03796296296296296
9 0.30972222222222223 0.12777777777777777 0.04537037037037037 0.04259259259259259
9 0.3837962962962963 0.1550925925925926 0.04351851851851852 0.037037037037037035
9 0.39814814814814814 0.1787037037037037 0.04722222222222222 0.04351851851851852
7 0.28935185185185186 0.7375 0.15092592592592594 0.1361111111111111
7 0.34629629629629627 0.6472222222222223 0.21388888888888888 0.19166666666666668
7 0.5212962962962963 0.6263888888888889 0.1824074074074074 0.15925925925925927
7 0.4587962962962963 0.7217592592592592 0.09722222222222222 0.1175925925925926
7 0.33796296296296297 0.46805555555555556 0.18611111111111112 0.10925925925925926
7 0.3814814814814815 0.39675925925925926 0.09351851851851851 0.09166666666666666
7 0.46296296296296297 0.3976851851851852 0.1259259259259259 0.10925925925925926
7 0.6166666666666667 0.3972222222222222 0.13425925925925927 0.09722222222222222
7 0.7240740740740741 0.4393518518518518 0.18055555555555555 0.15833333333333333
7 0.7768518518518519 0.5236111111111111 0.16296296296296298 0.23703703703703705
7 0.3648148148148148 0.11018518518518519 0.075 0.05925925925925926
7 0.4828703703703704 0.027314814814814816 0.028703703703703703 0.027777777777777776
7 0.512962962962963 0.10324074074074074 0.07314814814814814 0.07685185185185185
7 0.43703703703703706 0.15601851851851853 0.07407407407407407 0.08611111111111111