14 0.6449074074074074 0.1527777777777778 0.5361111111111111 0.3055555555555556
14 0.49722222222222223 0.5921296296296297 0.9944444444444445 0.8157407407407408
2 0.42824074074074076 0.49212962962962964 0.20277777777777778 0.15555555555555556
2 0.3768518518518518 0.4111111111111111 0.06296296296296296 0.05
2 0.4810185185185185 0.45925925925925926 0.19907407407407407 0.11388888888888889
2 0.5046296296296297 0.42777777777777776 0.08611111111111111 0.0824074074074074
2 0.6310185185185185 0.09675925925925925 0.0962962962962963 0.053703703703703705
2 0.6171296296296296 0.12222222222222222 0.08703703703703704 0.05740740740740741
2 0.7222222222222222 0.11064814814814815 0.08518518518518518 0.062037037037037036
2 0.6912037037037037 0.20324074074074075 0.04351851851851852 0.03888888888888889
8 0.4398148148148148 0.7972222222222223 0.11388888888888889 0.09259259259259259
8 0.28703703703703703 0.687962962962963 0.0712962962962963 0.075
8 0.3189814814814815 0.7277777777777777 0.13518518518518519 0.07407407407407407
8 0.3990740740740741 0.6134259259259259 0.0824074074074074 0.06111111111111111
8 0.44027777777777777 0.5893518518518519 0.1037037037037037 0.09814814814814815
8 0.6236111111111111 0.6467592592592593 0.1111111111111111 0.07777777777777778
8 0.6601851851851852 0.6189814814814815 0.06759259259259259 0.06481481481481481
8 0.6425925925925926 0.7296296296296296 0.09074074074074075 0.07592592592592592
8 0.6888888888888889 0.5319444444444444 0.1175925925925926 0.05740740740740741
8 0.6513888888888889 0.5472222222222223 0.05925925925925926 0.05092592592592592
8 0.5453703703703704 0.5527777777777778 0.08518518518518518 0.0712962962962963
8 0.5828703703703704 0.5439814814814815 0.05925925925925926 0.07222222222222222
8 0.5777777777777777 0.36898148148148147 0.05277777777777778 0.04722222222222222
8 0.5935185185185186 0.3907407407407407 0.026851851851851852 0.026851851851851852
8 0.2518518518518518 0.3851851851851852 0.11481481481481481 0.075
8 0.26990740740740743 0.46944444444444444 0.08333333333333333 0.053703703703703705
8 0.17777777777777778 0.5615740740740741 0.1175925925925926 0.0712962962962963
8 0.5212962962962963 0.15138888888888888 0.06111111111111111 0.05462962962962963
8 0.7384259259259259 0.0763888888888889 0.05 0.05462962962962963
9 0.25462962962962965 0.4981481481481482 0.09907407407407408 0.08703703703703704
9 0.16435185185185186 0.5333333333333333 0.09722222222222222 0.07222222222222222
9 0.3162037037037037 0.6143518518518518 0.0962962962962963 0.09259259259259259
9 0.3037037037037037 0.6689814814814815 0.12037037037037036 0.09074074074074075
9 0.5851851851851851 0.7305555555555555 0.08888888888888889 0.0962962962962963
9 0.6277777777777778 0.4888888888888889 0.08888888888888889 0.08333333333333333
9 0.49537037037037035 0.5685185185185185 0.1 0.08425925925925926
9 0.700925925925926 0.09212962962962963 0.023148148148148147 0.027777777777777776
9 0.750462962962963 0.14583333333333334 0.06481481481481481 0.05185185185185185
9 0.5555555555555556 0.06759259259259259 0.037037037037037035 0.03611111111111111
9 0.5064814814814815 0.08194444444444444 0.04351851851851852 0.040740740740740744
9 0.5592592592592592 0.14074074074074075 0.041666666666666664 0.03518518518518519
9 0.5606481481481481 0.1685185185185185 0.046296296296296294 0.040740740740740744
7 0.2023148148148148 0.6106481481481482 0.14537037037037037 0.1287037037037037
7 0.2953703703703704 0.5578703703703703 0.2074074074074074 0.1814814814814815
7 0.45925925925925926 0.6212962962962963 0.17685185185185184 0.15092592592592594
7 0.3592592592592593 0.6763888888888889 0.09166666666666666 0.11481481481481481
7 0.37175925925925923 0.3958333333333333 0.18518518518518517 0.09814814814814815
7 0.44351851851851853 0.35324074074074074 0.08981481481481482 0.08796296296296297
7 0.5157407407407407 0.3921296296296296 0.12222222222222222 0.10277777777777777
7 0.6509259259259259 0.4638888888888889 0.13148148148148148 0.09074074074074075
7 0.7263888888888889 0.5518518518518518 0.175 0.15
7 0.7333333333333333 0.6504629629629629 0.15 0.23333333333333334
7 0.5638888888888889 0.09259259259259259 0.07314814814814814 0.05555555555555555
7 0.7069444444444445 0.07453703703703704 0.027777777777777776 0.026851851851851852
7 0.6976851851851852 0.15555555555555556 0.07037037037037037 0.07314814814814814
7 0.6060185185185185 0.16666666666666666 0.06944444444444445 0.08333333333333333