14 0.500462962962963 0.5 0.9101851851851852 0.9287037037037037
12 0.5694444444444444 0.42685185185185187 0.08518518518518518 0.14074074074074075
12 0.412962962962963 0.525 0.04814814814814815 0.06481481481481481
12 0.4412037037037037 0.48935185185185187 0.05740740740740741 0.075
12 0.3162037037037037 0.46944444444444444 0.05185185185185185 0.053703703703703705
12 0.41388888888888886 0.4356481481481482 0.05555555555555555 0.04814814814814815
12 0.5032407407407408 0.36574074074074076 0.040740740740740744 0.05648148148148148
12 0.6347222222222222 0.26296296296296295 0.06111111111111111 0.08425925925925926
12 0.8319444444444445 0.4634259259259259 0.06574074074074074 0.08703703703703704
12 0.7217592592592592 0.6537037037037037 0.05277777777777778 0.11574074074074074
12 0.49398148148148147 0.7208333333333333 0.10092592592592593 0.0787037037037037
12 0.37083333333333335 0.5444444444444444 0.05648148148148148 0.058333333333333334
12 0.26481481481481484 0.5421296296296296 0.07962962962962963 0.07222222222222222
12 0.1638888888888889 0.6111111111111112 0.049074074074074076 0.08611111111111111
12 0.2273148148148148 0.6638888888888889 0.06851851851851852 0.11481481481481481
12 0.2550925925925926 0.25555555555555554 0.08425925925925926 0.04537037037037037
12 0.3263888888888889 0.18425925925925926 0.075 0.0712962962962963
12 0.39166666666666666 0.11898148148148148 0.06481481481481481 0.05462962962962963
12 0.7171296296296297 0.21851851851851853 0.08888888888888889 0.11296296296296296
12 0.41759259259259257 0.8055555555555556 0.06018518518518518 0.07685185185185185
12 0.5069444444444444 0.5712962962962963 0.03796296296296296 0.05462962962962963
12 0.6231481481481481 0.3509259259259259 0.06759259259259259 0.05462962962962963
4 0.6828703703703703 0.3541666666666667 0.10833333333333334 0.11296296296296296
4 0.6402777777777777 0.4587962962962963 0.08796296296296297 0.08981481481481482
4 0.4564814814814815 0.5805555555555556 0.11203703703703703 0.11203703703703703
4 0.5111111111111111 0.47175925925925927 0.10648148148148148 0.10740740740740741
4 0.3638888888888889 0.4050925925925926 0.09074074074074075 0.10092592592592593
4 0.27175925925925926 0.46574074074074073 0.09537037037037037 0.1
4 0.31342592592592594 0.5458333333333333 0.0824074074074074 0.07685185185185185
4 0.4300925925925926 0.6986111111111111 0.08703703703703704 0.09166666666666666
4 0.5416666666666666 0.7754629629629629 0.11018518518518519 0.10648148148148148
4 0.6337962962962963 0.7893518518518519 0.1037037037037037 0.1037037037037037
4 0.6328703703703704 0.2175925925925926 0.08796296296296297 0.08981481481481482
4 0.5069444444444444 0.2657407407407407 0.0962962962962963 0.075
4 0.7861111111111111 0.687962962962963 0.09537037037037037 0.07037037037037037
4 0.7935185185185185 0.6171296296296296 0.10185185185185185 0.11018518518518519
12 0.7625 0.5462962962962963 0.062037037037037036 0.08703703703703704
15 0.7032407407407407 0.44166666666666665 0.07037037037037037 0.07407407407407407
15 0.30092592592592593 0.18055555555555555 0.06759259259259259 0.07037037037037037
15 0.5550925925925926 0.12407407407407407 0.05277777777777778 0.05
15 0.5712962962962963 0.19212962962962962 0.0712962962962963 0.0824074074074074
15 0.6148148148148148 0.3055555555555556 0.08055555555555556 0.07962962962962963
15 0.4476851851851852 0.41574074074074074 0.06851851851851852 0.06851851851851852
4 0.45787037037037037 0.3787037037037037 0.08148148148148149 0.049074074074074076
8 0.3787037037037037 0.19537037037037036 0.06481481481481481 0.04814814814814815
8 0.5180555555555556 0.1337962962962963 0.0824074074074074 0.06111111111111111
8 0.43703703703703706 0.23287037037037037 0.08148148148148149 0.09907407407407408
8 0.5162037037037037 0.21342592592592594 0.08796296296296297 0.06481481481481481
8 0.6782407407407407 0.26064814814814813 0.04537037037037037 0.07592592592592592
8 0.7555555555555555 0.3476851851851852 0.06481481481481481 0.11388888888888889
8 0.7796296296296297 0.4199074074074074 0.06944444444444445 0.08333333333333333
8 0.44212962962962965 0.32546296296296295 0.07777777777777778 0.0712962962962963
8 0.4925925925925926 0.3287037037037037 0.07592592592592592 0.0712962962962963
8 0.5425925925925926 0.30972222222222223 0.07037037037037037 0.06574074074074074
8 0.3574074074074074 0.26064814814814813 0.07222222222222222 0.08703703703703704
8 0.16898148148148148 0.3087962962962963 0.12777777777777777 0.08148148148148149
8 0.19444444444444445 0.35555555555555557 0.09351851851851851 0.075
8 0.14722222222222223 0.3962962962962963 0.08796296296296297 0.09444444444444444
8 0.19212962962962962 0.4013888888888889 0.06296296296296296 0.08611111111111111
8 0.2564814814814815 0.30277777777777776 0.06388888888888888 0.07592592592592592
8 0.28194444444444444 0.3472222222222222 0.09722222222222222 0.08055555555555556
8 0.31527777777777777 0.3125 0.0787037037037037 0.07685185185185185
8 0.21157407407407408 0.5268518518518519 0.06111111111111111 0.07592592592592592
8 0.26435185185185184 0.5990740740740741 0.058333333333333334 0.06574074074074074
8 0.2671296296296296 0.7930555555555555 0.06759259259259259 0.0824074074074074
8 0.5194444444444445 0.8388888888888889 0.1037037037037037 0.10092592592592593
8 0.575925925925926 0.6782407407407407 0.1 0.08055555555555556
8 0.6287037037037037 0.6458333333333334 0.08888888888888889 0.11018518518518519
8 0.7018518518518518 0.5939814814814814 0.08333333333333333 0.0787037037037037
8 0.6893518518518519 0.5055555555555555 0.09814814814814815 0.06296296296296296
8 0.8324074074074074 0.5902777777777778 0.05648148148148148 0.06944444444444445
4 0.5745370370370371 0.5976851851851852 0.07962962962962963 0.1
9 0.42083333333333334 0.18425925925925926 0.04537037037037037 0.04722222222222222
9 0.33935185185185185 0.2518518518518518 0.037037037037037035 0.058333333333333334
9 0.32592592592592595 0.2050925925925926 0.027777777777777776 0.025
9 0.25092592592592594 0.2847222222222222 0.05277777777777778 0.05
9 0.3824074074074074 0.32222222222222224 0.05 0.04351851851851852
9 0.5925925925925926 0.24583333333333332 0.05 0.049074074074074076
9 0.8101851851851852 0.32407407407407407 0.05277777777777778 0.053703703703703705
9 0.5356481481481481 0.3685185185185185 0.04814814814814815 0.044444444444444446
9 0.6513888888888889 0.4041666666666667 0.03888888888888889 0.03611111111111111
9 0.7981481481481482 0.5023148148148148 0.04537037037037037 0.05185185185185185
9 0.8296296296296296 0.5828703703703704 0.046296296296296294 0.049074074074074076
9 0.6708333333333333 0.6583333333333333 0.03333333333333333 0.03518518518518519
9 0.5546296296296296 0.6912037037037037 0.05092592592592592 0.04259259259259259
9 0.37175925925925923 0.7611111111111111 0.049074074074074076 0.05185185185185185
9 0.4444444444444444 0.7472222222222222 0.05 0.03981481481481482
9 0.3263888888888889 0.6064814814814815 0.04351851851851852 0.04259259259259259
9 0.3476851851851852 0.6263888888888889 0.040740740740740744 0.03981481481481482
9 0.3875 0.48148148148148145 0.04351851851851852 0.044444444444444446
9 0.34953703703703703 0.4898148148148148 0.04537037037037037 0.04259259259259259
9 0.18472222222222223 0.49583333333333335 0.040740740740740744 0.032407407407407406
10 0.6111111111111112 0.1837962962962963 0.1 0.03888888888888889
10 0.45740740740740743 0.14537037037037037 0.027777777777777776 0.06388888888888888
10 0.7199074074074074 0.3055555555555556 0.08055555555555556 0.11666666666666667
10 0.5976851851851852 0.38101851851851853 0.08148148148148149 0.07037037037037037
10 0.4393518518518518 0.4666666666666667 0.13703703703703704 0.07962962962962963
10 0.7587962962962963 0.4861111111111111 0.08148148148148149 0.0824074074074074
10 0.8708333333333333 0.4513888888888889 0.03333333333333333 0.04537037037037037
10 0.8430555555555556 0.5328703703703703 0.12685185185185185 0.09907407407407408
10 0.8606481481481482 0.674074074074074 0.05555555555555555 0.04351851851851852
10 0.7773148148148148 0.6180555555555556 0.06388888888888888 0.05277777777777778
10 0.5407407407407407 0.5023148148148148 0.03981481481481482 0.05
10 0.475462962962963 0.8421296296296297 0.09444444444444444 0.07407407407407407
10 0.2967592592592593 0.8148148148148148 0.06759259259259259 0.06666666666666667
10 0.33796296296296297 0.6541666666666667 0.06481481481481481 0.1111111111111111
10 0.3537037037037037 0.7101851851851851 0.04537037037037037 0.11388888888888889
10 0.3861111111111111 0.7101851851851851 0.0787037037037037 0.10833333333333334
10 0.13796296296296295 0.5328703703703703 0.06851851851851852 0.11388888888888889
10 0.16296296296296298 0.5152777777777777 0.062037037037037036 0.10740740740740741
10 0.23194444444444445 0.3388888888888889 0.058333333333333334 0.09074074074074075
10 0.4125 0.29074074074074074 0.15092592592592594 0.08518518518518518
10 0.31851851851851853 0.3726851851851852 0.09166666666666666 0.075
10 0.6310185185185185 0.5810185185185185 0.07037037037037037 0.075