14 0.5002037037037037 0.50025 0.8139907407407407 0.8362962962962963
12 0.5779444444444444 0.43605555555555553 0.06944444444444445 0.13391666666666666
12 0.41047222222222224 0.5141666666666667 0.0405 0.05997222222222222
12 0.4430925925925926 0.4823518518518519 0.048888888888888885 0.06945370370370371
12 0.3211111111111111 0.44742592592592595 0.04593518518518518 0.048351851851851854
12 0.4225185185185185 0.42550000000000004 0.051055555555555555 0.04239814814814815
12 0.5197222222222222 0.3671481481481481 0.03425925925925926 0.052981481481481484
12 0.6625555555555555 0.28091666666666665 0.05183333333333333 0.07818518518518518
12 0.833824074074074 0.5040185185185185 0.05586111111111111 0.08027777777777778
12 0.7011481481481482 0.6797314814814815 0.03963888888888889 0.11217592592592593
12 0.46705555555555556 0.7183148148148147 0.09410185185185185 0.06749074074074074
12 0.36660185185185185 0.5283888888888889 0.05025925925925926 0.05319444444444445
12 0.2612685185185185 0.513361111111111 0.07248148148148148 0.06375925925925927
12 0.15296296296296294 0.5695370370370371 0.04000925925925926 0.08134259259259259
12 0.20928703703703705 0.6293703703703704 0.055157407407407405 0.10894444444444444
12 0.28672222222222227 0.22730555555555557 0.08005555555555555 0.03596296296296297
12 0.36619444444444443 0.16544444444444445 0.06839814814814815 0.06338888888888888
12 0.43889814814814815 0.10871296296296296 0.059453703703703696 0.04791666666666667
12 0.7496111111111111 0.24693518518518517 0.077 0.10500000000000001
12 0.3809537037037037 0.7933148148148148 0.05187962962962963 0.07125925925925926
12 0.49820370370370365 0.5718425925925926 0.031824074074074074 0.05075
12 0.6403518518518518 0.36687962962962967 0.06158333333333334 0.04701851851851852
4 0.6993703703703704 0.3777407407407407 0.09607407407407408 0.10261111111111111
4 0.6441481481481481 0.4763148148148148 0.07818518518518518 0.08067592592592591
4 0.4468518518518519 0.5745648148148148 0.10012962962962962 0.10131481481481482
4 0.5142592592592592 0.47337962962962965 0.09610185185185185 0.09641666666666666
4 0.37666666666666665 0.3893148148148148 0.08008333333333333 0.09181481481481481
4 0.2776296296296296 0.4380555555555556 0.08565740740740742 0.09056481481481482
4 0.30910185185185185 0.5228981481481482 0.0745462962962963 0.06894444444444443
4 0.40627777777777774 0.6887129629629629 0.0776111111111111 0.08277777777777778
4 0.5079351851851852 0.7784814814814814 0.09887962962962964 0.09570370370370371
4 0.5974074074074075 0.8033148148148148 0.09269444444444444 0.09291666666666666
4 0.6662777777777779 0.2358148148148148 0.07946296296296296 0.08010185185185185
4 0.5355092592592593 0.2685740740740741 0.08888888888888889 0.06544444444444444
4 0.7609722222222223 0.7215555555555555 0.08912962962962963 0.05993518518518519
4 0.7768703703703703 0.6518796296296296 0.09050925925925926 0.09932407407407406
12 0.7550277777777777 0.5779259259259258 0.05236111111111111 0.08137962962962964
15 0.7089907407407408 0.4669259259259259 0.06259259259259259 0.06675925925925925
15 0.34114814814814814 0.15868518518518518 0.05962037037037037 0.06409259259259259
15 0.6004814814814815 0.1333888888888889 0.04740740740740741 0.043916666666666666
15 0.6082222222222222 0.20291666666666666 0.0628888888888889 0.0751388888888889
15 0.6378055555555556 0.32110185185185186 0.07228703703703702 0.0709537037037037
15 0.4583703703703704 0.41012037037037036 0.06180555555555556 0.06097222222222222
4 0.4728888888888889 0.37445370370370373 0.07700925925925926 0.03941666666666667
8 0.41687962962962966 0.18272222222222223 0.06006481481481482 0.04117592592592593
8 0.5624722222222223 0.13892592592592592 0.07666666666666666 0.05258333333333333
8 0.4702037037037037 0.227 0.0714537037037037 0.0905
8 0.5509814814814814 0.21775925925925926 0.08171296296296296 0.0552037037037037
8 0.7061944444444445 0.2841666666666666 0.03723148148148148 0.07221296296296296
8 0.7722222222222223 0.38007407407407406 0.05160185185185185 0.10898148148148148
8 0.787537037037037 0.4545 0.05981481481481481 0.07664814814814815
8 0.4640462962962963 0.3195648148148148 0.07033333333333333 0.06268518518518519
8 0.513537037037037 0.32908333333333334 0.06845370370370371 0.06305555555555555
8 0.5652777777777778 0.3164814814814815 0.0635925925925926 0.05838888888888889
8 0.3876481481481482 0.24513888888888888 0.06325 0.08007407407407408
8 0.19480555555555554 0.26987962962962964 0.12025000000000001 0.06792592592592593
8 0.2141388888888889 0.3194722222222222 0.08606481481481482 0.06436111111111112
8 0.16267592592592592 0.3540185185185185 0.07841666666666666 0.08489814814814814
8 0.2063888888888889 0.36466666666666664 0.05375 0.08003703703703703
8 0.282212962962963 0.2743611111111111 0.05598148148148148 0.06941666666666667
8 0.3023888888888889 0.32161111111111107 0.08885185185185185 0.07052777777777777
8 0.33946296296296297 0.29145370370370366 0.07147222222222221 0.06811111111111111
8 0.21058333333333334 0.4914907407407407 0.052814814814814814 0.07032407407407408
8 0.2538240740740741 0.5697685185185185 0.0515 0.060620370370370366
8 0.2330925925925926 0.762324074074074 0.05860185185185185 0.07587962962962963
8 0.4781388888888889 0.8387037037037036 0.09292592592592593 0.09042592592592592
8 0.5536944444444445 0.6861944444444444 0.09273148148148148 0.06932407407407408
8 0.6101944444444445 0.660324074074074 0.07684259259259259 0.10164814814814815
8 0.6887314814814816 0.6176574074074075 0.07514814814814814 0.07047222222222223
8 0.6873333333333334 0.5286666666666667 0.09289814814814815 0.05125925925925926
8 0.8190092592592593 0.630175925925926 0.04916666666666667 0.06336111111111112
4 0.5621018518518519 0.6061018518518518 0.06844444444444445 0.09272222222222222
9 0.46011111111111114 0.17682407407407408 0.041435185185185186 0.04212037037037037
9 0.3706944444444445 0.23401851851851851 0.03033333333333333 0.055212962962962964
9 0.3632222222222222 0.18603703703703703 0.02535185185185185 0.022351851851851852
9 0.2789537037037037 0.2561203703703704 0.04777777777777778 0.04461111111111111
9 0.4048981481481482 0.30925 0.04560185185185185 0.037953703703703705
9 0.623 0.25910185185185186 0.045064814814814814 0.0439537037037037
9 0.8291388888888889 0.3632870370370371 0.047185185185185184 0.04806481481481481
9 0.5515185185185185 0.3740833333333333 0.043250000000000004 0.03975925925925926
9 0.6619351851851851 0.4233240740740741 0.03492592592592592 0.03198148148148148
9 0.7956018518518518 0.5387222222222222 0.03988888888888889 0.04688888888888889
9 0.8169351851851852 0.6222314814814814 0.041046296296296296 0.04453703703703704
9 0.6500648148148148 0.6781388888888888 0.029453703703703704 0.0317962962962963
9 0.5310092592592592 0.6963148148148148 0.04707407407407408 0.03660185185185185
9 0.34080555555555553 0.7433055555555556 0.04362037037037037 0.047546296296296295
9 0.4148611111111111 0.7384907407407408 0.04560185185185185 0.03460185185185185
9 0.31449074074074074 0.5847314814814815 0.03913888888888889 0.03760185185185185
9 0.33341666666666664 0.6069722222222222 0.037148148148148145 0.03560185185185186
9 0.390537037037037 0.4679074074074074 0.03846296296296296 0.03976851851851852
9 0.35168518518518516 0.4717222222222222 0.040462962962962964 0.03744444444444444
9 0.18762962962962962 0.45752777777777776 0.03783333333333333 0.027314814814814816
10 0.6488981481481481 0.19992592592592592 0.09745370370370371 0.026768518518518518
10 0.5011388888888889 0.14288888888888887 0.020805555555555553 0.061731481481481484
10 0.7421388888888889 0.3336944444444444 0.06700925925925927 0.10914814814814815
10 0.6116111111111111 0.3939814814814815 0.07465740740740741 0.061277777777777785
10 0.44392592592592595 0.45968518518518514 0.1309537037037037 0.06382407407407407
10 0.758712962962963 0.5175740740740741 0.07342592592592592 0.07452777777777778
10 0.8737962962962963 0.4970555555555556 0.02822222222222222 0.042861111111111114
10 0.8364351851851852 0.5743055555555555 0.11792592592592592 0.08506481481481482
10 0.836574074074074 0.7169351851851852 0.05136111111111111 0.03747222222222222
10 0.760712962962963 0.6511111111111112 0.058722222222222224 0.046175925925925926
10 0.5401944444444444 0.5074351851851852 0.03410185185185185 0.04675
10 0.4340185185185185 0.8367777777777778 0.08748148148148148 0.06342592592592593
10 0.25992592592592595 0.7878796296296297 0.06117592592592592 0.05951851851851852
10 0.3202777777777778 0.6330555555555556 0.05262962962962963 0.1058888888888889
10 0.32899074074074075 0.6907777777777777 0.03226851851851852 0.11037962962962962
10 0.36148148148148146 0.6948611111111112 0.06676851851851852 0.10025925925925926
10 0.1364351851851852 0.48846296296296293 0.055824074074074075 0.10758333333333334
10 0.16356481481481483 0.4741111111111111 0.0497962962962963 0.10185185185185185
10 0.2536388888888889 0.30737962962962967 0.047629629629629626 0.08562962962962964
10 0.43872222222222224 0.2815462962962963 0.14362037037037037 0.0684074074074074
10 0.33551851851851855 0.3515833333333333 0.08363888888888889 0.06494444444444444
10 0.6199444444444444 0.5963425925925926 0.062490740740740736 0.06782407407407408