14 0.524074074074074 0.7134259259259259 0.95 0.5731481481481482
11 0.4222222222222222 0.9287037037037037 0.2759259259259259 0.1425925925925926
11 0.34814814814814815 0.7953703703703704 0.22592592592592592 0.1685185185185185
11 0.5402777777777777 0.8467592592592592 0.23333333333333334 0.17407407407407408
11 0.7717592592592593 0.9037037037037037 0.22777777777777777 0.16944444444444445
11 0.925 0.7564814814814815 0.11018518518518519 0.1527777777777778
11 0.9495370370370371 0.6564814814814814 0.07962962962962963 0.09351851851851851
11 0.9629629629629629 0.5981481481481481 0.06296296296296296 0.06388888888888888
11 0.5439814814814815 0.7212962962962963 0.2064814814814815 0.14074074074074075
11 0.4 0.6717592592592593 0.19814814814814816 0.14629629629629629
11 0.5268518518518519 0.5981481481481481 0.1037037037037037 0.08981481481481482
11 0.6282407407407408 0.6157407407407407 0.14629629629629629 0.1259259259259259
11 0.7532407407407408 0.6601851851851852 0.11944444444444445 0.09814814814814815
11 0.7194444444444444 0.5726851851851852 0.14629629629629629 0.11666666666666667
11 0.8527777777777777 0.5569444444444445 0.1537037037037037 0.09814814814814815
11 0.8412037037037037 0.6152777777777778 0.15 0.08796296296296297
11 0.7513888888888889 0.7726851851851851 0.17777777777777778 0.10740740740740741
11 0.8717592592592592 0.9879629629629629 0.14166666666666666 0.024074074074074074