14 0.5 0.5 1 1
13 0.5347222222222222 0.6939814814814815 0.20277777777777778 0.18796296296296297
13 0.26342592592592595 0.5819444444444445 0.2064814814814815 0.1685185185185185
13 0.8296296296296296 0.7759259259259259 0.13148148148148148 0.11944444444444445
13 0.7726851851851851 0.6361111111111111 0.1685185185185185 0.14351851851851852
4 0.48009259259259257 0.20833333333333334 0.21666666666666667 0.14722222222222223
4 0.19537037037037036 0.2439814814814815 0.13240740740740742 0.11944444444444445
4 0.29907407407407405 0.15416666666666667 0.08611111111111111 0.08796296296296297
4 0.8097222222222222 0.4791666666666667 0.18425925925925926 0.14444444444444443
4 0.43842592592592594 0.4532407407407407 0.18518518518518517 0.18333333333333332
4 0.6310185185185185 0.43703703703703706 0.1675925925925926 0.17314814814814813
4 0.7921296296296296 0.26990740740740743 0.1574074074074074 0.12407407407407407
4 0.6425925925925926 0.18703703703703703 0.13518518518518519 0.1175925925925926
4 0.9439814814814815 0.4060185185185185 0.11203703703703703 0.11388888888888889
4 0.9212962962962963 0.637962962962963 0.11666666666666667 0.14537037037037037
4 0.23657407407407408 0.39166666666666666 0.18611111111111112 0.13518518518518519