14 0.49533333333333335 0.5 0.9906666666666667 1
15 0.228 0.3102517985611511 0.22933333333333333 0.24100719424460432
15 0.406 0.6825539568345323 0.21733333333333332 0.2751798561151079
15 0.4746666666666667 0.381294964028777 0.168 0.210431654676259
15 0.566 0.20053956834532374 0.172 0.2068345323741007
15 0.772 0.5233812949640287 0.20133333333333334 0.2589928057553957
2 0.6073333333333333 0.3552158273381295 0.10266666666666667 0.18345323741007194
2 0.38533333333333336 0.2697841726618705 0.14933333333333335 0.16366906474820145
2 0.25133333333333335 0.5620503597122302 0.11066666666666666 0.17625899280575538
4 0.6053333333333333 0.710431654676259 0.264 0.27697841726618705
4 0.39466666666666667 0.5035971223021583 0.25466666666666665 0.16007194244604317
4 0.628 0.47571942446043164 0.132 0.22841726618705036
4 0.7013333333333334 0.2922661870503597 0.164 0.18345323741007194
4 0.3913333333333333 0.3210431654676259 0.144 0.20323741007194246
4 0.494 0.2517985611510791 0.08133333333333333 0.09712230215827339