14 0.5 0.6432536293766012 1 0.7134927412467976
14 0.3603094983991462 0.12724167378309137 0.7206189967982924 0.25448334756618274
8 0.28536819637139804 0.536268146883006 0.13209178228388474 0.09815542271562766
8 0.29657417289220916 0.6402134927412468 0.07980789754535753 0.05412467976088813
8 0.5369477054429029 0.6143808710503843 0.10697972251867663 0.09213492741246798
8 0.48838847385272144 0.4669171648163962 0.08457844183564568 0.03203245089666951
8 0.6055069370330843 0.46221178479931685 0.11070437566702242 0.08240819812126388
8 0.7255602988260406 0.6549359521776259 0.12668089647812167 0.07929974380871051
8 0.8365421558164354 0.6466097352690008 0.11386339381003202 0.10961571306575578
8 0.748239060832444 0.7906746370623399 0.08132337246531483 0.07751494449188727
8 0.7655816435432231 0.9084884713919726 0.08932764140875134 0.07402220324508968
8 0.6767449306296691 0.9074210076857386 0.06640341515474919 0.05908625106746371
8 0.4289007470651014 0.8719897523484201 0.13100320170757737 0.09923142613151154
8 0.4286339381003202 0.6843894107600341 0.09311632870864461 0.07842869342442357
2 0.4184845250800427 0.5386165670367208 0.1475453575240128 0.14125533731853115
2 0.4921237993596585 0.4135525192143467 0.10271077908217716 0.08755764304013663
2 0.7775880469583778 0.5426729291204099 0.13360725720384203 0.1297267292912041
2 0.576435432230523 0.5618787361229719 0.10056563500533619 0.081067463706234
2 0.3792742796157951 0.778932536293766 0.19183564567769476 0.10099914602903501
2 0.542017075773746 0.8094619982920581 0.12244397011739595 0.08091374893253629
2 0.5991035218783352 0.7102134927412468 0.09789754535752401 0.10871904355251921
2 0.6743436499466382 0.8069000853970965 0.10961579509071503 0.07578992314261315
2 0.5444183564567769 0.9560204953031597 0.07923159018143008 0.08795900939368062
1 0.2714941302027748 0.10835183603757471 0.10435432230522945 0.06639624252775406
1 0.16851654215581643 0.11432963279248505 0.07982924226254001 0.044201537147736975
1 0.5126680896478122 0.09063193851409052 0.09577374599786552 0.077933390264731
1 0.5364140875133404 0.028104184457728436 0.07389541088580576 0.05620836891545687
1 0.28003201707577374 0.02917164816396242 0.10008537886873 0.04040990606319385
1 0.08553895410885806 0.1382322801024765 0.12198505869797224 0.07491887275832622
2 0.7087193169690502 0.7198462852263023 0.08932764140875134 0.10028181041844578
2 0.8463713980789754 0.7767805294619983 0.08713980789754536 0.07752348420153715