14 0.5534722222222223 0.7373888888888889 0.8930555555555556 0.5252222222222223
11 0.47562962962962957 0.9396018518518519 0.26275925925925925 0.1207962962962963
11 0.3852777777777778 0.8118333333333333 0.21031481481481482 0.14405555555555558
11 0.5824537037037036 0.8393703703703703 0.2169814814814815 0.14959259259259258
11 0.8191203703703703 0.8674999999999999 0.21227777777777776 0.1446296296296296
11 0.9534166666666667 0.7031203703703703 0.09317592592592593 0.14234259259259258
11 0.9650740740740741 0.6006851851851852 0.06985185185185185 0.08612962962962963
11 0.9716296296296295 0.5407962962962962 0.056740740740740744 0.056712962962962965
11 0.5707962962962964 0.7141944444444445 0.19366666666666665 0.11786111111111111
11 0.42171296296296296 0.6827222222222222 0.18407407407407408 0.1248611111111111
11 0.5387407407407407 0.5939814814814814 0.09457407407407407 0.07855555555555556
11 0.6414814814814814 0.5993703703703704 0.13390740740740742 0.10973148148148149
11 0.7710370370370371 0.6279351851851851 0.11027777777777777 0.08524074074074074
11 0.7268796296296296 0.5454537037037037 0.1356388888888889 0.10100925925925926
11 0.8571666666666666 0.513537037037037 0.14552777777777776 0.0809074074074074
11 0.8527870370370371 0.5730000000000001 0.14261111111111113 0.07156481481481482
11 0.7826944444444444 0.7398518518518519 0.16856481481481483 0.08753703703703704
11 0.9325092592592593 0.9676944444444443 0.13498148148148148 0.0646111111111111