14 0.5 0.49027777777777776 1 0.9805555555555555
9 0.14166666666666666 0.42777777777777776 0.08148148148148149 0.1037037037037037
9 0.3685185185185185 0.7532407407407408 0.09444444444444444 0.12037037037037036
9 0.674537037037037 0.7486111111111111 0.08055555555555556 0.09351851851851851
9 0.9120370370370371 0.3787037037037037 0.0712962962962963 0.09351851851851851
9 0.6402777777777777 0.11898148148148148 0.08333333333333333 0.10185185185185185
9 0.34675925925925927 0.14027777777777778 0.0824074074074074 0.07962962962962963
8 0.3314814814814815 0.6782407407407407 0.12314814814814815 0.11574074074074074
8 0.3912037037037037 0.6106481481481482 0.08888888888888889 0.08148148148148149
8 0.46805555555555556 0.5740740740740741 0.13425925925925927 0.1111111111111111
8 0.5217592592592593 0.6342592592592593 0.14444444444444443 0.14907407407407408
8 0.6935185185185185 0.5685185185185185 0.09814814814814815 0.12407407407407407
8 0.7513888888888889 0.5222222222222223 0.06574074074074074 0.09351851851851851
8 0.7652777777777777 0.4439814814814815 0.07685185185185185 0.11018518518518519
8 0.8208333333333333 0.3574074074074074 0.09907407407407408 0.12962962962962962
8 0.8300925925925926 0.4935185185185185 0.1287037037037037 0.15185185185185185
8 0.8819444444444444 0.5425925925925926 0.12685185185185185 0.11574074074074074
8 0.9490740740740741 0.48194444444444445 0.09166666666666666 0.0962962962962963
8 0.6986111111111111 0.22546296296296298 0.0824074074074074 0.1962962962962963
8 0.5745370370370371 0.2851851851851852 0.14629629629629629 0.16944444444444445
8 0.6472222222222223 0.22268518518518518 0.08518518518518518 0.08148148148148149
8 0.46944444444444444 0.1425925925925926 0.17037037037037037 0.15555555555555556
8 0.42407407407407405 0.22361111111111112 0.12685185185185185 0.0824074074074074
8 0.3111111111111111 0.3296296296296296 0.12314814814814815 0.13796296296296295
8 0.225 0.3907407407407407 0.11944444444444445 0.1259259259259259
8 0.22037037037037038 0.500462962962963 0.13148148148148148 0.1259259259259259
8 0.45 0.5092592592592593 0.12222222222222222 0.08333333333333333
7 0.36064814814814816 0.23981481481481481 0.15462962962962962 0.10925925925925926
7 0.5055555555555555 0.2884259259259259 0.1259259259259259 0.1287037037037037
7 0.5722222222222222 0.11944444444444445 0.12222222222222222 0.13055555555555556
7 0.7759259259259259 0.3101851851851852 0.10277777777777777 0.09351851851851851
7 0.5601851851851852 0.4597222222222222 0.15925925925925927 0.16111111111111112
7 0.6754629629629629 0.6527777777777778 0.1037037037037037 0.10740740740740741
7 0.4212962962962963 0.6777777777777778 0.10462962962962963 0.18611111111111112
7 0.22592592592592592 0.5851851851851851 0.1574074074074074 0.12314814814814815
7 0.15833333333333333 0.29259259259259257 0.12314814814814815 0.12129629629629629