14 0.5 0.5 1 1
2 0.4726851851851852 0.39675925925925926 0.262037037037037 0.2212962962962963
4 0.19583333333333333 0.2351851851851852 0.12129629629629629 0.12777777777777777
4 0.17546296296296296 0.33564814814814814 0.14351851851851852 0.1259259259259259
4 0.30972222222222223 0.2263888888888889 0.1425925925925926 0.12222222222222222
4 0.27546296296296297 0.31296296296296294 0.12685185185185185 0.12129629629629629
4 0.34675925925925927 0.3675925925925926 0.10833333333333334 0.13425925925925927
4 0.3435185185185185 0.14537037037037037 0.1175925925925926 0.10277777777777777
4 0.4587962962962963 0.16018518518518518 0.15925925925925927 0.1361111111111111
4 0.5967592592592592 0.15138888888888888 0.2222222222222222 0.13703703703703704
4 0.6064814814814815 0.24212962962962964 0.2064814814814815 0.11666666666666667
4 0.7722222222222223 0.22824074074074074 0.18888888888888888 0.1675925925925926
4 0.8462962962962963 0.32731481481481484 0.12314814814814815 0.1287037037037037
4 0.8930555555555556 0.40324074074074073 0.11666666666666667 0.12685185185185185
4 0.6976851851851852 0.3699074074074074 0.3296296296296296 0.2111111111111111
4 0.8773148148148148 0.4912037037037037 0.1175925925925926 0.10833333333333334
4 0.6856481481481481 0.4666666666666667 0.12314814814814815 0.10277777777777777
4 0.8023148148148148 0.5810185185185185 0.22962962962962963 0.2351851851851852
4 0.4726851851851852 0.4708333333333333 0.262037037037037 0.13425925925925927
4 0.46805555555555556 0.5518518518518518 0.18796296296296297 0.11574074074074074
4 0.324537037037037 0.4925925925925926 0.1037037037037037 0.11018518518518519
4 0.14166666666666666 0.462037037037037 0.21666666666666667 0.14537037037037037
4 0.23425925925925925 0.5680555555555555 0.20462962962962963 0.18796296296296297
4 0.2550925925925926 0.6930555555555555 0.1037037037037037 0.11944444444444445
4 0.35694444444444445 0.6671296296296296 0.16944444444444445 0.17592592592592593
4 0.4824074074074074 0.7930555555555555 0.1824074074074074 0.18425925925925926
4 0.6365740740740741 0.7592592592592593 0.10648148148148148 0.10277777777777777
4 0.7041666666666667 0.7175925925925926 0.13518518518518519 0.14537037037037037
4 0.6175925925925926 0.5810185185185185 0.2 0.1824074074074074