12 0.812962962962963 0.799537037037037 0.3314814814814815 0.25092592592592594
12 0.5041666666666667 0.674074074074074 0.29814814814814816 0.2916666666666667
12 0.22453703703703703 0.4699074074074074 0.2037037037037037 0.15648148148148147
12 0.0375 0.3490740740740741 0.075 0.17037037037037037
12 0.3990740740740741 0.2175925925925926 0.2222222222222222 0.2064814814814815
12 0.6472222222222223 0.2657407407407407 0.23333333333333334 0.19814814814814816
12 0.8361111111111111 0.2550925925925926 0.17685185185185184 0.14537037037037037
12 0.8597222222222223 0.3888888888888889 0.1712962962962963 0.17685185185185184
12 0.45555555555555555 0.42824074074074076 0.20185185185185187 0.2064814814814815
10 0.2722222222222222 0.7435185185185185 0.20462962962962963 0.17592592592592593
10 0.3939814814814815 0.9263888888888889 0.12129629629629629 0.14722222222222223
10 0.7657407407407407 0.5625 0.1388888888888889 0.11851851851851852
10 0.6902777777777778 0.4777777777777778 0.11203703703703703 0.17037037037037037
10 0.5546296296296296 0.8356481481481481 0.0962962962962963 0.11018518518518519
8 0.65 0.9055555555555556 0.28703703703703703 0.18888888888888888
8 0.6421296296296296 0.7620370370370371 0.1388888888888889 0.1648148148148148
8 0.9125 0.6157407407407407 0.175 0.2037037037037037
8 0.8583333333333333 0.17777777777777778 0.17314814814814813 0.12407407407407407
8 0.6032407407407407 0.11388888888888889 0.13796296296296295 0.14074074074074075
8 0.6615740740740741 0.2199074074074074 0.14537037037037037 0.11666666666666667
8 0.5745370370370371 0.3685185185185185 0.17592592592592593 0.1648148148148148
8 0.6087962962962963 0.4981481481481482 0.14907407407407408 0.15092592592592594
8 0.38842592592592595 0.3398148148148148 0.1259259259259259 0.11388888888888889
8 0.28379629629629627 0.27314814814814814 0.19074074074074074 0.18796296296296297
8 0.11990740740740741 0.14722222222222223 0.18703703703703703 0.1398148148148148
8 0.16620370370370371 0.2523148148148148 0.11944444444444445 0.09537037037037037
8 0.1300925925925926 0.3592592592592593 0.12222222222222222 0.08425925925925926
8 0.18888888888888888 0.39444444444444443 0.1287037037037037 0.10740740740740741
8 0.11944444444444445 0.687037037037037 0.17962962962962964 0.14166666666666666
8 0.14583333333333334 0.7865740740740741 0.15833333333333333 0.13518518518518519
8 0.3162037037037037 0.862037037037037 0.18611111111111112 0.16018518518518518
8 0.324537037037037 0.7476851851851852 0.14814814814814814 0.1175925925925926
8 0.4546296296296296 0.7787037037037037 0.1925925925925926 0.20462962962962963
8 0.4708333333333333 0.2037037037037037 0.1398148148148148 0.11666666666666667
12 0.663425925925926 0.5856481481481481 0.17777777777777778 0.18518518518518517
12 0.7800925925925926 0.4986111111111111 0.1925925925925926 0.18333333333333332
12 0.47824074074074074 0.325 0.1527777777777778 0.1638888888888889
12 0.31851851851851853 0.5189814814814815 0.21388888888888888 0.18981481481481483
12 0.0824074074074074 0.41203703703703703 0.1648148148148148 0.1425925925925926
12 0.5259259259259259 0.1726851851851852 0.1574074074074074 0.1398148148148148
12 0.6699074074074074 0.16018518518518518 0.16666666666666666 0.10462962962962963
12 0.7648148148148148 0.22777777777777777 0.10648148148148148 0.09814814814814815
12 0.09537037037037037 0.22083333333333333 0.13333333333333333 0.14814814814814814
12 0.011574074074074073 0.25416666666666665 0.023148148148148147 0.11574074074074074