14 0.5015277777777778 0.49003703703703705 0.9969444444444445 0.9311388888888888
9 0.13825925925925925 0.4464074074074074 0.0760925925925926 0.10039814814814815
9 0.38210185185185186 0.7595925925925926 0.0887962962962963 0.11564814814814815
9 0.6872037037037036 0.7391851851851853 0.07628703703703704 0.08930555555555555
9 0.9052777777777778 0.3571666666666667 0.0664074074074074 0.0898888888888889
9 0.6201574074074074 0.11217592592592593 0.07833333333333332 0.09807407407407408
9 0.3279537037037037 0.14881481481481482 0.07896296296296297 0.07576851851851851
8 0.34123148148148147 0.6868981481481482 0.1176574074074074 0.10992592592592593
8 0.39735185185185184 0.6161388888888888 0.08516666666666667 0.0766111111111111
8 0.4721296296296296 0.5756111111111111 0.1285740740740741 0.10492592592592592
8 0.5288148148148148 0.6329537037037037 0.13740740740740742 0.1422314814814815
8 0.6967777777777777 0.5581018518518519 0.09219444444444444 0.1198611111111111
8 0.7520925925925925 0.5091111111111112 0.06130555555555555 0.09092592592592592
8 0.7619074074074074 0.43 0.07127777777777779 0.1063888888888889
8 0.8128796296296296 0.3410092592592593 0.09281481481481481 0.12464814814814815
8 0.8292037037037037 0.4760648148148148 0.12062962962962963 0.14544444444444446
8 0.8837962962962963 0.5223703703703704 0.12207407407407407 0.10941666666666666
8 0.9473055555555556 0.45870370370370367 0.08667592592592592 0.09142592592592592
8 0.684 0.21543518518518517 0.07232407407407407 0.19244444444444445
8 0.5634074074074075 0.28138888888888886 0.13877777777777778 0.1623888888888889
8 0.6325092592592593 0.21530555555555556 0.08080555555555555 0.07703703703703704
8 0.45061111111111113 0.14452777777777778 0.1628703703703704 0.14726851851851852
8 0.40970370370370374 0.22791666666666668 0.12341666666666666 0.07551851851851853
8 0.3025925925925926 0.33969444444444447 0.11652777777777777 0.13187962962962962
8 0.21956481481481482 0.40523148148148147 0.11319444444444444 0.12026851851851851
8 0.22089814814814815 0.5152685185185185 0.12478703703703704 0.11889814814814814
8 0.45061111111111113 0.5117962962962963 0.11828703703703704 0.07703703703703704
7 0.34707407407407403 0.24734259259259259 0.14924074074074076 0.1015462962962963
7 0.4942407407407407 0.28825 0.11926851851851852 0.12269444444444444
7 0.5522314814814815 0.11596296296296296 0.11516666666666667 0.12473148148148148
7 0.76575 0.296 0.0990462962962963 0.08868518518518519
7 0.5579166666666666 0.4566388888888889 0.15174074074074073 0.1537685185185185
7 0.6831574074074074 0.6433055555555556 0.09851851851851852 0.10238888888888889
7 0.43074074074074076 0.6815462962962964 0.09558333333333334 0.18114814814814814
7 0.23060185185185186 0.5994722222222222 0.1524814814814815 0.1151851851851852
7 0.14783333333333332 0.31062962962962964 0.11710185185185185 0.11523148148148149