12 0.7377407407407407 0.8622222222222222 0.29600925925925925 0.1889074074074074
12 0.46499999999999997 0.6706481481481481 0.24975000000000003 0.24182407407407408
12 0.23827777777777776 0.40891666666666665 0.18123148148148147 0.11832407407407408
12 0.056351851851851854 0.24245370370370373 0.10006481481481481 0.1522962962962963
12 0.46500925925925923 0.20215740740740742 0.18961111111111112 0.16794444444444445
12 0.6961018518518518 0.305 0.2037037037037037 0.1570925925925926
12 0.882537037037037 0.3368703703703704 0.15555555555555556 0.11257407407407408
12 0.8753240740740741 0.4726574074074074 0.14112037037037037 0.14957407407407405
12 0.47267592592592594 0.4198888888888889 0.1670462962962963 0.17335185185185184
10 0.2230925925925926 0.6858703703703704 0.17792592592592593 0.13994444444444443
10 0.296462962962963 0.9124537037037037 0.08409259259259258 0.17509259259259258
10 0.7448148148148148 0.62075 0.12069444444444444 0.09390740740740741
10 0.6903888888888889 0.52125 0.07800925925925926 0.15653703703703703
10 0.4779444444444444 0.8393796296296296 0.0771388888888889 0.09510185185185184
8 0.554462962962963 0.93125 0.2632685185185185 0.1375
8 0.5797314814814815 0.7872037037037036 0.10929629629629631 0.14412962962962964
8 0.9016296296296297 0.7112777777777778 0.19674074074074074 0.16369444444444445
8 0.9219259259259259 0.26744444444444443 0.15614814814814815 0.09100925925925926
8 0.6876851851851852 0.14701851851851852 0.11469444444444445 0.11780555555555557
8 0.7203055555555555 0.263537037037037 0.12882407407407406 0.0892037037037037
8 0.6022777777777778 0.38862037037037034 0.14838888888888888 0.13487037037037036
8 0.6063425925925926 0.5227222222222222 0.12342592592592594 0.1264074074074074
8 0.42741666666666667 0.3188611111111111 0.10842592592592593 0.0915925925925926
8 0.3403611111111111 0.2304537037037037 0.15986111111111112 0.15537037037037038
8 0.2089537037037037 0.07094444444444445 0.16770370370370372 0.104
8 0.23046296296296298 0.18355555555555556 0.1054537037037037 0.0735925925925926
8 0.1713703703703704 0.2797777777777778 0.11057407407407407 0.06153703703703703
8 0.22068518518518518 0.3272777777777778 0.11297222222222222 0.08437037037037037
8 0.08716666666666667 0.5965462962962963 0.1587037037037037 0.10864814814814815
8 0.09032407407407407 0.6995277777777777 0.13795370370370372 0.10711111111111112
8 0.2393240740740741 0.8113796296296296 0.16228703703703704 0.1263240740740741
8 0.2731574074074074 0.701787037037037 0.1307037037037037 0.09057407407407407
8 0.39328703703703705 0.7613148148148149 0.15744444444444444 0.1735462962962963
8 0.5382314814814815 0.20460185185185184 0.12253703703703704 0.09162962962962963
12 0.6401481481481481 0.6202037037037037 0.1461111111111111 0.1566111111111111
12 0.7734166666666666 0.5617314814814814 0.16330555555555556 0.1502037037037037
12 0.5179166666666667 0.32475000000000004 0.12530555555555556 0.13896296296296298
12 0.3187037037037037 0.4776759259259259 0.18446296296296297 0.15176851851851852
12 0.11307407407407408 0.3203611111111111 0.14337037037037037 0.11218518518518518
12 0.5990185185185186 0.18670370370370368 0.13583333333333333 0.11223148148148147
12 0.7419351851851852 0.20726851851851852 0.15431481481481482 0.0710925925925926
12 0.8194259259259259 0.2941759259259259 0.09124074074074075 0.0796388888888889
12 0.16850925925925928 0.13719444444444442 0.10803703703703704 0.12674999999999997
12 0.04214814814814815 0.14222222222222222 0.07926851851851852 0.10024999999999999