14 0.5 0.5 1 1
9 0.1476851851851852 0.4027777777777778 0.08796296296296297 0.10833333333333334
9 0.35138888888888886 0.7435185185185185 0.10185185185185185 0.1259259259259259
9 0.6564814814814814 0.7601851851851852 0.08611111111111111 0.09814814814814815
9 0.9194444444444444 0.4074074074074074 0.07685185185185185 0.09722222222222222
9 0.6666666666666666 0.12962962962962962 0.08981481481481482 0.10740740740740741
9 0.37222222222222223 0.13055555555555556 0.08703703703703704 0.08518518518518518
8 0.3194444444444444 0.6662037037037037 0.13055555555555556 0.12407407407407407
8 0.3837962962962963 0.6027777777777777 0.09351851851851851 0.08703703703703704
8 0.46296296296296297 0.5717592592592593 0.14074074074074075 0.11944444444444445
8 0.5125 0.6356481481481482 0.1537037037037037 0.1574074074074074
8 0.6884259259259259 0.5814814814814815 0.10555555555555556 0.12962962962962962
8 0.7490740740740741 0.5398148148148149 0.07222222222222222 0.09722222222222222
8 0.7685185185185185 0.4625 0.08333333333333333 0.11481481481481481
8 0.8300925925925926 0.38055555555555554 0.10740740740740741 0.13518518518518519
8 0.8296296296296296 0.5162037037037037 0.13796296296296295 0.15925925925925927
8 0.8782407407407408 0.5689814814814815 0.13425925925925927 0.12314814814814815
8 0.9490740740740741 0.513425925925926 0.09722222222222222 0.10185185185185185
8 0.7171296296296297 0.23981481481481481 0.09537037037037037 0.2
8 0.5893518518518519 0.29074074074074074 0.1574074074074074 0.1787037037037037
8 0.6662037037037037 0.2337962962962963 0.08981481481481482 0.08611111111111111
8 0.49444444444444446 0.1412037037037037 0.17962962962962964 0.16574074074074074
8 0.44351851851851853 0.21898148148148147 0.13148148148148148 0.08981481481481482
8 0.3236111111111111 0.31666666666666665 0.13148148148148148 0.14444444444444443
8 0.23333333333333334 0.37175925925925923 0.12685185185185185 0.13333333333333333
8 0.2212962962962963 0.4810185185185185 0.1388888888888889 0.13333333333333333
8 0.449537037037037 0.5055555555555555 0.12685185185185185 0.09074074074074075
7 0.37916666666666665 0.23055555555555557 0.16018518518518518 0.11944444444444445
7 0.5199074074074074 0.28935185185185186 0.13333333333333333 0.13703703703703704
7 0.5986111111111111 0.125 0.12962962962962962 0.13796296296296295
7 0.788425925925926 0.3300925925925926 0.10833333333333334 0.1
7 0.562962962962963 0.4638888888888889 0.1685185185185185 0.1712962962962963
7 0.6643518518518519 0.6643518518518519 0.11018518518518519 0.11388888888888889
7 0.40925925925925927 0.6717592592592593 0.11666666666666667 0.19166666666666668
7 0.22037037037037038 0.5657407407407408 0.1648148148148148 0.13333333333333333
7 0.1736111111111111 0.2689814814814815 0.13055555555555556 0.1287037037037037