14 0.5 0.6280296296296296 1 0.7439481481481481
15 0.08990740740740741 0.6216444444444444 0.16160185185185186 0.12053333333333333
15 0.3342777777777778 0.6665703703703704 0.11689814814814815 0.07507407407407407
15 0.24928703703703706 0.5285037037037037 0.0856851851851852 0.04875555555555555
15 0.19290740740740742 0.7883333333333333 0.11171296296296297 0.10348148148148148
15 0.4455092592592592 0.818162962962963 0.1615462962962963 0.12151111111111111
15 0.6543148148148148 0.5730740740740741 0.1497962962962963 0.12054814814814815
15 0.6296018518518519 0.6256296296296296 0.1610740740740741 0.10422962962962963
15 0.718287037037037 0.6492222222222223 0.09124074074074075 0.06814074074074074
15 0.7835462962962964 0.5682148148148148 0.1480462962962963 0.12471111111111112
15 0.9255740740740741 0.6200814814814815 0.10682407407407409 0.06537777777777778
15 0.9621018518518518 0.5108074074074074 0.07579629629629629 0.07581481481481481
15 0.5955555555555556 0.5134148148148149 0.11468518518518518 0.05673333333333334
15 0.3988888888888889 0.5286740740740741 0.13336111111111112 0.10113333333333334
15 0.9675277777777779 0.798037037037037 0.06495370370370371 0.15065925925925924
9 0.21524074074074076 0.6877259259259259 0.16071296296296295 0.11045185185185186
9 0.6139907407407408 0.8755777777777778 0.1472037037037037 0.08714814814814816
9 0.7371481481481481 0.7744518518518518 0.08126851851851852 0.1034888888888889
9 0.9360833333333334 0.6859925925925926 0.1278425925925926 0.10004444444444445
9 0.8687592592592592 0.4750814814814815 0.15799999999999997 0.06680740740740741
9 0.6178888888888889 0.4350074074074074 0.0769537037037037 0.08034814814814814
9 0.5181481481481481 0.4199185185185185 0.10299074074074074 0.08833333333333333
9 0.44681481481481483 0.4580814814814815 0.1554722222222222 0.08138518518518519
9 0.49950000000000006 0.5366518518518518 0.1264074074074074 0.11014814814814813
9 0.41732407407407407 0.6540814814814815 0.0965 0.07785185185185185