14 0.5 0.5574074074074075 1 0.8851851851851852
9 0.4195 0.9064351851851852 0.08773148148148148 0.09846296296296296
9 0.1970925925925926 0.6994722222222222 0.07664814814814815 0.08768518518518519
9 0.05418518518518519 0.5141851851851852 0.08000925925925925 0.07578703703703703
9 0.19666666666666668 0.36392592592592593 0.07303703703703704 0.06721296296296296
9 0.2754907407407407 0.30012037037037037 0.06662962962962962 0.07028703703703704
9 0.41297222222222224 0.27982407407407406 0.06076851851851851 0.06862962962962964
9 0.4862314814814815 0.36489814814814814 0.07660185185185185 0.08305555555555556
9 0.651787037037037 0.2948425925925926 0.07685185185185185 0.07640740740740741
9 0.7314444444444445 0.3319537037037037 0.07766666666666666 0.08668518518518518
9 0.6149537037037037 0.45858333333333334 0.07268518518518519 0.06468518518518518
9 0.344712962962963 0.44440740740740736 0.06606481481481481 0.07525
9 0.3622314814814815 0.5005555555555555 0.07328703703703704 0.06522222222222222
9 0.5184814814814815 0.5814537037037038 0.08993518518518519 0.07021296296296296
9 0.7529907407407408 0.6668055555555555 0.09017592592592592 0.07518518518518519
9 0.8787962962962963 0.6299722222222223 0.07208333333333333 0.08214814814814815
9 0.9755925925925927 0.7529814814814815 0.04881481481481481 0.09183333333333334
12 0.7353333333333333 0.4524722222222222 0.060981481481481484 0.0680185185185185
12 0.7061944444444445 0.49144444444444446 0.1939537037037037 0.0787962962962963
12 0.3468055555555556 0.5305185185185185 0.19772222222222222 0.07511111111111111
12 0.5741296296296295 0.5080555555555556 0.03944444444444445 0.08422222222222221
12 0.47578703703703706 0.7673240740740741 0.24724999999999997 0.09327777777777778
12 0.6124166666666666 0.6410740740740741 0.04190740740740741 0.21478703703703703
12 0.2124537037037037 0.8125555555555555 0.3275740740740741 0.14769444444444443
12 0.0840462962962963 0.623675925925926 0.15125925925925926 0.05348148148148148
12 0.4190740740740741 0.32466666666666666 0.11333333333333334 0.03905555555555556
12 0.37819444444444444 0.26128703703703704 0.04437962962962963 0.04584259259259259
12 0.498462962962963 0.27737962962962964 0.1550277777777778 0.11461111111111111
9 0.02387037037037037 0.7903425925925927 0.04773148148148148 0.08678703703703704
11 0.5899166666666666 0.9278981481481482 0.1842777777777778 0.14420370370370372
11 0.7614444444444445 0.8008796296296297 0.1935462962962963 0.21813888888888888
11 0.8898796296296296 0.526787037037037 0.18413888888888888 0.16193518518518518
11 0.8031574074074074 0.34494444444444444 0.12228703703703703 0.10256481481481482
11 0.6770092592592593 0.22627777777777777 0.13118518518518518 0.09853703703703703
11 0.4567777777777778 0.19812962962962963 0.13958333333333334 0.10818518518518519
11 0.3376018518518519 0.23312962962962963 0.13453703703703704 0.09701851851851852
11 0.5273981481481482 0.29525 0.13627777777777778 0.11475
11 0.34900925925925924 0.33721296296296294 0.132 0.08962962962962963
11 0.310462962962963 0.37993518518518515 0.1360648148148148 0.09139814814814815
11 0.30996296296296294 0.5910370370370371 0.16547222222222224 0.08962037037037038
11 0.6304814814814814 0.6273240740740741 0.1065925925925926 0.16774074074074075
11 0.11547222222222221 0.7547314814814815 0.16702777777777778 0.22728703703703704
7 0.331 0.8455 0.2633518518518519 0.2870925925925926
7 0.44853703703703707 0.4656851851851852 0.14592592592592593 0.1259537037037037
7 0.6829351851851853 0.39305555555555555 0.11959259259259258 0.12613888888888888
10 0.782787037037037 0.5624814814814815 0.10674074074074075 0.1451111111111111
10 0.6303240740740741 0.4058888888888889 0.22481481481481483 0.10551851851851851
10 0.3177222222222222 0.6478055555555555 0.34671296296296295 0.07375000000000001
10 0.18652777777777776 0.48313888888888884 0.14114814814814813 0.09796296296296296