14 0.5 0.5 1 1
10 0.41435185185185186 0.11712962962962963 0.12685185185185185 0.09722222222222222
10 0.6805555555555556 0.08518518518518518 0.1574074074074074 0.08981481481481482
10 0.7384259259259259 0.1550925925925926 0.11851851851851852 0.08796296296296297
10 0.85 0.16342592592592592 0.04537037037037037 0.12777777777777777
10 0.9375 0.45925925925925926 0.10277777777777777 0.08333333333333333
10 0.6893518518518519 0.43148148148148147 0.11851851851851852 0.08888888888888889
10 0.6231481481481481 0.35324074074074074 0.075 0.11944444444444445
10 0.43796296296296294 0.19768518518518519 0.08333333333333333 0.06574074074074074
10 0.48564814814814816 0.2810185185185185 0.075 0.1287037037037037
10 0.2175925925925926 0.2712962962962963 0.08055555555555556 0.13240740740740742
10 0.18796296296296297 0.4009259259259259 0.09351851851851851 0.1787037037037037
10 0.20046296296296295 0.5652777777777778 0.09444444444444444 0.12129629629629629
10 0.4699074074074074 0.8050925925925926 0.10277777777777777 0.16574074074074074
10 0.3578703703703704 0.8055555555555556 0.08888888888888889 0.14074074074074075
10 0.3541666666666667 0.7074074074074074 0.07962962962962963 0.0787037037037037
10 0.6092592592592593 0.8324074074074074 0.12314814814814815 0.1175925925925926
10 0.8111111111111111 0.8125 0.11018518518518519 0.11296296296296296
10 0.700462962962963 0.5763888888888888 0.08611111111111111 0.10925925925925926
12 0.875 0.15833333333333333 0.05277777777777778 0.1574074074074074
12 0.6203703703703703 0.16111111111111112 0.10833333333333334 0.13425925925925927
12 0.7425925925925926 0.2587962962962963 0.09907407407407408 0.11944444444444445
12 0.8263888888888888 0.2574074074074074 0.05277777777777778 0.04259259259259259
12 0.6583333333333333 0.3199074074074074 0.07222222222222222 0.053703703703703705
12 0.49027777777777776 0.1162037037037037 0.1361111111111111 0.05462962962962963
12 0.24953703703703703 0.32731481481481484 0.09814814814814815 0.1361111111111111
12 0.3611111111111111 0.35462962962962963 0.21296296296296297 0.1925925925925926
12 0.4125 0.4532407407407407 0.09814814814814815 0.0962962962962963
12 0.2064814814814815 0.7189814814814814 0.13796296296296295 0.16944444444444445
12 0.287962962962963 0.6337962962962963 0.10277777777777777 0.24722222222222223
12 0.5189814814814815 0.5435185185185185 0.05092592592592592 0.0962962962962963
12 0.38472222222222224 0.8194444444444444 0.1287037037037037 0.1675925925925926
12 0.4861111111111111 0.8773148148148148 0.06759259259259259 0.09351851851851851
12 0.5907407407407408 0.9050925925925926 0.1824074074074074 0.11666666666666667
12 0.6953703703703704 0.7939814814814815 0.10092592592592593 0.06574074074074074
12 0.7231481481481481 0.6902777777777778 0.09351851851851851 0.09074074074074075
12 0.8657407407407407 0.7037037037037037 0.19074074074074074 0.08888888888888889
12 0.875 0.6291666666666667 0.09074074074074075 0.1037037037037037
10 0.9444444444444444 0.5856481481481481 0.1111111111111111 0.1675925925925926
12 0.8416666666666667 0.35648148148148145 0.1398148148148148 0.08796296296296297
9 0.46944444444444444 0.35833333333333334 0.11666666666666667 0.08981481481481482
9 0.7041666666666667 0.2222222222222222 0.07314814814814814 0.07777777777777778
9 0.8194444444444444 0.5685185185185185 0.07685185185185185 0.09259259259259259
9 0.5810185185185185 0.43796296296296294 0.08611111111111111 0.08981481481481482
9 0.5787037037037037 0.736574074074074 0.08055555555555556 0.09444444444444444
9 0.3662037037037037 0.649537037037037 0.09074074074074075 0.06944444444444445
8 0.27314814814814814 0.25277777777777777 0.1111111111111111 0.07592592592592592
8 0.9393518518518519 0.5657407407407408 0.09814814814814815 0.10925925925925926
8 0.7101851851851851 0.8865740740740741 0.10462962962962963 0.11203703703703703