12 0.462037037037037 0.7421296296296296 0.11296296296296296 0.09537037037037037
12 0.5907407407407408 0.6856481481481481 0.12314814814814815 0.11666666666666667
12 0.7032407407407407 0.6430555555555556 0.09166666666666666 0.10740740740740741
12 0.7513888888888889 0.5268518518518519 0.12222222222222222 0.12037037037037036
12 0.475462962962963 0.48518518518518516 0.07037037037037037 0.07962962962962963
12 0.5837962962962963 0.47129629629629627 0.09259259259259259 0.10740740740740741
12 0.6518518518518519 0.4148148148148148 0.07407407407407407 0.062037037037037036
12 0.7861111111111111 0.4166666666666667 0.10740740740740741 0.07592592592592592
12 0.8921296296296296 0.35509259259259257 0.14444444444444443 0.08425925925925926
12 0.5439814814814815 0.37777777777777777 0.05740740740740741 0.04814814814814815
12 0.6398148148148148 0.32175925925925924 0.05740740740740741 0.05555555555555555
12 0.7180555555555556 0.3199074074074074 0.07407407407407407 0.05277777777777778
12 0.8643518518518518 0.26666666666666666 0.07314814814814814 0.05740740740740741
12 0.6898148148148148 0.2523148148148148 0.06851851851851852 0.058333333333333334
12 0.7805555555555556 0.19305555555555556 0.10092592592592593 0.058333333333333334
12 0.6263888888888889 0.22314814814814815 0.08055555555555556 0.07222222222222222
12 0.5421296296296296 0.2611111111111111 0.0712962962962963 0.05648148148148148
12 0.5560185185185185 0.03611111111111111 0.05740740740740741 0.07222222222222222
12 0.5435185185185185 0.1425925925925926 0.07222222222222222 0.08425925925925926
12 0.6625 0.1439814814814815 0.058333333333333334 0.049074074074074076
12 0.6967592592592593 0.11574074074074074 0.05092592592592592 0.053703703703703705
12 0.7240740740740741 0.09074074074074075 0.06018518518518518 0.05
12 0.7638888888888888 0.08425925925925926 0.05 0.06018518518518518
10 0.31712962962962965 0.6787037037037037 0.07407407407407407 0.05555555555555555
10 0.36342592592592593 0.6435185185185185 0.08888888888888889 0.05648148148148148
10 0.2967592592592593 0.5699074074074074 0.10925925925925926 0.10740740740740741
10 0.34120370370370373 0.5115740740740741 0.10555555555555556 0.1398148148148148
10 0.39814814814814814 0.3875 0.09722222222222222 0.08518518518518518
10 0.4722222222222222 0.4199074074074074 0.03888888888888889 0.05462962962962963
10 0.45925925925925926 0.3060185185185185 0.11018518518518519 0.06018518518518518
10 0.4675925925925926 0.1476851851851852 0.06944444444444445 0.0824074074074074
10 0.4166666666666667 0.05462962962962963 0.08518518518518518 0.06759259259259259
10 0.3277777777777778 0.11944444444444445 0.06018518518518518 0.08425925925925926
10 0.36527777777777776 0.18055555555555555 0.05925925925925926 0.07037037037037037
10 0.325 0.24166666666666667 0.07314814814814814 0.046296296296296294
10 0.19166666666666668 0.14351851851851852 0.05740740740740741 0.07037037037037037
10 0.17083333333333334 0.2412037037037037 0.0787037037037037 0.1287037037037037
10 0.21666666666666667 0.25555555555555554 0.04351851851851852 0.05277777777777778
10 0.24583333333333332 0.18287037037037038 0.11203703703703703 0.0962962962962963
10 0.2652777777777778 0.23935185185185184 0.09444444444444444 0.07222222222222222
10 0.21296296296296297 0.35 0.06759259259259259 0.05740740740740741
10 0.10787037037037037 0.32314814814814813 0.044444444444444446 0.08148148148148149
10 0.06759259259259259 0.37037037037037035 0.10555555555555556 0.06851851851851852
10 0.044444444444444446 0.4083333333333333 0.08888888888888889 0.05925925925925926
10 0.0699074074074074 0.4337962962962963 0.11574074074074074 0.06481481481481481
10 0.1412037037037037 0.37916666666666665 0.053703703703703705 0.05740740740740741
10 0.15601851851851853 0.34814814814814815 0.03611111111111111 0.037037037037037035
10 0.08194444444444444 0.49074074074074076 0.08148148148148149 0.06759259259259259
10 0.15601851851851853 0.45601851851851855 0.07685185185185185 0.05555555555555555
10 0.13148148148148148 0.5212962962962963 0.11851851851851852 0.09166666666666666
10 0.225 0.4787037037037037 0.08518518518518518 0.06481481481481481
10 0.15231481481481482 0.5699074074074074 0.05 0.03518518518518519
10 0.21851851851851853 0.6129629629629629 0.040740740740740744 0.053703703703703705
10 0.062037037037037036 0.7208333333333333 0.053703703703703705 0.06851851851851852
10 0.34305555555555556 0.3527777777777778 0.05925925925925926 0.03981481481481482
14 0.5 0.5 1 1
11 0.05324074074074074 0.3337962962962963 0.10648148148148148 0.10833333333333334
11 0.07777777777777778 0.2462962962962963 0.10462962962962963 0.09444444444444444
11 0.2523148148148148 0.10925925925925926 0.10833333333333334 0.08333333333333333
11 0.3736111111111111 0.05462962962962963 0.10833333333333334 0.09351851851851851
11 0.5083333333333333 0.09351851851851851 0.09444444444444444 0.0787037037037037
11 0.6541666666666667 0.047685185185185185 0.12037037037037036 0.09537037037037037
11 0.7810185185185186 0.09398148148148149 0.1111111111111111 0.10833333333333334
11 0.9050925925925926 0.2726851851851852 0.12037037037037036 0.11388888888888889
11 0.9296296296296296 0.4060185185185185 0.14074074074074075 0.1398148148148148
11 0.8435185185185186 0.4898148148148148 0.13796296296296295 0.12222222222222222
11 0.775 0.6333333333333333 0.16203703703703703 0.14074074074074075
11 0.475462962962963 0.7587962962962963 0.15185185185185185 0.13703703703703704
11 0.2902777777777778 0.7060185185185185 0.17037037037037037 0.14444444444444443
11 0.17731481481481481 0.6027777777777777 0.1388888888888889 0.10740740740740741
11 0.058333333333333334 0.5606481481481481 0.11666666666666667 0.11388888888888889
11 0.47175925925925927 0.5587962962962963 0.1388888888888889 0.10462962962962963
11 0.6912037037037037 0.4842592592592593 0.13703703703703704 0.125
11 0.7490740740740741 0.35694444444444445 0.13148148148148148 0.10740740740740741
11 0.4199074074074074 0.23796296296296296 0.08796296296296297 0.08148148148148149