14 0.5 0.5 1 1
10 0.5504629629629629 0.1111111111111111 0.13518518518518519 0.1111111111111111
10 0.8115740740740741 0.17175925925925925 0.1648148148148148 0.10833333333333334
10 0.8421296296296297 0.25787037037037036 0.12685185185185185 0.10185185185185185
10 0.9439814814814815 0.3037037037037037 0.062037037037037036 0.12962962962962962
10 0.925 0.611574074074074 0.11018518518518519 0.09444444444444444
10 0.7013888888888888 0.500462962962963 0.12685185185185185 0.10185185185185185
10 0.6662037037037037 0.4041666666666667 0.08981481481481482 0.1259259259259259
10 0.5449074074074074 0.19490740740740742 0.08981481481481482 0.075
10 0.5615740740740741 0.28935185185185186 0.08981481481481482 0.13425925925925927
10 0.3125 0.18888888888888888 0.0962962962962963 0.1388888888888889
10 0.24074074074074073 0.300462962962963 0.11574074074074074 0.18425925925925926
10 0.19583333333333333 0.4587962962962963 0.10833333333333334 0.12962962962962962
10 0.3675925925925926 0.7763888888888889 0.12222222222222222 0.17407407407407408
10 0.262037037037037 0.7388888888888889 0.10462962962962963 0.14722222222222223
10 0.29212962962962963 0.6449074074074074 0.08703703703703704 0.08703703703703704
10 0.4888888888888889 0.85 0.13518518518518519 0.13055555555555556
10 0.6856481481481481 0.9 0.12129629629629629 0.12407407407407407
10 0.6625 0.6402777777777777 0.09814814814814815 0.1175925925925926
12 0.9662037037037037 0.3074074074074074 0.06759259259259259 0.15925925925925927
12 0.7291666666666666 0.22268518518518518 0.12314814814814815 0.14444444444444443
12 0.8101851851851852 0.3560185185185185 0.11203703703703703 0.12962962962962962
12 0.8893518518518518 0.3837962962962963 0.05648148148148148 0.04814814814814815
12 0.7101851851851851 0.38472222222222224 0.07685185185185185 0.062037037037037036
12 0.6222222222222222 0.13564814814814816 0.1388888888888889 0.07222222222222222
12 0.3236111111111111 0.2518518518518518 0.11388888888888889 0.14444444444444443
12 0.41898148148148145 0.31574074074074077 0.2324074074074074 0.21574074074074073
12 0.4337962962962963 0.4263888888888889 0.10833333333333334 0.10648148148148148
12 0.14907407407407408 0.6055555555555555 0.15648148148148147 0.1824074074074074
12 0.2550925925925926 0.5532407407407407 0.13333333333333333 0.2518518518518518
12 0.5027777777777778 0.5476851851851852 0.06296296296296296 0.1
12 0.2824074074074074 0.7611111111111111 0.14722222222222223 0.17962962962962964
12 0.35833333333333334 0.85 0.07777777777777778 0.09907407407407408
12 0.44675925925925924 0.9115740740740741 0.19166666666666668 0.13796296296296295
12 0.5828703703703704 0.8430555555555556 0.10555555555555556 0.07685185185185185
12 0.6444444444444445 0.7550925925925925 0.10277777777777777 0.10092592592592593
12 0.774074074074074 0.8162037037037037 0.1962962962962963 0.11296296296296296
12 0.8083333333333333 0.749537037037037 0.10185185185185185 0.11203703703703703
10 0.8967592592592593 0.7361111111111112 0.14814814814814814 0.17962962962962964
12 0.8703703703703703 0.48194444444444445 0.14629629629629629 0.10462962962962963
9 0.5194444444444445 0.35648148148148145 0.125 0.10277777777777777
9 0.7870370370370371 0.3087962962962963 0.08055555555555556 0.08518518518518518
9 0.7763888888888889 0.6736111111111112 0.08703703703703704 0.1
9 0.5972222222222222 0.46944444444444444 0.09537037037037037 0.09814814814814815
9 0.4930555555555556 0.7490740740740741 0.09074074074074075 0.10185185185185185
9 0.32314814814814813 0.5949074074074074 0.0962962962962963 0.07962962962962963
8 0.3712962962962963 0.19027777777777777 0.1175925925925926 0.08796296296296297
8 0.8902777777777777 0.712037037037037 0.10925925925925926 0.11944444444444445
8 0.5652777777777778 0.9351851851851852 0.11666666666666667 0.12222222222222222