12 0.4004907407407407 0.7241481481481482 0.0973888888888889 0.0729074074074074
12 0.5396851851851852 0.703037037037037 0.10282407407407407 0.09330555555555556
12 0.6592129629629631 0.6905925925925926 0.07053703703703704 0.09250925925925925
12 0.735712962962963 0.5907407407407408 0.09990740740740742 0.09831481481481483
12 0.48028703703703707 0.479324074074074 0.054675925925925926 0.06816666666666667
12 0.5884907407407408 0.4940925925925926 0.07199074074074074 0.09128703703703704
12 0.6688518518518519 0.45693518518518517 0.0641111111111111 0.047462962962962964
12 0.7979259259259259 0.49337962962962967 0.09748148148148149 0.05291666666666667
12 0.9161666666666667 0.46154629629629634 0.1360648148148148 0.05034259259259259
12 0.5740833333333333 0.3931296296296296 0.04919444444444444 0.03660185185185185
12 0.681287037037037 0.36391666666666667 0.04724074074074074 0.044259259259259255
12 0.7573333333333333 0.3824444444444445 0.06717592592592592 0.03725925925925926
12 0.9124074074074073 0.3689074074074074 0.06377777777777778 0.04257407407407407
12 0.7474259259259259 0.3100185185185185 0.05901851851851852 0.04399074074074074
12 0.8504814814814815 0.27594444444444444 0.09539814814814815 0.0354537037037037
12 0.6939166666666666 0.2655092592592593 0.06861111111111111 0.056027777777777774
12 0.602712962962963 0.28014814814814815 0.06240740740740741 0.04125925925925926
12 0.6741018518518518 0.06637962962962962 0.04192592592592593 0.06331481481481481
12 0.6344537037037037 0.16580555555555554 0.05592592592592593 0.0717037037037037
12 0.7490462962962964 0.19807407407407407 0.05059259259259259 0.03737962962962963
12 0.7895925925925926 0.17999074074074073 0.041 0.04437037037037037
12 0.8223703703703703 0.16250925925925924 0.052138888888888894 0.037898148148148146
12 0.8623425925925926 0.16664814814814813 0.03749074074074074 0.051370370370370365
10 0.2772685185185185 0.6253333333333333 0.06587037037037037 0.039546296296296295
10 0.33085185185185184 0.6032685185185185 0.08293518518518518 0.03691666666666667
10 0.28544444444444445 0.5147685185185186 0.08934259259259258 0.08753703703703704
10 0.34364814814814815 0.47008333333333335 0.0753425925925926 0.12382407407407406
10 0.43065740740740743 0.36518518518518517 0.08338888888888889 0.06582407407407408
10 0.4938425925925926 0.4151944444444445 0.027194444444444445 0.04842592592592592
10 0.5108518518518519 0.3022685185185185 0.10507407407407408 0.03478703703703704
10 0.5598703703703704 0.1515277777777778 0.0525462962962963 0.07117592592592593
10 0.5346759259259259 0.048407407407407406 0.07448148148148148 0.04987037037037037
10 0.4322037037037037 0.08775925925925926 0.04142592592592593 0.07641666666666667
10 0.45253703703703707 0.15663888888888888 0.04475 0.06124074074074074
10 0.39759259259259255 0.20529629629629628 0.06703703703703705 0.029342592592592594
10 0.29457407407407404 0.07580555555555556 0.043583333333333335 0.06079629629629629
10 0.2492314814814815 0.16469444444444445 0.04892592592592593 0.12002777777777777
10 0.2896574074074074 0.19078703703703706 0.03256481481481482 0.045925925925925926
10 0.3367777777777778 0.12800925925925927 0.0966851851851852 0.07393518518518517
10 0.34080555555555553 0.18746296296296297 0.08387962962962964 0.05269444444444444
10 0.2613888888888889 0.28093518518518523 0.05781481481481481 0.04427777777777778
10 0.1671851851851852 0.2278888888888889 0.024907407407407406 0.07724074074074075
10 0.11606481481481482 0.2627407407407407 0.09722222222222222 0.04471296296296296
10 0.07043518518518518 0.2906111111111111 0.11069444444444444 0.03186111111111111
10 0.10153703703703704 0.3246388888888889 0.10932407407407407 0.03758333333333334
10 0.18475925925925926 0.2905462962962963 0.042611111111111113 0.04794444444444444
10 0.20683333333333334 0.26437037037037037 0.029388888888888888 0.0305
10 0.09842592592592592 0.3826851851851852 0.07067592592592592 0.05143518518518518
10 0.17914814814814814 0.36872222222222223 0.06878703703703705 0.03847222222222222
10 0.13862962962962963 0.4253148148148148 0.1049537037037037 0.06687962962962964
10 0.23999074074074073 0.40812037037037036 0.07575925925925925 0.04730555555555556
10 0.1461111111111111 0.4776296296296297 0.04511111111111111 0.024370370370370372
10 0.19910185185185186 0.5361574074074074 0.028888888888888888 0.04791666666666667
10 0.01999074074074074 0.5998333333333333 0.039990740740740736 0.060444444444444446
10 0.38663888888888887 0.3173888888888889 0.0545 0.02659259259259259
14 0.5 0.45829629629629626 1 0.9050648148148148
11 0.10185185185185185 0.22167592592592592 0.10868518518518518 0.08311111111111112
11 0.15785185185185185 0.14550925925925925 0.08807407407407408 0.07421296296296297
11 0.3619907407407407 0.058666666666666666 0.09582407407407408 0.0602037037037037
11 0.4932222222222222 0.037314814814814815 0.09307407407407407 0.07162962962962963
11 0.61325 0.10964814814814815 0.08145370370370371 0.05932407407407407
11 0.7659814814814815 0.1029537037037037 0.1054537037037037 0.0702962962962963
11 0.8765462962962962 0.18076851851851852 0.0911388888888889 0.0879074074074074
11 0.9499907407407407 0.38512962962962966 0.10001851851851852 0.09068518518518519
11 0.9405185185185185 0.5207592592592593 0.11896296296296295 0.11298148148148147
11 0.8343703703703704 0.5792592592592593 0.11775925925925927 0.09464814814814815
11 0.73125 0.6998518518518518 0.13884259259259257 0.10851851851851853
11 0.40940740740740744 0.7434907407407407 0.12842592592592592 0.10729629629629629
11 0.2439814814814815 0.6448518518518519 0.14666666666666667 0.10973148148148149
11 0.16190740740740742 0.5159074074074074 0.12325000000000001 0.07804629629629631
11 0.054203703703703705 0.4436574074074074 0.10539814814814814 0.08994444444444445
11 0.45728703703703705 0.5495925925925925 0.12405555555555554 0.07562962962962963
11 0.6886388888888889 0.5343333333333333 0.11585185185185186 0.09803703703703703
11 0.7775740740740741 0.4261759259259259 0.11491666666666667 0.08076851851851852
11 0.49059259259259264 0.2260277777777778 0.07428703703703704 0.06476851851851852