14 0.5 0.5 1 1
10 0.4845222072678331 0.5235531628532974 0.18304172274562583 0.297442799461642
10 0.3566621803499327 0.6890982503364738 0.12113055181695828 0.08344549125168237
10 0.1271870794078062 0.36877523553162855 0.10497981157469717 0.13728129205921938
10 0.21399730820995963 0.4791386271870794 0.1009421265141319 0.15343203230148048
10 0.12180349932705249 0.1816958277254374 0.09825033647375504 0.1278600269179004
10 0.23014804845222073 0.09152086137281291 0.15343203230148048 0.06729475100942127
10 0.82907133243607 0.18842530282637954 0.11843876177658143 0.14939434724091522
10 0.7234185733512786 0.3573351278600269 0.24764468371467024 0.11574697173620457
10 0.84185733512786 0.5457604306864065 0.3162853297442799 0.28667563930013457
10 0.477792732166891 0.22409152086137282 0.09421265141318977 0.10228802153432032