12 0.6560185185185186 0.6114814814814815 0.10740740740740741 0.0674074074074074
12 0.31805555555555554 0.4696296296296296 0.10277777777777777 0.08
12 0.9361111111111111 0.4785185185185185 0.125 0.0837037037037037
12 0.3402777777777778 0.4140740740740741 0.09537037037037037 0.047407407407407405
12 0.09027777777777778 0.39444444444444443 0.09537037037037037 0.04
12 0.11898148148148148 0.7603703703703704 0.12222222222222222 0.0874074074074074
12 0.22962962962962963 0.6270370370370371 0.05740740740740741 0.06518518518518518
12 0.8537037037037037 0.3062962962962963 0.08518518518518518 0.05851851851851852
11 0.0625 0.5948148148148148 0.11574074074074074 0.08518518518518518
11 0.2064814814814815 0.6366666666666667 0.11018518518518519 0.08814814814814814
11 0.2796296296296296 0.6866666666666666 0.1685185185185185 0.11333333333333333
11 0.4412037037037037 0.6566666666666666 0.18611111111111112 0.10740740740740741
11 0.5541666666666667 0.7333333333333333 0.21296296296296297 0.12296296296296297
11 0.8722222222222222 0.6896296296296296 0.25555555555555554 0.2162962962962963
11 0.7851851851851852 0.5588888888888889 0.2324074074074074 0.1362962962962963
11 0.6018518518518519 0.6488888888888888 0.1824074074074074 0.14444444444444443
11 0.5402777777777777 0.5003703703703704 0.23981481481481481 0.16518518518518518
11 0.21435185185185185 0.5107407407407407 0.22407407407407406 0.16
11 0.05740740740740741 0.44037037037037036 0.11481481481481481 0.11333333333333333
11 0.26666666666666666 0.37 0.2064814814814815 0.12444444444444444
11 0.09814814814814815 0.30925925925925923 0.18518518518518517 0.10296296296296296
11 0.40555555555555556 0.2814814814814815 0.1638888888888889 0.08888888888888889
11 0.6393518518518518 0.3477777777777778 0.17222222222222222 0.1925925925925926
11 0.7972222222222223 0.27925925925925926 0.15833333333333333 0.09037037037037036
11 0.8490740740740741 0.39481481481481484 0.16666666666666666 0.11481481481481481
14 0.5 0.5144444444444445 1 0.6822222222222222