14 0.5 0.5625 1 0.875
2 0.4166666666666667 0.7925925925925926 0.16018518518518518 0.10092592592592593
2 0.6435185185185185 0.7986111111111112 0.041666666666666664 0.04814814814814815
2 0.7083333333333334 0.8412037037037037 0.05555555555555555 0.05555555555555555
2 0.7481481481481481 0.7824074074074074 0.1388888888888889 0.1037037037037037
2 0.6055555555555555 0.6310185185185185 0.11481481481481481 0.07962962962962963
2 0.35694444444444445 0.3685185185185185 0.10555555555555556 0.11666666666666667
2 0.4337962962962963 0.36157407407407405 0.08888888888888889 0.06851851851851852
2 0.575 0.3509259259259259 0.07962962962962963 0.05925925925925926
2 0.5824074074074074 0.4583333333333333 0.07777777777777778 0.053703703703703705
2 0.4166666666666667 0.42268518518518516 0.09166666666666666 0.06018518518518518
2 0.25925925925925924 0.5092592592592593 0.0787037037037037 0.07685185185185185
2 0.4787037037037037 0.4300925925925926 0.018518518518518517 0.017592592592592594
2 0.5199074074074074 0.41898148148148145 0.025 0.027777777777777776
15 0.09537037037037037 0.5180555555555556 0.14074074074074075 0.08703703703703704
15 0.23935185185185184 0.6560185185185186 0.13703703703703704 0.14351851851851852
15 0.32037037037037036 0.611574074074074 0.09537037037037037 0.11666666666666667
15 0.21851851851851853 0.5930555555555556 0.1675925925925926 0.10185185185185185
15 0.21666666666666667 0.48564814814814816 0.08425925925925926 0.09351851851851851
15 0.2689814814814815 0.46574074074074073 0.07962962962962963 0.10740740740740741
15 0.28888888888888886 0.49953703703703706 0.062037037037037036 0.05925925925925926
15 0.31296296296296294 0.4236111111111111 0.06018518518518518 0.05648148148148148
15 0.37037037037037035 0.4837962962962963 0.058333333333333334 0.06388888888888888
15 0.37083333333333335 0.4375 0.05925925925925926 0.06111111111111111
15 0.41435185185185186 0.449537037037037 0.07407407407407407 0.06574074074074074
15 0.4564814814814815 0.4699074074074074 0.08148148148148149 0.0787037037037037
15 0.31574074074074077 0.3365740740740741 0.0712962962962963 0.058333333333333334
15 0.5287037037037037 0.3726851851851852 0.06666666666666667 0.058333333333333334
15 0.4638888888888889 0.4064814814814815 0.13796296296296295 0.08703703703703704
15 0.5412037037037037 0.4513888888888889 0.08148148148148149 0.08333333333333333
15 0.5486111111111112 0.549074074074074 0.05185185185185185 0.06666666666666667
15 0.5958333333333333 0.5393518518518519 0.04814814814814815 0.04351851851851852
15 0.47638888888888886 0.549074074074074 0.08611111111111111 0.06481481481481481
15 0.4337962962962963 0.5527777777777778 0.05462962962962963 0.062037037037037036
15 0.4777777777777778 0.5935185185185186 0.07314814814814814 0.07314814814814814
15 0.5254629629629629 0.6041666666666666 0.07777777777777778 0.09259259259259259
15 0.43472222222222223 0.6430555555555556 0.1 0.1175925925925926
15 0.537962962962963 0.6671296296296296 0.14629629629629629 0.0824074074074074
15 0.4935185185185185 0.6856481481481481 0.032407407407407406 0.028703703703703703
15 0.47453703703703703 0.7324074074074074 0.11666666666666667 0.11481481481481481
15 0.6282407407407408 0.8078703703703703 0.040740740740740744 0.037037037037037035
15 0.7606481481481482 0.8541666666666666 0.08611111111111111 0.062037037037037036
15 0.7787037037037037 0.763425925925926 0.06944444444444445 0.07407407407407407
15 0.8393518518518519 0.7523148148148148 0.10277777777777777 0.1425925925925926
15 0.9069444444444444 0.6537037037037037 0.09166666666666666 0.09444444444444444
15 0.7925925925925926 0.6393518518518518 0.08703703703703704 0.10277777777777777
15 0.6685185185185185 0.5703703703703704 0.13148148148148148 0.1
15 0.7416666666666667 0.5745370370370371 0.06111111111111111 0.05648148148148148
15 0.7837962962962963 0.55 0.09814814814814815 0.125
15 0.825 0.55 0.06296296296296296 0.05462962962962963
15 0.725 0.5273148148148148 0.06944444444444445 0.05555555555555555
15 0.6837962962962963 0.5115740740740741 0.053703703703703705 0.05185185185185185
15 0.6537037037037037 0.4393518518518518 0.08703703703703704 0.09907407407407408
15 0.6703703703703704 0.47962962962962963 0.05 0.03981481481481482
15 0.6990740740740741 0.4634259259259259 0.07407407407407407 0.07777777777777778
15 0.7537037037037037 0.47824074074074074 0.08055555555555556 0.06759259259259259
15 0.7546296296296297 0.4388888888888889 0.04537037037037037 0.05277777777777778
15 0.7189814814814814 0.4199074074074074 0.07777777777777778 0.05925925925925926