12 0.6433703703703704 0.6217999999999999 0.10090740740740742 0.060688888888888896
12 0.3218981481481481 0.45716296296296294 0.09493518518518519 0.07366666666666667
12 0.936787037037037 0.508874074074074 0.11733333333333333 0.07568148148148149
12 0.3502592592592592 0.40317777777777775 0.09144444444444445 0.041740740740740745
12 0.10310185185185185 0.36642222222222226 0.09149074074074075 0.03414814814814815
12 0.09200925925925926 0.7327111111111111 0.11367592592592592 0.08002962962962963
12 0.21701851851851853 0.6078592592592593 0.05123148148148148 0.06220740740740741
12 0.8734166666666666 0.33157037037037035 0.07931481481481481 0.05317037037037037
11 0.05414814814814815 0.5645111111111112 0.1082962962962963 0.07794074074074074
11 0.19262037037037036 0.6155851851851851 0.10256481481481482 0.08122222222222222
11 0.2599537037037037 0.6707185185185185 0.15800925925925927 0.10274814814814816
11 0.4244074074074074 0.651962962962963 0.1763611111111111 0.09565925925925925
11 0.5286574074074074 0.7362444444444444 0.20105555555555554 0.10957777777777779
11 0.8651666666666666 0.7160814814814815 0.26563888888888887 0.19854814814814817
11 0.7775555555555556 0.5784518518518519 0.2203425925925926 0.12102962962962963
11 0.5853796296296296 0.6555111111111112 0.16872222222222222 0.13317037037037038
11 0.5400648148148148 0.5030370370370371 0.22387037037037036 0.1502
11 0.2141574074074074 0.490874074074074 0.20902777777777778 0.14614814814814817
11 0.05921296296296297 0.40976296296296294 0.11843518518518519 0.10562222222222223
11 0.28181481481481485 0.3542518518518519 0.19539814814814815 0.11121481481481481
11 0.12021296296296298 0.28213333333333335 0.17640740740740743 0.0912074074074074
11 0.4297962962962963 0.27554814814814815 0.15544444444444444 0.07802962962962963
11 0.65525 0.35817037037037036 0.15318518518518517 0.18243703703703704
11 0.8201759259259259 0.3007703703703704 0.15030555555555555 0.0803037037037037
11 0.8593148148148148 0.41939259259259254 0.15568518518518518 0.10460000000000001
14 0.5 0.514762962962963 1 0.6142962962962962