14 0.5 0.5 1 1
10 0.4757738896366083 0.5141318977119784 0.19515477792732167 0.30148048452220727
10 0.28667563930013457 0.6036339165545087 0.1224764468371467 0.08882907133243607
10 0.2274562584118439 0.21399730820995963 0.11036339165545088 0.13997308209959622
10 0.2543741588156124 0.35195154777927323 0.10767160161507403 0.15477792732166892
10 0.3075370121130552 0.05450874831763122 0.10363391655450875 0.10901749663526245
10 0.44549125168236875 0.02557200538358008 0.15343203230148048 0.05114401076716016
10 0.9347240915208613 0.3714670255720054 0.12382234185733512 0.15343203230148048
10 0.7637954239569313 0.4737550471063257 0.2489905787348587 0.1278600269179004
10 0.7913862718707941 0.6998654104979811 0.34185733512786004 0.29878869448183043
10 0.6056527590847914 0.24427994616419918 0.09825033647375504 0.10497981157469717