14 0.5 0.4696296296296296 1 0.776324074074074
9 0.28917592592592595 0.3031018518518519 0.05684259259259259 0.07234259259259258
9 0.524537037037037 0.2169537037037037 0.07050925925925926 0.050898148148148144
9 0.5603055555555555 0.2081574074074074 0.04833333333333334 0.06300925925925925
9 0.5767592592592592 0.4212314814814815 0.07210185185185186 0.06637037037037037
9 0.5951481481481481 0.4865833333333333 0.08832407407407407 0.0690925925925926
9 0.3407037037037037 0.4744722222222222 0.09819444444444445 0.07686111111111112
5 0.1766296296296296 0.47412962962962957 0.12655555555555556 0.09217592592592593
5 0.3820648148148148 0.5903148148148147 0.10321296296296296 0.11201851851851852
5 0.40650925925925924 0.4685462962962963 0.14022222222222222 0.15437037037037038
5 0.3050555555555555 0.44830555555555557 0.08174074074074074 0.06338888888888888
5 0.30253703703703705 0.3721111111111111 0.11785185185185185 0.07300000000000001
5 0.20382407407407407 0.3404722222222222 0.14894444444444446 0.10657407407407407
5 0.2534074074074074 0.23467592592592593 0.14299074074074075 0.07592592592592592
5 0.34824074074074074 0.26985185185185184 0.09955555555555555 0.05841666666666667
5 0.38560185185185186 0.2206111111111111 0.0942962962962963 0.0582037037037037
5 0.4871759259259259 0.21798148148148147 0.06662962962962962 0.07808333333333334
5 0.6608425925925926 0.21569444444444444 0.09401851851851853 0.06437962962962963
5 0.7312314814814815 0.26219444444444445 0.07938888888888888 0.07738888888888888
5 0.6704444444444445 0.3282314814814815 0.1315 0.07690740740740741
5 0.6809537037037037 0.40375 0.09767592592592592 0.061120370370370374
5 0.7937222222222222 0.3850092592592593 0.08783333333333333 0.09676851851851852
5 0.8184074074074074 0.45962037037037035 0.06405555555555556 0.07000925925925926
5 0.7431111111111111 0.5104537037037037 0.10314814814814816 0.08713888888888889
5 0.6517037037037038 0.5222222222222223 0.12326851851851851 0.15864814814814815
5 0.49402777777777773 0.573287037037037 0.11689814814814815 0.12596296296296294
5 0.5168888888888888 0.4133611111111111 0.05291666666666667 0.0842037037037037
5 0.24255555555555552 0.5229259259259259 0.10986111111111112 0.0821851851851852