14 0.5 0.5871111111111111 1 0.6512407407407408
2 0.5059814814814815 0.804138888888889 0.1486574074074074 0.060287037037037035
2 0.7244907407407408 0.7435925925925926 0.03090740740740741 0.04069444444444445
2 0.7989074074074074 0.7655833333333334 0.044425925925925924 0.04387037037037037
2 0.8200462962962963 0.6975925925925925 0.12391666666666667 0.07047222222222223
2 0.63925 0.5946111111111111 0.10399074074074074 0.05092592592592592
2 0.32484259259259257 0.4160277777777778 0.0807037037037037 0.09687037037037037
2 0.3963888888888889 0.3869259259259259 0.07832407407407407 0.04790740740740741
2 0.5283055555555556 0.33551851851851855 0.07153703703703704 0.03980555555555556
2 0.5666944444444444 0.43580555555555556 0.07050925925925926 0.03401851851851852
2 0.3975740740740741 0.4506851851851852 0.08407407407407406 0.03672222222222222
2 0.27241666666666664 0.5793888888888888 0.0637962962962963 0.061064814814814815
2 0.4593055555555556 0.43919444444444444 0.014722222222222223 0.013333333333333334
2 0.4951574074074074 0.41686111111111107 0.018768518518518518 0.023203703703703702
15 0.1183425925925926 0.6355277777777778 0.1311388888888889 0.05121296296296297
15 0.2962592592592592 0.7253425925925926 0.10810185185185185 0.1175925925925926
15 0.3608703703703704 0.6590462962962963 0.06817592592592592 0.1013425925925926
15 0.2582037037037037 0.671212962962963 0.15715740740740738 0.058305555555555555
15 0.2250648148148148 0.5690740740740741 0.06380555555555555 0.07831481481481481
15 0.2692037037037037 0.5345648148148149 0.05399074074074074 0.09622222222222222
15 0.2979537037037037 0.5612962962962963 0.05060185185185185 0.04651851851851852
15 0.29880555555555555 0.48147222222222225 0.048907407407407406 0.043787037037037034
15 0.3713611111111111 0.5225648148148149 0.044500000000000005 0.05293518518518519
15 0.35833333333333334 0.4777407407407408 0.04619444444444445 0.05024074074074074
15 0.40332407407407406 0.4765648148148149 0.06175 0.05021296296296296
15 0.44966666666666666 0.4838333333333333 0.06647222222222222 0.06241666666666666
15 0.27582407407407405 0.3975648148148148 0.06159259259259259 0.04246296296296296
15 0.49036111111111114 0.3698425925925926 0.05673148148148149 0.043833333333333335
15 0.4381481481481481 0.4212222222222222 0.1287685185185185 0.052111111111111115
15 0.5250740740740741 0.4415648148148148 0.06444444444444444 0.06772222222222223
15 0.5606666666666666 0.5328796296296296 0.036175925925925924 0.05896296296296296
15 0.6033148148148149 0.5094259259259258 0.040407407407407406 0.033305555555555554
15 0.49195370370370367 0.5538148148148149 0.07633333333333334 0.04487037037037037
15 0.4522962962962963 0.5697407407407408 0.04139814814814815 0.05162037037037037
15 0.5062407407407408 0.5959814814814814 0.05857407407407407 0.05778703703703703
15 0.5547777777777777 0.5922222222222222 0.057212962962962965 0.0792037037037037
15 0.4796018518518519 0.6558055555555555 0.07478703703703703 0.10022222222222221
15 0.5853611111111111 0.6486759259259259 0.13962037037037037 0.04349074074074074
15 0.5483148148148148 0.6794537037037036 0.026907407407407408 0.022055555555555557
15 0.5436759259259258 0.7296296296296296 0.09485185185185185 0.09151851851851853
15 0.7125555555555555 0.7568518518518518 0.03499074074074074 0.02775925925925926
15 0.8525833333333332 0.7624351851851852 0.07762037037037037 0.04133333333333333
15 0.8436018518518519 0.6703796296296296 0.053879629629629625 0.06181481481481482
15 0.8981296296296296 0.6423148148148149 0.0683425925925926 0.1275
15 0.9339351851851851 0.5280462962962963 0.07238888888888889 0.07633333333333334
15 0.8207314814814815 0.547537037037037 0.0641111111111111 0.08829629629629629
15 0.6818703703703703 0.5181111111111111 0.11644444444444445 0.06996296296296296
15 0.7528981481481481 0.5008518518518518 0.05003703703703704 0.043694444444444445
15 0.7861851851851852 0.4648425925925926 0.06836111111111111 0.11012962962962963
15 0.8251759259259259 0.45278703703703704 0.05369444444444445 0.04162037037037037
15 0.7229814814814816 0.46032407407407405 0.05997222222222222 0.039824074074074074
15 0.679074074074074 0.4573240740740741 0.04329629629629629 0.040018518518518516
15 0.6293703703703704 0.39712037037037035 0.06549999999999999 0.08323148148148148
15 0.6567777777777778 0.430787037037037 0.04310185185185185 0.0285
15 0.6799351851851853 0.4069537037037037 0.05853703703703703 0.06382407407407407
15 0.7363888888888889 0.4051296296296297 0.06914814814814815 0.04984259259259259
15 0.7254907407407407 0.3672962962962963 0.033824074074074076 0.04434259259259259
15 0.6858240740740741 0.3593796296296296 0.06837962962962962 0.040101851851851854