14 0.5 0.4699074074074074 1 0.8435185185185186
9 0.2759259259259259 0.31851851851851853 0.06111111111111111 0.07592592592592592
9 0.5046296296296297 0.21574074074074073 0.07407407407407407 0.05555555555555555
9 0.5398148148148149 0.20462962962962963 0.05277777777777778 0.06574074074074074
9 0.5712962962962963 0.4162037037037037 0.07685185185185185 0.0712962962962963
9 0.5939814814814814 0.48009259259259257 0.09259259259259259 0.075
9 0.33935185185185185 0.48564814814814816 0.1037037037037037 0.08333333333333333
5 0.17546296296296296 0.49675925925925923 0.13333333333333333 0.10092592592592593
5 0.38842592592592595 0.5981481481481481 0.11018518518518519 0.11851851851851852
5 0.4046296296296296 0.475 0.15092592592592594 0.16296296296296298
5 0.30185185185185187 0.462037037037037 0.08611111111111111 0.06851851851851852
5 0.29398148148148145 0.3861111111111111 0.12222222222222222 0.08148148148148149
5 0.1935185185185185 0.36157407407407405 0.15648148148148147 0.11666666666666667
5 0.23564814814814813 0.2523148148148148 0.14814814814814814 0.08611111111111111
5 0.33240740740740743 0.2810185185185185 0.1037037037037037 0.06481481481481481
5 0.3662037037037037 0.22916666666666666 0.09722222222222222 0.06481481481481481
5 0.4675925925925926 0.21944444444444444 0.07222222222222222 0.08333333333333333
5 0.6407407407407407 0.2050925925925926 0.09814814814814815 0.0712962962962963
5 0.7138888888888889 0.24675925925925926 0.08518518518518518 0.08333333333333333
5 0.6578703703703703 0.31666666666666665 0.1361111111111111 0.08611111111111111
5 0.6736111111111112 0.3912037037037037 0.10092592592592593 0.06759259259259259
5 0.7851851851851852 0.3648148148148148 0.09444444444444444 0.10185185185185185
5 0.8148148148148148 0.4375 0.06851851851851852 0.07407407407407407
5 0.7430555555555556 0.4935185185185185 0.10833333333333334 0.09444444444444444
5 0.6527777777777778 0.5115740740740741 0.13425925925925927 0.1675925925925926
5 0.49907407407407406 0.5736111111111111 0.1259259259259259 0.13425925925925927
5 0.5106481481481482 0.4125 0.058333333333333334 0.08796296296296297
5 0.2449074074074074 0.5407407407407407 0.11481481481481481 0.08981481481481482