14 0.5 0.5013888888888889 1 0.925
11 0.9490555555555557 0.642411111111111 0.09543055555555555 0.08483333333333333
11 0.920625 0.3597666666666667 0.09254166666666666 0.08405555555555556
11 0.9636805555555555 0.5163222222222222 0.072625 0.08714444444444445
11 0.7784305555555556 0.7546222222222222 0.10700000000000001 0.09331111111111112
11 0.6405833333333334 0.798188888888889 0.12243055555555557 0.09563333333333332
11 0.27666666666666667 0.7673444444444445 0.12725 0.11105555555555556
11 0.4309027777777778 0.8961333333333333 0.11568055555555556 0.07248888888888888
11 0.06988888888888889 0.40295555555555557 0.13977777777777778 0.1287888888888889
11 0.11472222222222221 0.6212000000000001 0.1368888888888889 0.11027777777777778
11 0.16966666666666666 0.2552666666666667 0.13109722222222223 0.09716666666666667
11 0.3687361111111111 0.15308888888888889 0.11663888888888889 0.09331111111111112
11 0.8136111111111111 0.22865555555555556 0.10797222222222222 0.08560000000000001
11 0.6926388888888889 0.2915111111111111 0.09351388888888888 0.08483333333333333
11 0.471875 0.4206888888888889 0.08579166666666667 0.0964
8 0.5366527777777778 0.7049888888888889 0.056666666666666664 0.07933333333333334
8 0.8849861111111111 0.5243222222222222 0.07166666666666667 0.09133333333333334
8 0.6212361111111111 0.11833333333333333 0.0775 0.07
8 0.4095833333333333 0.8293222222222222 0.06583333333333333 0.06133333333333334
12 0.5377361111111111 0.43133333333333335 0.04484722222222222 0.06775555555555555
12 0.30320833333333336 0.4270555555555556 0.11530555555555555 0.04668888888888889
12 0.41459722222222223 0.3627111111111111 0.07473611111111111 0.11502222222222222
12 0.6242222222222222 0.3109 0.042708333333333334 0.07402222222222223
12 0.6815138888888889 0.4990888888888889 0.059069444444444445 0.058644444444444443
12 0.7687083333333333 0.46464444444444447 0.11388888888888889 0.09452222222222222
12 0.6256388888888889 0.5039333333333333 0.05266666666666667 0.039855555555555554
12 0.17225 0.46122222222222226 0.06405555555555555 0.07174444444444443
12 0.5345277777777778 0.8561111111111112 0.0911111111111111 0.04612222222222222
12 0.4782777777777778 0.2604333333333333 0.05747222222222222 0.04472222222222222