14 0.5 0.5 1 1
11 0.43657407407407406 0.707185628742515 0.12777777777777777 0.14610778443113773
11 0.6546296296296297 0.6616766467065869 0.14074074074074075 0.15209580838323353
11 0.85 0.5676646706586826 0.08796296296296297 0.1089820359281437
11 0.8375 0.4251497005988024 0.0787037037037037 0.1029940119760479
11 0.8361111111111111 0.23353293413173654 0.10555555555555556 0.10419161676646707
11 0.7398148148148148 0.1251497005988024 0.11018518518518519 0.09221556886227544
11 0.625 0.08922155688622754 0.09259259259259259 0.08622754491017964
15 0.12129629629629629 0.5305389221556887 0.14166666666666666 0.12694610778443113
15 0.6699074074074074 0.4407185628742515 0.1574074074074074 0.13293413173652693
15 0.5268518518518519 0.5167664670658683 0.10648148148148148 0.12095808383233533
15 0.3685185185185185 0.5491017964071856 0.10740740740740741 0.14011976047904193
15 0.2912037037037037 0.3383233532934132 0.11388888888888889 0.09101796407185629
15 0.17962962962962964 0.2089820359281437 0.09537037037037037 0.08502994011976048
15 0.3023148148148148 0.20778443113772455 0.09537037037037037 0.08622754491017964
15 0.2875 0.09041916167664671 0.08333333333333333 0.06706586826347305
15 0.40555555555555556 0.21437125748502994 0.09907407407407408 0.09221556886227544
15 0.4638888888888889 0.34790419161676644 0.09351851851851851 0.06826347305389222
15 0.5875 0.17365269461077845 0.07222222222222222 0.08862275449101796
15 0.6828703703703703 0.23233532934131737 0.09444444444444444 0.09341317365269461
15 0.524074074074074 0.26646706586826346 0.1037037037037037 0.09940119760479042