14 0.5 0.5 1 1
9 0.3509259259259259 0.20277777777777778 0.053703703703703705 0.05925925925925926
9 0.4527777777777778 0.22916666666666666 0.049074074074074076 0.05185185185185185
9 0.4930555555555556 0.2824074074074074 0.05277777777777778 0.062037037037037036
9 0.5768518518518518 0.30416666666666664 0.053703703703703705 0.04537037037037037
9 0.5120370370370371 0.33935185185185185 0.05092592592592592 0.05648148148148148
9 0.6282407407407408 0.4041666666666667 0.07037037037037037 0.07592592592592592
9 0.7138888888888889 0.40370370370370373 0.03796296296296296 0.03981481481481482
9 0.9398148148148148 0.4305555555555556 0.04537037037037037 0.05
9 0.8328703703703704 0.513425925925926 0.05 0.05740740740740741
9 0.6638888888888889 0.5064814814814815 0.05462962962962963 0.06666666666666667
9 0.6435185185185185 0.5796296296296296 0.07962962962962963 0.05092592592592592
9 0.674074074074074 0.6328703703703704 0.06481481481481481 0.06574074074074074
9 0.5518518518518518 0.6796296296296296 0.0712962962962963 0.07222222222222222
9 0.5995370370370371 0.6958333333333333 0.04722222222222222 0.049074074074074076
9 0.43472222222222223 0.41388888888888886 0.04814814814814815 0.06296296296296296
9 0.47453703703703703 0.41944444444444445 0.05092592592592592 0.05648148148148148
9 0.43657407407407406 0.4935185185185185 0.06574074074074074 0.06296296296296296
9 0.18611111111111112 0.40046296296296297 0.05555555555555555 0.04537037037037037
9 0.325 0.6310185185185185 0.03148148148148148 0.044444444444444446
9 0.37777777777777777 0.6407407407407407 0.03425925925925926 0.04351851851851852
9 0.4115740740740741 0.6662037037037037 0.04814814814814815 0.06111111111111111
9 0.38796296296296295 0.7064814814814815 0.046296296296296294 0.05092592592592592
15 0.27546296296296297 0.3212962962962963 0.16944444444444445 0.18703703703703703
15 0.5638888888888889 0.23657407407407408 0.19814814814814816 0.21666666666666667
15 0.7819444444444444 0.41712962962962963 0.2175925925925926 0.22407407407407406
15 0.7296296296296296 0.700925925925926 0.22685185185185186 0.225
15 0.5291666666666667 0.5148148148148148 0.2833333333333333 0.17037037037037037
15 0.4949074074074074 0.7402777777777778 0.1824074074074074 0.19537037037037036
15 0.24351851851851852 0.5740740740740741 0.1814814814814815 0.19537037037037036
8 0.38287037037037036 0.35324074074074074 0.11388888888888889 0.075
8 0.6814814814814815 0.24814814814814815 0.0824074074074074 0.1
8 0.6300925925925925 0.38425925925925924 0.10740740740740741 0.1287037037037037
8 0.6324074074074074 0.5851851851851851 0.07962962962962963 0.06759259259259259
10 0.3597222222222222 0.5606481481481481 0.16944444444444445 0.08611111111111111
10 0.3907407407407407 0.6476851851851851 0.12129629629629629 0.12129629629629629
10 0.7013888888888888 0.5601851851851852 0.12685185185185185 0.06111111111111111
10 0.5351851851851852 0.6240740740740741 0.13425925925925927 0.10185185185185185
10 0.5546296296296296 0.7694444444444445 0.11851851851851852 0.08333333333333333
10 0.7402777777777778 0.45416666666666666 0.10277777777777777 0.1425925925925926
10 0.8069444444444445 0.3486111111111111 0.05462962962962963 0.058333333333333334
10 0.7601851851851852 0.23287037037037037 0.06944444444444445 0.09444444444444444
10 0.4675925925925926 0.36574074074074076 0.0962962962962963 0.10462962962962963
10 0.5666666666666667 0.425462962962963 0.1287037037037037 0.07685185185185185
10 0.3560185185185185 0.4050925925925926 0.11851851851851852 0.07685185185185185