14 0.5 0.5 1 1
11 0.38981481481481484 0.6712574850299401 0.14166666666666666 0.1688622754491018
11 0.6083333333333333 0.7155688622754491 0.15555555555555556 0.17724550898203592
11 0.8166666666666667 0.704191616766467 0.09907407407407408 0.12455089820359282
11 0.8388888888888889 0.5634730538922156 0.08888888888888889 0.11736526946107785
11 0.8833333333333333 0.38083832335329343 0.11574074074074074 0.12455089820359282
11 0.8175925925925925 0.23952095808383234 0.1175925925925926 0.11377245508982035
11 0.7166666666666667 0.1592814371257485 0.10092592592592593 0.1029940119760479
15 0.13240740740740742 0.3772455089820359 0.1537037037037037 0.15449101796407186
15 0.6759259259259259 0.511377245508982 0.1685185185185185 0.162874251497006
15 0.5212962962962963 0.5269461077844312 0.11851851851851852 0.14011976047904193
15 0.36342592592592593 0.4940119760479042 0.12222222222222222 0.15808383233532936
15 0.3398148148148148 0.262874251497006 0.12129629629629629 0.11377245508982035
15 0.26435185185185184 0.09520958083832336 0.1037037037037037 0.1029940119760479
15 0.3819444444444444 0.14311377245508983 0.1037037037037037 0.10419161676646707
15 0.39537037037037037 0.033532934131736525 0.08888888888888889 0.06706586826347305
15 0.47824074074074074 0.19101796407185628 0.10740740740740741 0.11137724550898204
15 0.5023148148148148 0.3407185628742515 0.09907407407407408 0.08622754491017964
15 0.6611111111111111 0.2245508982035928 0.08148148148148149 0.10179640718562874
15 0.7379629629629629 0.3191616766467066 0.10277777777777777 0.11017964071856287
15 0.5787037037037037 0.2880239520958084 0.11296296296296296 0.118562874251497