14 0.5227037037037037 0.49527777777777776 0.9545833333333333 0.8874537037037038
12 0.38725000000000004 0.4222222222222222 0.0851574074074074 0.07602777777777778
12 0.4979166666666667 0.2771203703703704 0.13608333333333333 0.1090462962962963
12 0.725925925925926 0.35777777777777775 0.10544444444444444 0.09552777777777778
12 0.7966666666666666 0.14509259259259258 0.0360462962962963 0.08651851851851852
12 0.35012037037037036 0.22125 0.18294444444444447 0.07119444444444445
12 0.22530555555555556 0.3064074074074074 0.06668518518518518 0.13518518518518519
12 0.2005185185185185 0.6101203703703704 0.05857407407407407 0.0811111111111111
12 0.26089814814814816 0.6087685185185185 0.06037962962962962 0.05497222222222222
12 0.6433981481481481 0.48873148148148154 0.05210185185185186 0.10024999999999999
12 0.7146388888888888 0.5474351851851852 0.09036111111111111 0.09497222222222222
12 0.40761111111111115 0.607787037037037 0.04880555555555555 0.12201851851851853
12 0.43662962962962965 0.7380462962962964 0.0923425925925926 0.13850925925925925
12 0.506212962962963 0.7970833333333334 0.04683333333333333 0.11806481481481482
12 0.9174537037037037 0.7406851851851852 0.07255555555555555 0.06199999999999999
9 0.7436574074074074 0.44454629629629633 0.07321296296296295 0.05672222222222222
9 0.56425 0.5256666666666667 0.053425925925925925 0.05408333333333333
9 0.5510648148148148 0.6645092592592592 0.061342592592592594 0.05210185185185186
9 0.8198333333333333 0.6424166666666666 0.07123148148148149 0.06991666666666667
9 0.7169444444444444 0.7314537037037038 0.05803703703703704 0.05672222222222222
9 0.6229537037037036 0.7373888888888889 0.061342592592592594 0.06463888888888888
9 0.5480925925925927 0.7921296296296296 0.06463888888888888 0.060675925925925925
9 0.3868333333333333 0.8386296296296296 0.06265740740740741 0.06398148148148147
9 0.2994444444444444 0.6968240740740741 0.05540740740740741 0.02836111111111111
9 0.21600925925925926 0.4976388888888889 0.05737962962962963 0.06265740740740741
9 0.28559259259259256 0.4870833333333333 0.05540740740740741 0.05210185185185186
9 0.32713888888888887 0.39475 0.0897037037037037 0.049462962962962966
9 0.17544444444444443 0.43399074074074073 0.05540740740740741 0.042212962962962966
9 0.23677777777777778 0.3914537037037037 0.04749074074074074 0.03627777777777778
9 0.1678611111111111 0.35253703703703704 0.04683333333333333 0.04814814814814815
9 0.3683611111111111 0.1998425925925926 0.04419444444444444 0.027703703703703706
9 0.42027777777777775 0.21549074074074073 0.041990740740740745 0.03802777777777778
9 0.5801296296296296 0.2147037037037037 0.05990740740740741 0.06709259259259259
9 0.5784537037037037 0.29857407407407405 0.06325925925925925 0.053675925925925926
9 0.42676851851851855 0.3287962962962963 0.05890740740740741 0.06732407407407406
9 0.38078703703703703 0.2756018518518518 0.06551851851851852 0.04988888888888889
4 0.6160462962962964 0.37669444444444444 0.11363888888888889 0.10379629629629629
4 0.3199814814814815 0.32941666666666664 0.10310185185185185 0.07543518518518519
4 0.46425925925925926 0.4777777777777778 0.09995370370370371 0.11063888888888888
4 0.2960925925925926 0.7575277777777778 0.11692592592592593 0.0779537037037037
4 0.6261388888888889 0.6226759259259259 0.07418518518518519 0.14522222222222222
4 0.8238981481481481 0.5355833333333333 0.12722222222222224 0.10465740740740741