14 0.5 0.5 1 1
11 0.1675925925925926 0.6990740740740741 0.15648148148148147 0.14814814814814814
11 0.3958333333333333 0.7986111111111112 0.17222222222222222 0.1527777777777778
11 0.6962962962962963 0.6555555555555556 0.16018518518518518 0.13333333333333333
11 0.8157407407407408 0.8097222222222222 0.17685185185185184 0.14722222222222223
11 0.4351851851851852 0.5375 0.1287037037037037 0.11481481481481481
11 0.8328703703703704 0.5111111111111111 0.14074074074074075 0.11018518518518519
11 0.7138888888888889 0.38101851851851853 0.11481481481481481 0.08888888888888889
11 0.9689814814814814 0.38564814814814813 0.062037037037037036 0.10277777777777777
11 0.27037037037037037 0.024074074074074074 0.10925925925925926 0.04814814814814815
11 0.08657407407407407 0.0587962962962963 0.06759259259259259 0.07685185185185185
11 0.29768518518518516 0.16666666666666666 0.12962962962962962 0.09537037037037037
11 0.43148148148148147 0.10740740740740741 0.11481481481481481 0.09074074074074075
11 0.6050925925925926 0.22314814814814815 0.11574074074074074 0.10092592592592593
9 0.5259259259259259 0.7842592592592592 0.046296296296296294 0.05555555555555555
9 0.6555555555555556 0.8092592592592592 0.0712962962962963 0.046296296296296294
9 0.6518518518518519 0.7527777777777778 0.06296296296296296 0.06018518518518518
9 0.5597222222222222 0.6037037037037037 0.06481481481481481 0.05740740740740741
9 0.2625 0.44722222222222224 0.06759259259259259 0.05555555555555555
9 0.3236111111111111 0.425 0.05462962962962963 0.040740740740740744
9 0.39305555555555555 0.425 0.06296296296296296 0.07592592592592592
9 0.04398148148148148 0.4625 0.08796296296296297 0.15462962962962962
9 0.1412037037037037 0.425 0.05462962962962963 0.08055555555555556
9 0.09814814814814815 0.5208333333333334 0.05925925925925926 0.05277777777777778
9 0.04351851851851852 0.5976851851851852 0.08148148148148149 0.08888888888888889
9 0.09166666666666666 0.6810185185185185 0.1111111111111111 0.08611111111111111
9 0.3611111111111111 0.5703703703703704 0.062037037037037036 0.053703703703703705
9 0.4185185185185185 0.7097222222222223 0.09351851851851851 0.06111111111111111
9 0.6967592592592593 0.49583333333333335 0.06574074074074074 0.06481481481481481
9 0.611574074074074 0.3990740740740741 0.05462962962962963 0.044444444444444446
9 0.7981481481481482 0.39861111111111114 0.06111111111111111 0.05
9 0.8111111111111111 0.6560185185185186 0.06111111111111111 0.053703703703703705
9 0.8097222222222222 0.7166666666666667 0.06944444444444445 0.05925925925925926
9 0.8731481481481481 0.6351851851851852 0.06851851851851852 0.05740740740740741
9 0.8986111111111111 0.7027777777777777 0.11666666666666667 0.0824074074074074
9 0.9680555555555556 0.6046296296296296 0.05185185185185185 0.0712962962962963
9 0.9837962962962963 0.5435185185185185 0.032407407407407406 0.044444444444444446
9 0.9787037037037037 0.4791666666666667 0.04259259259259259 0.075
9 0.8347222222222223 0.5037037037037037 0.07685185185185185 0.06759259259259259
9 0.8666666666666667 0.4050925925925926 0.03981481481481482 0.03796296296296296
9 0.9763888888888889 0.2972222222222222 0.04722222222222222 0.046296296296296294
9 0.9703703703703703 0.15555555555555556 0.05185185185185185 0.05092592592592592
9 0.8597222222222223 0.11851851851851852 0.04537037037037037 0.037037037037037035
9 0.9055555555555556 0.10740740740740741 0.03981481481481482 0.037037037037037035
9 0.9060185185185186 0.17546296296296296 0.05740740740740741 0.040740740740740744
9 0.8046296296296296 0.17824074074074073 0.10185185185185185 0.04722222222222222
9 0.7041666666666667 0.2013888888888889 0.05277777777777778 0.075
9 0.6712962962962963 0.3037037037037037 0.05092592592592592 0.040740740740740744
9 0.5851851851851851 0.29907407407407405 0.044444444444444446 0.030555555555555555
9 0.5041666666666667 0.26805555555555555 0.07314814814814814 0.05185185185185185
9 0.5074074074074074 0.20787037037037037 0.046296296296296294 0.03981481481481482
9 0.49537037037037035 0.15046296296296297 0.05092592592592592 0.03425925925925926
9 0.5171296296296296 0.09675925925925925 0.044444444444444446 0.040740740740740744
9 0.5763888888888888 0.14074074074074075 0.08888888888888889 0.07777777777777778
9 0.4351851851851852 0.25833333333333336 0.05185185185185185 0.041666666666666664
9 0.22916666666666666 0.2111111111111111 0.062037037037037036 0.03611111111111111
9 0.17222222222222222 0.1037037037037037 0.05740740740740741 0.04722222222222222
9 0.19953703703703704 0.15462962962962962 0.06111111111111111 0.06018518518518518
9 0.18981481481481483 0.06157407407407407 0.09351851851851851 0.05925925925925926
9 0.19583333333333333 0.01990740740740741 0.058333333333333334 0.03981481481481482
9 0.5 0.017592592592592594 0.046296296296296294 0.03518518518518519
9 0.6981481481481482 0.03611111111111111 0.03148148148148148 0.02962962962962963
11 0.7569444444444444 0.30972222222222223 0.10925925925925926 0.06296296296296296