14 0.5032407407407408 0.5 0.8583333333333333 1
11 0.25416666666666665 0.5204582651391162 0.08148148148148149 0.13747954173486088
11 0.23981481481481481 0.35842880523731585 0.07222222222222222 0.12111292962356793
11 0.22453703703703703 0.24959083469721768 0.08333333333333333 0.11129296235679215
11 0.2587962962962963 0.1751227495908347 0.07407407407407407 0.09656301145662848
11 0.3138888888888889 0.12029459901800327 0.06481481481481481 0.08346972176759411
11 0.36157407407407405 0.1072013093289689 0.046296296296296294 0.07528641571194762
11 0.3990740740740741 0.09328968903436989 0.05462962962962963 0.07037643207855974
11 0.40046296296296297 0.16121112929623568 0.046296296296296294 0.07201309328968904
11 0.3726851851851852 0.20458265139116202 0.06666666666666667 0.09001636661211129
11 0.4166666666666667 0.2144026186579378 0.05092592592592592 0.062193126022913256
11 0.4675925925925926 0.29296235679214405 0.06944444444444445 0.08019639934533551
11 0.44907407407407407 0.3518821603927987 0.06296296296296296 0.09656301145662848
11 0.3861111111111111 0.4206219312602291 0.0824074074074074 0.10638297872340426
11 0.48009259259259257 0.4623567921440262 0.08796296296296297 0.1260229132569558
11 0.43148148148148147 0.5793780687397708 0.09444444444444444 0.14729950900163666
11 0.5125 0.5908346972176759 0.09537037037037037 0.14402618657937807
11 0.5828703703703704 0.5728314238952537 0.07962962962962963 0.1309328968903437
11 0.7226851851851852 0.5654664484451718 0.08888888888888889 0.12438625204582651
11 0.7888888888888889 0.5032733224222586 0.08981481481481482 0.1260229132569558
11 0.7791666666666667 0.3895253682487725 0.0787037037037037 0.10638297872340426
11 0.6916666666666667 0.4132569558101473 0.08148148148148149 0.09165302782324058
11 0.625462962962963 0.3502454991816694 0.06851851851851852 0.09165302782324058
11 0.6675925925925926 0.3265139116202946 0.06666666666666667 0.09165302782324058
11 0.6041666666666666 0.1260229132569558 0.06111111111111111 0.07037643207855974
11 0.6449074074074074 0.15875613747954173 0.05277777777777778 0.07528641571194762
11 0.5254629629629629 0.0851063829787234 0.05555555555555555 0.06710310965630115
11 0.562037037037037 0.1407528641571195 0.06944444444444445 0.07528641571194762
11 0.524074074074074 0.18330605564648117 0.05648148148148148 0.06873977086743044
11 0.5731481481481482 0.3698854337152209 0.05185185185185185 0.088379705400982
11 0.5675925925925925 0.28805237315875615 0.03518518518518519 0.0425531914893617
11 0.6171296296296296 0.2823240589198036 0.04351851851851852 0.06546644844517185
11 0.5287037037037037 0.23649754500818332 0.04814814814814815 0.06546644844517185
11 0.4671296296296296 0.0851063829787234 0.03981481481481482 0.062193126022913256
15 0.6587962962962963 0.6170212765957447 0.11574074074074074 0.21112929623567922
15 0.6430555555555556 0.45499181669394434 0.11481481481481481 0.18657937806873978
15 0.7375 0.41734860883797054 0.1175925925925926 0.11947626841243862
15 0.6347222222222222 0.21358428805237317 0.06759259259259259 0.09328968903436989
15 0.675 0.281505728314239 0.06296296296296296 0.09819967266775777
15 0.5092592592592593 0.11702127659574468 0.06111111111111111 0.0867430441898527
15 0.44722222222222224 0.13502454991816695 0.0712962962962963 0.0851063829787234
15 0.45787037037037037 0.20294599018003273 0.05648148148148148 0.10801963993453355
15 0.2935185185185185 0.37643207855973815 0.10092592592592593 0.18657937806873978
15 0.4101851851851852 0.4787234042553192 0.11481481481481481 0.15384615384615385
15 0.37916666666666665 0.33060556464811786 0.11944444444444445 0.15220949263502456
15 0.38842592592592595 0.24877250409165302 0.06111111111111111 0.09492635024549918
15 0.30092592592592593 0.23895253682487724 0.06944444444444445 0.10474631751227496
15 0.3300925925925926 0.16039279869067102 0.05462962962962963 0.08183306055646482
15 0.5074074074074074 0.37152209492635024 0.11666666666666667 0.15384615384615385