14 0.49434259259259256 0.4400818330605564 0.755361111111111 0.8436988543371522
11 0.2667685185185185 0.6395581014729951 0.06734259259259259 0.11008183306055647
11 0.2278148148148148 0.4908346972176759 0.05915740740740741 0.0958265139116203
11 0.1962685185185185 0.3933551554828151 0.07432407407407407 0.07813420621931261
11 0.21736111111111112 0.30561374795417345 0.06637962962962962 0.06692307692307692
11 0.26181481481481483 0.22543371522094927 0.058666666666666666 0.05787234042553192
11 0.30583333333333335 0.18986906710310966 0.03909259259259259 0.05808510638297873
11 0.33952777777777776 0.15821603927986908 0.04899074074074074 0.04880523731587561
11 0.35150925925925924 0.22261865793780689 0.03871296296296296 0.05656301145662848
11 0.3313333333333333 0.2779541734860884 0.059509259259259255 0.0634697217675941
11 0.375537037037037 0.26574468085106384 0.04641666666666667 0.04121112929623568
11 0.4364907407407408 0.3165302782324059 0.06437962962962963 0.051996726677577744
11 0.4281203703703704 0.38255319148936173 0.05374074074074074 0.07381342062193126
11 0.3783518518518519 0.479050736497545 0.07405555555555556 0.07443535188216038
11 0.4751944444444445 0.47332242225859245 0.07697222222222222 0.09108019639934534
11 0.44651851851851854 0.6099181669394436 0.0795462962962963 0.11350245499181669
11 0.5263148148148148 0.5809656301145664 0.08136111111111112 0.10746317512274958
11 0.591 0.5294108019639935 0.06643518518518518 0.1016530278232406
11 0.724462962962963 0.4542553191489362 0.0777037037037037 0.09119476268412438
11 0.7782777777777777 0.36242225859247135 0.07926851851851852 0.09157119476268413
11 0.7513703703703704 0.2580360065466448 0.06866666666666667 0.07546644844517185
11 0.6704537037037037 0.3230278232405892 0.07575 0.0579214402618658
11 0.5972407407407407 0.29525368248772504 0.06191666666666667 0.06486088379705401
11 0.6338703703703704 0.25126022913256957 0.05857407407407407 0.06540098199672668
11 0.5419074074074074 0.08945990180032733 0.056324074074074075 0.04386252045826514
11 0.5860925925925926 0.1011783960720131 0.0465 0.05513911620294599
11 0.4599074074074074 0.08867430441898527 0.05143518518518518 0.044042553191489364
11 0.5036574074074075 0.12409165302782323 0.06526851851851852 0.04541734860883797
11 0.4736574074074074 0.18422258592471358 0.051425925925925924 0.04592471358428805
11 0.5498611111111111 0.3395090016366612 0.04277777777777778 0.07176759410801964
11 0.5320833333333334 0.26288052373158755 0.03275925925925926 0.027872340425531918
11 0.5787777777777778 0.2339770867430442 0.03677777777777778 0.04900163666121113
11 0.48637037037037034 0.23292962356792143 0.04249074074074074 0.046104746317512275
11 0.40373148148148147 0.11707037643207856 0.03337037037037037 0.04873977086743044
15 0.6711018518518518 0.5349590834697218 0.09290740740740741 0.17189852700490998
15 0.6302685185185186 0.3870212765957447 0.09556481481481481 0.14427168576104749
15 0.7153055555555555 0.3046153846153846 0.11144444444444444 0.06675941080196399
15 0.5846296296296296 0.15878887070376432 0.05967592592592593 0.06677577741407528
15 0.6339444444444444 0.20466448445171848 0.05352777777777778 0.07548281505728313
15 0.44931481481481483 0.12728314238952537 0.052833333333333336 0.06337152209492634
15 0.39246296296296296 0.17453355155482816 0.06440740740740741 0.055695581014729954
15 0.41312037037037036 0.23479541734860884 0.0442962962962963 0.08891980360065466
15 0.2822592592592592 0.4816039279869067 0.07965740740740741 0.15381342062193126
15 0.41025 0.5237643207855973 0.10153703703703704 0.10685761047463176
15 0.35733333333333334 0.39641571194762687 0.10771296296296295 0.10356792144026186
15 0.35374074074074074 0.3130932896890344 0.0514537037037037 0.07196399345335515
15 0.26775925925925925 0.34582651391162034 0.05887037037037037 0.07906710310965631
15 0.2835648148148148 0.25621931260229136 0.047268518518518515 0.05996726677577741
15 0.48725 0.37248772504091654 0.10389814814814814 0.10808510638297873