14 0.5 0.5166666666666667 1 0.9666666666666667
2 0.21805555555555556 0.32222222222222224 0.12777777777777777 0.10864197530864197
2 0.31805555555555554 0.3549382716049383 0.041666666666666664 0.06296296296296296
2 0.4203703703703704 0.2962962962962963 0.07592592592592592 0.07037037037037037
2 0.5083333333333333 0.2845679012345679 0.08611111111111111 0.07530864197530865
2 0.5069444444444444 0.3691358024691358 0.10277777777777777 0.11975308641975309
2 0.4074074074074074 0.43765432098765433 0.15462962962962962 0.08148148148148149
2 0.4842592592592593 0.5358024691358024 0.1 0.16296296296296298
2 0.350462962962963 0.5808641975308642 0.17222222222222222 0.16296296296296298
2 0.6449074074074074 0.5450617283950617 0.18888888888888888 0.10493827160493827
2 0.8046296296296296 0.5864197530864198 0.04537037037037037 0.06790123456790123
2 0.7611111111111111 0.4734567901234568 0.08981481481481482 0.12839506172839507
2 0.6638888888888889 0.3925925925925926 0.09907407407407408 0.08024691358024691
2 0.6476851851851851 0.3111111111111111 0.09166666666666666 0.1111111111111111