14 0.5 0.5 1 1
11 0.95625 0.5977777777777777 0.0875 0.09333333333333334
11 0.8958333333333334 0.32 0.10416666666666667 0.09222222222222222
11 0.9597222222222223 0.47055555555555556 0.08055555555555556 0.09444444444444444
11 0.8152777777777778 0.7255555555555555 0.12083333333333333 0.10333333333333333
11 0.6847222222222222 0.7822222222222223 0.1361111111111111 0.10666666666666667
11 0.31875 0.7872222222222223 0.14305555555555555 0.12222222222222222
11 0.49166666666666664 0.9 0.125 0.08333333333333333
11 0.06805555555555555 0.445 0.1361111111111111 0.1411111111111111
11 0.1361111111111111 0.6577777777777778 0.1527777777777778 0.12333333333333334
11 0.13472222222222222 0.28944444444444445 0.14444444444444443 0.10888888888888888
11 0.31666666666666665 0.16833333333333333 0.12916666666666668 0.10444444444444445
11 0.7701388888888889 0.2 0.12083333333333333 0.09555555555555556
11 0.6597222222222222 0.27444444444444444 0.10555555555555556 0.09333333333333334
11 0.4597222222222222 0.42388888888888887 0.1 0.10444444444444445
8 0.5673611111111111 0.7 0.06805555555555555 0.08444444444444445
8 0.8861111111111111 0.4866666666666667 0.08611111111111111 0.09777777777777778
8 0.5625 0.10944444444444444 0.0875 0.07666666666666666
8 0.46041666666666664 0.8355555555555556 0.075 0.06666666666666667
12 0.5270833333333333 0.42833333333333334 0.05416666666666667 0.07111111111111111
12 0.29375 0.44666666666666666 0.12222222222222222 0.057777777777777775
12 0.39444444444444443 0.37222222222222223 0.09027777777777778 0.12111111111111111
12 0.5944444444444444 0.3 0.05416666666666667 0.07777777777777778
12 0.6798611111111111 0.4816666666666667 0.06805555555555555 0.06444444444444444
12 0.7611111111111111 0.4388888888888889 0.12777777777777777 0.10444444444444445
12 0.625 0.49166666666666664 0.05694444444444444 0.043333333333333335
12 0.16875 0.49333333333333335 0.075 0.07666666666666666
12 0.5881944444444445 0.85 0.09722222222222222 0.05444444444444444
12 0.44166666666666665 0.2644444444444444 0.06388888888888888 0.051111111111111114