14 0.49580555555555555 0.13767592592592592 0.6241111111111111 0.2609166666666667
14 0.5 0.6562314814814815 1 0.6875370370370371
12 0.5158240740740742 0.8223888888888888 0.09576851851851853 0.24096296296296296
12 0.10069444444444445 0.6877037037037037 0.062462962962962956 0.040435185185185185
12 0.15602777777777777 0.6462129629629629 0.040796296296296296 0.03922222222222222
12 0.21406481481481482 0.6245462962962963 0.0907037037037037 0.08587037037037036
12 0.3811018518518518 0.5490833333333334 0.09098148148148148 0.07325925925925926
12 0.4604907407407407 0.504287037037037 0.11742592592592592 0.07045370370370371
12 0.5944537037037037 0.4551111111111111 0.15980555555555556 0.06877777777777778
12 0.4340277777777778 0.42866666666666664 0.08856481481481482 0.056296296296296296
12 0.164 0.44836111111111115 0.06575925925925925 0.03796296296296296
12 0.22399074074074074 0.4211388888888889 0.06845370370370371 0.06699074074074074
12 0.6084351851851852 0.4555648148148148 0.12462037037037037 0.06066666666666666
12 0.7171388888888889 0.5827592592592593 0.12850925925925924 0.056416666666666664
2 0.33599074074074076 0.8360648148148149 0.26539814814814816 0.28335185185185185
2 0.07574074074074073 0.7612037037037037 0.12681481481481482 0.21181481481481482
2 0.11452777777777777 0.5429259259259259 0.1743148148148148 0.10444444444444444
2 0.1467037037037037 0.6382314814814815 0.1003425925925926 0.11623148148148148
2 0.31028703703703703 0.5403796296296296 0.17488888888888887 0.21478703703703703
2 0.47071296296296294 0.6281759259259259 0.13787037037037037 0.1354351851851852
2 0.5298055555555556 0.5376481481481481 0.09666666666666668 0.09852777777777777
2 0.6371481481481481 0.6444166666666666 0.23316666666666666 0.16310185185185186
2 0.7460092592592593 0.5373518518518519 0.06595370370370371 0.055824074074074075
2 0.8512592592592593 0.5164537037037037 0.15614814814814815 0.04711111111111111
2 0.8956111111111111 0.5923888888888889 0.20877777777777776 0.11678703703703704
2 0.6909814814814814 0.4662222222222222 0.08220370370370371 0.08643518518518518
2 0.6598611111111111 0.40653703703703703 0.08912962962962963 0.046425925925925926
2 0.5858888888888889 0.37360185185185185 0.08552777777777779 0.06513888888888889
2 0.5403333333333333 0.3957037037037037 0.051555555555555556 0.028148148148148148
2 0.38155555555555554 0.35916666666666663 0.08286111111111111 0.06033333333333333
2 0.4570370370370371 0.3373703703703704 0.05938888888888889 0.06786111111111112
2 0.7869074074074074 0.9374166666666667 0.2078796296296296 0.12516666666666668
9 0.31949074074074074 0.11033333333333332 0.0457962962962963 0.028787037037037038
9 0.36306481481481484 0.12837962962962962 0.05196296296296296 0.027824074074074074
9 0.39669444444444446 0.14937962962962964 0.06156481481481481 0.03174074074074074
9 0.5567129629629629 0.18580555555555556 0.057694444444444444 0.04249074074074074
9 0.5727685185185185 0.12576851851851853 0.048629629629629634 0.041824074074074076
9 0.6449537037037036 0.10772222222222222 0.05575925925925926 0.04827777777777778
9 0.6372685185185185 0.05434259259259259 0.06783333333333334 0.04856481481481482
9 0.49173148148148155 0.027916666666666666 0.05262962962962963 0.039629629629629626
9 0.48616666666666664 0.08794444444444445 0.05386111111111111 0.06225000000000001
9 0.33712962962962967 0.05501851851851852 0.06322222222222222 0.04030555555555556