14 0.5 0.5125 1 0.950925925925926
15 0.44537037037037036 0.41712962962962963 0.07777777777777778 0.08148148148148149
15 0.4976851851851852 0.3912037037037037 0.0712962962962963 0.06574074074074074
15 0.5171296296296296 0.3490740740740741 0.09259259259259259 0.07962962962962963
15 0.4638888888888889 0.3189814814814815 0.06666666666666667 0.05925925925925926
15 0.48518518518518516 0.275 0.05277777777777778 0.06851851851851852
15 0.41574074074074074 0.20601851851851852 0.10925925925925926 0.07777777777777778
15 0.2273148148148148 0.2828703703703704 0.08333333333333333 0.07222222222222222
15 0.3388888888888889 0.3888888888888889 0.09444444444444444 0.08611111111111111
15 0.9027777777777778 0.47314814814814815 0.11296296296296296 0.10555555555555556
15 0.6935185185185185 0.5787037037037037 0.0962962962962963 0.0787037037037037
15 0.4273148148148148 0.5425925925925926 0.06759259259259259 0.08333333333333333
15 0.44166666666666665 0.6851851851851852 0.1259259259259259 0.1638888888888889
15 0.19444444444444445 0.6129629629629629 0.09074074074074075 0.08425925925925926
15 0.2300925925925926 0.6694444444444444 0.07592592592592592 0.06851851851851852
15 0.09814814814814815 0.5949074074074074 0.1037037037037037 0.13148148148148148
15 0.21851851851851853 0.3787037037037037 0.07314814814814814 0.05925925925925926
15 0.5875 0.5504629629629629 0.07222222222222222 0.07407407407407407