14 0.5 0.5481481481481482 1 0.9037037037037037
4 0.28935185185185186 0.5137037037037037 0.1398148148148148 0.1288888888888889
4 0.6620370370370371 0.5677777777777778 0.1398148148148148 0.09111111111111111
4 0.43703703703703706 0.3514814814814815 0.11018518518518519 0.11037037037037037
5 0.8611111111111112 0.4477777777777778 0.11388888888888889 0.12518518518518518
5 0.4356481481481482 0.7174074074074074 0.19074074074074074 0.11037037037037037
5 0.12685185185185185 0.5151851851851852 0.18703703703703703 0.1451851851851852
5 0.1625 0.37925925925925924 0.19907407407407407 0.1288888888888889
5 0.30648148148148147 0.3466666666666667 0.1648148148148148 0.14148148148148149
5 0.6106481481481482 0.31925925925925924 0.19166666666666668 0.1037037037037037
5 0.7546296296296297 0.7537037037037037 0.09351851851851851 0.09185185185185185
5 0.7685185185185185 0.6414814814814814 0.2212962962962963 0.09407407407407407
5 0.19583333333333333 0.6322222222222222 0.175 0.08444444444444445
5 0.35648148148148145 0.41555555555555557 0.08888888888888889 0.06296296296296296
5 0.5486111111111112 0.25333333333333335 0.11851851851851852 0.0674074074074074