14 0.4898148148148148 0.5 0.9703703703703703 1
12 0.16203703703703703 0.7519633507853403 0.049074074074074076 0.09816753926701571
12 0.3013888888888889 0.6518324607329843 0.08981481481481482 0.11387434554973822
12 0.36574074074074076 0.5948952879581152 0.06851851851851852 0.11910994764397906
12 0.4439814814814815 0.6492146596858639 0.09444444444444444 0.09424083769633508
12 0.4074074074074074 0.6924083769633508 0.049074074074074076 0.08769633507853403
12 0.5486111111111112 0.6969895287958116 0.0787037037037037 0.09554973821989529
12 0.5523148148148148 0.7676701570680629 0.03888888888888889 0.07198952879581152
12 0.6949074074074074 0.7532722513089005 0.09074074074074075 0.09424083769633508
12 0.6564814814814814 0.6583769633507853 0.11574074074074074 0.1806282722513089
12 0.6171296296296296 0.3992146596858639 0.06666666666666667 0.07853403141361257
12 0.48333333333333334 0.387434554973822 0.08148148148148149 0.10340314136125654
12 0.36342592592592593 0.3147905759162304 0.05 0.08900523560209424
12 0.4375 0.24803664921465968 0.06759259259259259 0.09162303664921466
12 0.3087962962962963 0.25981675392670156 0.06481481481481481 0.09293193717277487
12 0.4263888888888889 0.17735602094240838 0.06759259259259259 0.07591623036649214
12 0.4842592592592593 0.17801047120418848 0.05555555555555555 0.05759162303664921
12 0.5398148148148149 0.17735602094240838 0.07592592592592592 0.09816753926701571
12 0.549537037037037 0.03599476439790576 0.05462962962962963 0.07198952879581152
12 0.6236111111111111 0.06675392670157068 0.07037037037037037 0.06806282722513089
12 0.6699074074074074 0.12238219895287958 0.06759259259259259 0.10078534031413612
12 0.5708333333333333 0.862565445026178 0.06759259259259259 0.12696335078534032
12 0.5842592592592593 0.7768324607329843 0.06759259259259259 0.07984293193717278
12 0.3768518518518518 0.8102094240837696 0.05648148148148148 0.08507853403141362
12 0.2023148148148148 0.5163612565445026 0.07037037037037037 0.07198952879581152
12 0.10601851851851851 0.5968586387434555 0.06666666666666667 0.10340314136125654
12 0.2125 0.2369109947643979 0.041666666666666664 0.06675392670157068
12 0.33194444444444443 0.08835078534031414 0.06666666666666667 0.06675392670157068
12 0.38425925925925924 0.07329842931937172 0.058333333333333334 0.08769633507853403
12 0.34305555555555556 0.05301047120418848 0.06759259259259259 0.0549738219895288
12 0.8796296296296297 0.46335078534031415 0.07592592592592592 0.15837696335078533
12 0.8384259259259259 0.4011780104712042 0.03425925925925926 0.05366492146596859
12 0.8018518518518518 0.16753926701570682 0.0824074074074074 0.10732984293193717
12 0.7523148148148148 0.2742146596858639 0.05277777777777778 0.09554973821989529
12 0.3314814814814815 0.17212041884816753 0.049074074074074076 0.07591623036649214
12 0.36527777777777776 0.21335078534031413 0.05925925925925926 0.10209424083769633
12 0.5745370370370371 0.6295811518324608 0.05555555555555555 0.07591623036649214
12 0.21805555555555556 0.7918848167539267 0.08425925925925926 0.12827225130890052