14 0.5 0.5 1 1
6 0.7490740740740741 0.6253086419753087 0.1361111111111111 0.1728395061728395
6 0.8222222222222222 0.532716049382716 0.11944444444444445 0.14074074074074075
6 0.9467592592592593 0.4524691358024691 0.10648148148148148 0.12222222222222222
6 0.961574074074074 0.567283950617284 0.07685185185185185 0.15432098765432098
6 0.8324074074074074 0.3345679012345679 0.09722222222222222 0.10617283950617284
6 0.9009259259259259 0.3432098765432099 0.09537037037037037 0.1
6 0.899074074074074 0.20987654320987653 0.09166666666666666 0.1037037037037037
6 0.7921296296296296 0.20987654320987653 0.09537037037037037 0.09506172839506173
6 0.20416666666666666 0.05123456790123457 0.07777777777777778 0.10246913580246914
6 0.30694444444444446 0.3172839506172839 0.12777777777777777 0.12222222222222222
6 0.43425925925925923 0.39012345679012345 0.1259259259259259 0.12839506172839507
6 0.13472222222222222 0.3160493827160494 0.1175925925925926 0.09259259259259259
6 0.1037037037037037 0.38641975308641974 0.11851851851851852 0.1345679012345679
6 0.1986111111111111 0.3932098765432099 0.08703703703703704 0.13580246913580246
6 0.055092592592592596 0.5734567901234567 0.11018518518518519 0.16666666666666666
5 0.1912037037037037 0.7222222222222222 0.2898148148148148 0.3987654320987654
5 0.5092592592592593 0.6518518518518519 0.375 0.3160493827160494
5 0.9069444444444444 0.8666666666666667 0.14166666666666666 0.26666666666666666
5 0.5893518518518519 0.295679012345679 0.23425925925925925 0.2876543209876543
5 0.42685185185185187 0.17839506172839506 0.1037037037037037 0.15432098765432098
5 0.274537037037037 0.07469135802469136 0.15092592592592594 0.14938271604938272
5 0.375 0.01728395061728395 0.08703703703703704 0.0345679012345679
5 0.5231481481481481 0.043209876543209874 0.12222222222222222 0.08641975308641975