14 0.5143518518518518 0.5 0.9712962962962963 1
2 0.512962962962963 0.5450617283950617 0.23425925925925925 0.2716049382716049
4 0.3013888888888889 0.6290123456790123 0.0712962962962963 0.09876543209876543
4 0.3087962962962963 0.5592592592592592 0.07592592592592592 0.07407407407407407
4 0.37546296296296294 0.5611111111111111 0.062037037037037036 0.07160493827160494
4 0.2638888888888889 0.4537037037037037 0.06018518518518518 0.09135802469135802
4 0.30787037037037035 0.49753086419753084 0.044444444444444446 0.06666666666666667
4 0.2740740740740741 0.3530864197530864 0.10648148148148148 0.09259259259259259
4 0.35509259259259257 0.3765432098765432 0.0787037037037037 0.05925925925925926
4 0.3560185185185185 0.33024691358024694 0.07314814814814814 0.056790123456790124
4 0.38287037037037036 0.2858024691358025 0.05185185185185185 0.09506172839506173
4 0.4222222222222222 0.26728395061728394 0.05092592592592592 0.10740740740740741
4 0.4550925925925926 0.30679012345679013 0.06666666666666667 0.07037037037037037
4 0.4773148148148148 0.2419753086419753 0.06851851851851852 0.09135802469135802
4 0.4425925925925926 0.2006172839506173 0.06481481481481481 0.06296296296296296
4 0.5597222222222222 0.2537037037037037 0.09907407407407408 0.12222222222222222
4 0.5175925925925926 0.3530864197530864 0.07314814814814814 0.07777777777777778
4 0.40925925925925927 0.4364197530864197 0.1537037037037037 0.08395061728395062
4 0.4203703703703704 0.49382716049382713 0.05555555555555555 0.07407407407407407
4 0.4791666666666667 0.6771604938271605 0.15185185185185185 0.08888888888888889
4 0.5194444444444445 0.7444444444444445 0.09444444444444444 0.11604938271604938
4 0.4675925925925926 0.7882716049382716 0.06851851851851852 0.1382716049382716
4 0.525 0.8734567901234568 0.12962962962962962 0.15679012345679014
4 0.7379629629629629 0.7549382716049383 0.13240740740740742 0.14938271604938272
4 0.6476851851851851 0.7154320987654321 0.06851851851851852 0.0691358024691358
4 0.6814814814814815 0.6462962962962963 0.12222222222222222 0.12839506172839507
4 0.7699074074074074 0.595679012345679 0.06944444444444445 0.1419753086419753
4 0.6550925925925926 0.5820987654320988 0.07962962962962963 0.11851851851851852
4 0.5902777777777778 0.5623456790123457 0.08796296296296297 0.09876543209876543
4 0.6518518518518519 0.5598765432098766 0.07222222222222222 0.07901234567901234
4 0.5898148148148148 0.6623456790123456 0.08148148148148149 0.11358024691358025
4 0.6648148148148149 0.5006172839506173 0.1685185185185185 0.07901234567901234
4 0.5523148148148148 0.41358024691358025 0.08703703703703704 0.06296296296296296
4 0.6240740740740741 0.44074074074074077 0.07592592592592592 0.08395061728395062
4 0.6013888888888889 0.3802469135802469 0.058333333333333334 0.05555555555555555
4 0.6685185185185185 0.38950617283950617 0.07222222222222222 0.1111111111111111
4 0.7351851851851852 0.3969135802469136 0.07592592592592592 0.08024691358024691
4 0.7680555555555556 0.3345679012345679 0.10925925925925926 0.11604938271604938