14 0.5 0.4900925925925925 1 0.9024074074074074
2 0.4148148148148148 0.3523148148148148 0.2285925925925926 0.28462037037037036
2 0.910425925925926 0.20905555555555555 0.17913888888888888 0.1889259259259259
15 0.3007314814814815 0.514037037037037 0.15787037037037038 0.11456481481481481
15 0.5515 0.5625277777777777 0.06947222222222223 0.07961111111111112
15 0.7016203703703704 0.33162037037037034 0.09122222222222222 0.08394444444444445
15 0.7866851851851852 0.2741574074074074 0.1195648148148148 0.08548148148148148
15 0.7851666666666667 0.16417592592592592 0.08614814814814815 0.08131481481481481
15 0.693138888888889 0.16948148148148148 0.07173148148148148 0.05588888888888889
10 0.060222222222222226 0.4363148148148148 0.12044444444444445 0.18699074074074074
4 0.6860555555555556 0.2144074074074074 0.11831481481481482 0.06726851851851852