14 0.5078703703703704 0.5 0.9842592592592593 1
11 0.687037037037037 0.125 0.21296296296296297 0.21481481481481482
11 0.8074074074074075 0.25092592592592594 0.22314814814814815 0.23425925925925925
11 0.9421296296296297 0.16805555555555557 0.11574074074074074 0.12314814814814815
11 0.9407407407407408 0.3625 0.11851851851851852 0.20092592592592592
11 0.7236111111111111 0.48148148148148145 0.24074074074074073 0.2101851851851852
11 0.5 0.27685185185185185 0.19907407407407407 0.15185185185185185
11 0.4537037037037037 0.46111111111111114 0.27037037037037037 0.26666666666666666
11 0.4 0.6430555555555556 0.26666666666666666 0.27685185185185185
11 0.6175925925925926 0.7166666666666667 0.2388888888888889 0.1824074074074074
11 0.8898148148148148 0.5657407407407408 0.2111111111111111 0.21666666666666667
11 0.812037037037037 0.7842592592592592 0.2962962962962963 0.30925925925925923
11 0.537962962962963 0.8648148148148148 0.2962962962962963 0.27037037037037037
11 0.7412037037037037 0.9439814814814815 0.26944444444444443 0.11203703703703703