14 0.5 0.5 1 1
6 0.759925925925926 0.5776543209876543 0.12108333333333335 0.15201234567901234
6 0.8224166666666667 0.47232098765432096 0.10718518518518519 0.12241975308641975
6 0.9412407407407407 0.37007407407407406 0.10408333333333333 0.10311111111111111
6 0.9662037037037037 0.48034567901234565 0.06759259259259259 0.14258024691358023
6 0.8117777777777778 0.27482716049382716 0.08898148148148148 0.08955555555555557
6 0.8804444444444445 0.2705061728395062 0.08742592592592592 0.08503703703703704
6 0.8648611111111111 0.13862962962962963 0.08403703703703704 0.08877777777777777
6 0.759 0.1583827160493827 0.08837037037037036 0.07890123456790123
6 0.15998148148148147 0.11023456790123458 0.0693425925925926 0.08961728395061729
6 0.28959259259259257 0.35464197530864194 0.11869444444444444 0.10106172839506172
6 0.42353703703703705 0.403604938271605 0.11497222222222223 0.10844444444444445
6 0.11924074074074074 0.38550617283950617 0.11132407407407408 0.07224691358024692
6 0.09548148148148149 0.4608024691358025 0.10700925925925925 0.1158395061728395
6 0.19053703703703703 0.4503086419753086 0.07488888888888888 0.12365432098765432
6 0.06415740740740741 0.6564444444444445 0.103 0.1491111111111111
5 0.2175277777777778 0.7776049382716049 0.25542592592592595 0.3543827160493827
5 0.5249074074074074 0.6488271604938272 0.3516666666666667 0.25320987654320987
5 0.9430555555555555 0.8029135802469136 0.11388888888888889 0.2774320987654321
5 0.567037037037037 0.28139506172839507 0.21062037037037037 0.2508518518518518
5 0.3940648148148148 0.1952222222222222 0.08998148148148148 0.13959259259259257
5 0.2305 0.09238271604938271 0.13321296296296298 0.18477777777777776
5 0.3252407407407407 0.02816049382716049 0.08196296296296296 0.05630864197530864
5 0.47491666666666665 0.03885185185185185 0.11588888888888889 0.0777037037037037