14 0.45231481481481484 0.48358862144420134 0.8953703703703704 0.9671772428884027
9 0.4532407407407407 0.0836980306345733 0.03518518518518519 0.0437636761487965
9 0.5611111111111111 0.13457330415754923 0.04537037037037037 0.0525164113785558
9 0.6 0.16411378555798686 0.04351851851851852 0.04923413566739606
9 0.6074074074074074 0.2926695842450766 0.04259259259259259 0.05032822757111598
9 0.6342592592592593 0.3397155361050328 0.03981481481481482 0.0437636761487965
9 0.6953703703703704 0.27461706783369805 0.03981481481481482 0.04923413566739606
9 0.7680555555555556 0.40153172866520787 0.03796296296296296 0.038293216630196934
9 0.7671296296296296 0.4896061269146608 0.049074074074074076 0.04266958424507659
9 0.5777777777777777 0.45678336980306344 0.03981481481481482 0.044857768052516414
9 0.5842592592592593 0.36542669584245074 0.03888888888888889 0.044857768052516414
9 0.44027777777777777 0.2789934354485777 0.03333333333333333 0.04048140043763676
9 0.4439814814814815 0.2592997811816193 0.02962962962962963 0.03282275711159737
9 0.45787037037037037 0.2899343544857768 0.03518518518518519 0.045951859956236324
9 0.4074074074074074 0.19146608315098468 0.03518518518518519 0.037199124726477024
9 0.46064814814814814 0.12910284463894967 0.037037037037037035 0.03282275711159737
9 0.37222222222222223 0.16356673960612692 0.03888888888888889 0.0437636761487965
9 0.31157407407407406 0.1712253829321663 0.04722222222222222 0.0437636761487965
9 0.34675925925925927 0.287199124726477 0.041666666666666664 0.047045951859956234
9 0.37592592592592594 0.25 0.03981481481481482 0.05470459518599562
9 0.275 0.31072210065645517 0.04814814814814815 0.044857768052516414
9 0.20046296296296295 0.28774617067833697 0.03425925925925926 0.03938730853391685
9 0.2050925925925926 0.3265864332603939 0.044444444444444446 0.04923413566739606
9 0.2263888888888889 0.4272428884026258 0.03981481481481482 0.037199124726477024
9 0.3101851851851852 0.37363238512035013 0.03333333333333333 0.036105032822757115
9 0.3990740740740741 0.4458424507658643 0.04537037037037037 0.05579868708971553
9 0.3375 0.47702407002188185 0.037037037037037035 0.03938730853391685
9 0.27037037037037037 0.5278993435448578 0.03796296296296296 0.047045951859956234
9 0.2412037037037037 0.5574398249452954 0.03796296296296296 0.05032822757111598
9 0.31805555555555554 0.5229759299781181 0.03148148148148148 0.03391684901531729
9 0.36527777777777776 0.574398249452954 0.053703703703703705 0.05689277899343545
9 0.27824074074074073 0.7095185995623632 0.05092592592592592 0.061269146608315096
9 0.44583333333333336 0.649343544857768 0.07592592592592592 0.06455142231947483
9 0.4097222222222222 0.7478118161925602 0.04259259259259259 0.047045951859956234
9 0.5078703703703704 0.5109409190371991 0.04351851851851852 0.05470459518599562
9 0.5875 0.6050328227571116 0.058333333333333334 0.06564551422319474
9 0.5972222222222222 0.5661925601750547 0.040740740740740744 0.04923413566739606
9 0.6421296296296296 0.4890590809628009 0.037037037037037035 0.038293216630196934
9 0.7300925925925926 0.5525164113785558 0.04351851851851852 0.05579868708971553
9 0.7101851851851851 0.25164113785557984 0.04351851851851852 0.05798687089715536
2 0.4828703703703704 0.3834792122538293 0.06388888888888888 0.07768052516411379
2 0.31342592592592594 0.187636761487965 0.08888888888888889 0.0886214442013129
12 0.3 0.47538293216630195 0.04537037037037037 0.08205689277899343
12 0.25416666666666665 0.5722100656455142 0.07407407407407407 0.0787746170678337
12 0.28935185185185186 0.6766958424507659 0.07777777777777778 0.06345733041575492
12 0.43472222222222223 0.7035010940919038 0.06481481481481481 0.045951859956236324
12 0.7287037037037037 0.5010940919037199 0.09351851851851851 0.13129102844638948
12 0.7476851851851852 0.3834792122538293 0.09259259259259259 0.07986870897155361
12 0.5773148148148148 0.1936542669584245 0.046296296296296294 0.06564551422319474
12 0.47824074074074074 0.19529540481400437 0.05 0.05689277899343545
8 0.2263888888888889 0.3172866520787746 0.07962962962962963 0.09080962800875274
8 0.36527777777777776 0.4064551422319475 0.09166666666666666 0.1050328227571116
8 0.30833333333333335 0.11597374179431072 0.04537037037037037 0.06345733041575492
8 0.41944444444444445 0.11269146608315099 0.075 0.08096280087527352
8 0.45601851851851855 0.21936542669584244 0.06666666666666667 0.07986870897155361
8 0.6574074074074074 0.26258205689277897 0.062037037037037036 0.07439824945295405
8 0.6462962962962963 0.6739606126914661 0.0712962962962963 0.09956236323851203
8 0.4546296296296296 0.7543763676148797 0.08981481481481482 0.09518599562363239
8 0.7027777777777777 0.2013129102844639 0.05555555555555555 0.08315098468271334
11 0.20601851851851852 0.2314004376367615 0.09907407407407408 0.11269146608315099
11 0.16620370370370371 0.3687089715536105 0.1175925925925926 0.14332603938730853
11 0.15185185185185185 0.5426695842450766 0.11018518518518519 0.13347921225382933
11 0.24814814814814815 0.6602844638949672 0.08703703703703704 0.13129102844638948
11 0.33101851851851855 0.7614879649890591 0.1111111111111111 0.14770240700218817
11 0.45601851851851855 0.7921225382932167 0.10740740740740741 0.09080962800875274
11 0.6041666666666666 0.6854485776805251 0.11851851851851852 0.14551422319474835
11 0.5009259259259259 0.6143326039387309 0.11944444444444445 0.14113785557986872
11 0.36203703703703705 0.5995623632385121 0.12222222222222222 0.1389496717724289
11 0.2569444444444444 0.4803063457330416 0.10740740740740741 0.12363238512035012
11 0.2810185185185185 0.33698030634573306 0.11018518518518519 0.1301969365426696
11 0.34305555555555556 0.19474835886214442 0.13333333333333333 0.1575492341356674
11 0.48009259259259257 0.18326039387308535 0.09722222222222222 0.11159737417943107
11 0.5430555555555555 0.10065645514223195 0.1111111111111111 0.12582056892778992
11 0.6578703703703703 0.18107221006564553 0.07407407407407407 0.09190371991247265
11 0.712037037037037 0.2882932166301969 0.10277777777777777 0.1323851203501094
11 0.5824074074074074 0.3304157549234136 0.09722222222222222 0.1050328227571116
11 0.6097222222222223 0.4589715536105033 0.09722222222222222 0.12253829321663019
11 0.7310185185185185 0.43052516411378555 0.11574074074074074 0.10722100656455143
11 0.7101851851851851 0.5563457330415755 0.11574074074074074 0.12253829321663019
11 0.5046296296296297 0.4617067833698031 0.09907407407407408 0.10393873085339168
11 0.4356481481481482 0.3052516411378556 0.10740740740740741 0.12910284463894967