14 0.5 0.49166666666666664 1 0.9833333333333333
2 0.4023148148148148 0.36018518518518516 0.2518518518518518 0.30277777777777776
2 0.8833333333333333 0.17453703703703705 0.19444444444444445 0.2037037037037037
15 0.30277777777777776 0.5314814814814814 0.16666666666666666 0.12777777777777777
15 0.5569444444444445 0.5578703703703703 0.07592592592592592 0.08518518518518518
15 0.6861111111111111 0.3148148148148148 0.09814814814814815 0.09074074074074075
15 0.7657407407407407 0.25 0.12685185185185185 0.09537037037037037
15 0.7546296296296297 0.14074074074074075 0.09259259259259259 0.08888888888888889
15 0.663425925925926 0.1537037037037037 0.07592592592592592 0.062037037037037036
10 0.062037037037037036 0.47453703703703703 0.12407407407407407 0.19722222222222222
4 0.6606481481481481 0.19907407407407407 0.12407407407407407 0.07777777777777778