14 0.4377037037037037 0.4552625820568928 0.7087129629629629 0.8486214442013129
9 0.34675925925925927 0.12098468271334792 0.027435185185185184 0.03553610503282276
9 0.46255555555555555 0.1300656455142232 0.03657407407407407 0.04211159737417943
9 0.5073703703703704 0.14398249452954048 0.03460185185185185 0.03901531728665208
9 0.5477685185185186 0.2637964989059081 0.033611111111111105 0.03897155361050328
9 0.5856388888888889 0.2988730853391685 0.032462962962962964 0.0337417943107221
9 0.6267685185185184 0.21442013129102844 0.03130555555555556 0.0387964989059081
9 0.7291574074074074 0.30873085339168493 0.03325925925925926 0.02771334792122538
9 0.7514907407407407 0.392800875273523 0.043555555555555556 0.028304157549234137
9 0.5627407407407408 0.43018599562363236 0.032462962962962964 0.035448577680525166
9 0.5449907407407407 0.3412910284463895 0.031324074074074074 0.03547045951859956
9 0.38535185185185183 0.31182713347921226 0.02612037037037037 0.032582056892778995
9 0.38363888888888886 0.2916301969365427 0.024314814814814817 0.025054704595185995
9 0.4049814814814815 0.31578774617067834 0.02611111111111111 0.03857768052516411
9 0.33105555555555555 0.24031728665207877 0.02874074074074074 0.028741794310722102
9 0.3657314814814815 0.16166301969365426 0.03266666666666667 0.022188183807439827
9 0.29057407407407404 0.22669584245076585 0.031203703703703706 0.034343544857768055
9 0.23471296296296298 0.2561706783369803 0.04217592592592592 0.029507658643326037
9 0.29874999999999996 0.3532713347921225 0.03447222222222222 0.0362363238512035
9 0.3168240740740741 0.30766958424507657 0.02973148148148148 0.04553610503282275
9 0.2365925925925926 0.40218818380743987 0.04102777777777778 0.03163019693654267
9 0.15955555555555556 0.4074070021881838 0.02762962962962963 0.030459518599562363
9 0.17395370370370372 0.44266958424507663 0.036787037037037035 0.03722100656455143
9 0.22056481481481482 0.5305032822757112 0.03513888888888889 0.025404814004376365
9 0.2863981481481481 0.44924507658643326 0.02776851851851852 0.027166301969365425
9 0.38993518518518516 0.48518599562363235 0.035277777777777776 0.0449343544857768
9 0.3393148148148148 0.5375601750547045 0.030546296296296297 0.029846827133479213
9 0.28885185185185186 0.6101312910284463 0.02940740740740741 0.03774617067833698
9 0.26889814814814816 0.6489715536105033 0.02875925925925926 0.04198030634573304
9 0.33301851851851855 0.5884792122538294 0.026129629629629628 0.02538293216630197
9 0.3912407407407408 0.6198140043763676 0.04443518518518519 0.043577680525164114
9 0.34388888888888886 0.7805032822757112 0.039703703703703706 0.04990153172866521
9 0.4876574074074074 0.6620350109409191 0.06878703703703705 0.04105032822757112
9 0.4789907407407407 0.7684245076586433 0.03510185185185185 0.03541575492341356
9 0.5103148148148148 0.5075054704595187 0.033944444444444444 0.045120350109409194
9 0.6105833333333333 0.5681947483588622 0.048 0.05051422319474836
9 0.6100092592592592 0.5276039387308534 0.03212962962962963 0.03892778993435449
9 0.6322500000000001 0.43754923413566743 0.030814814814814816 0.02890590809628009
9 0.7324351851851851 0.4662472647702407 0.033249999999999995 0.04571115973741795
9 0.6349537037037037 0.18678336980306345 0.031962962962962964 0.04769146608315099
2 0.4530740740740741 0.39532822757111596 0.05031481481481482 0.06235229759299781
2 0.24085185185185184 0.2709737417943107 0.0757037037037037 0.06457330415754924
12 0.3031666666666667 0.5495733041575492 0.026953703703703702 0.07563457330415754
12 0.28525925925925927 0.6585667396061269 0.061462962962962955 0.058665207877461704
12 0.34576851851851853 0.7450437636761488 0.07126851851851852 0.03840262582056893
12 0.49101851851851847 0.7172100656455141 0.06077777777777778 0.024474835886214442
12 0.7177962962962964 0.417582056892779 0.06776851851851852 0.11154266958424508
12 0.7052777777777778 0.2988840262582057 0.08363888888888889 0.0512910284463895
12 0.49362962962962964 0.18061269146608316 0.033296296296296296 0.055886214442013124
12 0.39949999999999997 0.21819474835886216 0.03969444444444444 0.04449671772428884
8 0.1921111111111111 0.4261487964989059 0.06327777777777778 0.07181619256017506
8 0.3474074074074074 0.45996717724288844 0.07453703703703704 0.08146608315098468
8 0.21737962962962964 0.2048468271334792 0.033666666666666664 0.0538074398249453
8 0.3223055555555555 0.16106126914660832 0.06194444444444445 0.061575492341356675
8 0.38462037037037033 0.24911378555798686 0.052453703703703704 0.0637199124726477
8 0.5876018518518519 0.21673960612691465 0.04947222222222222 0.058894967177242886
8 0.6845092592592592 0.6122538293216631 0.05190740740740741 0.08450765864332603
8 0.5233148148148148 0.7587527352297593 0.07467592592592594 0.07020787746170679
8 0.6147499999999999 0.14214442013129103 0.03834259259259259 0.07205689277899344
11 0.1500277777777778 0.35182713347921224 0.07951851851851852 0.08794310722100655
11 0.14818518518518517 0.4972647702407002 0.09211111111111112 0.11544857768052516
11 0.18017592592592593 0.6674726477024071 0.08598148148148148 0.10811816192560174
11 0.30260185185185184 0.7445842450765864 0.060342592592592594 0.11439824945295406
11 0.4077037037037037 0.810109409190372 0.0827037037037037 0.12411378555798687
11 0.534537037037037 0.7939496717724288 0.09719444444444444 0.05775711159737418
11 0.647537037037037 0.6385557986870897 0.09152777777777778 0.11836980306345733
11 0.5307777777777778 0.6084682713347921 0.09469444444444444 0.11144420131291029
11 0.39487037037037037 0.6451859956236324 0.09835185185185186 0.10795404814004377
11 0.2638240740740741 0.5701312910284464 0.08671296296296296 0.09545951859956237
11 0.2490740740740741 0.424835886214442 0.08727777777777779 0.1037417943107221
11 0.27091666666666664 0.26694748358862147 0.10590740740740741 0.12535010940919036
11 0.3981388888888889 0.2058752735229759 0.07735185185185185 0.0875382932166302
11 0.4366388888888889 0.10462800875273523 0.09048148148148148 0.09663019693654266
11 0.5666388888888889 0.13907002188183806 0.05747222222222222 0.07378555798687089
11 0.6461759259259259 0.2211159737417943 0.0775462962962963 0.10913566739606127
11 0.5338425925925926 0.3086761487964989 0.08077777777777777 0.0800656455142232
11 0.5935277777777778 0.4210940919037199 0.07491666666666666 0.10070021881838075
11 0.7014722222222223 0.34944201312910284 0.10048148148148148 0.07428884026258206
11 0.7148333333333333 0.47703501094091905 0.09713888888888889 0.09274617067833697
11 0.49429629629629634 0.46215536105032823 0.08309259259259259 0.07777899343544858
11 0.3879074074074074 0.3381728665207877 0.08444444444444445 0.10207877461706782