8 0.5 0.576 1 0.848
8 0.5493333333333333 0.20333333333333334 0.9013333333333333 0.4066666666666667
9 0.4073333333333333 0.71 0.072 0.064
9 0.474 0.738 0.058666666666666666 0.052
9 0.5326666666666666 0.5626666666666666 0.06533333333333333 0.06
9 0.4553333333333333 0.47733333333333333 0.08 0.064
9 0.8013333333333333 0.678 0.09733333333333333 0.064
9 0.7373333333333333 0.6293333333333333 0.07866666666666666 0.08
9 0.7706666666666667 0.49533333333333335 0.044 0.037333333333333336
9 0.6946666666666667 0.4513333333333333 0.08933333333333333 0.06266666666666666
9 0.612 0.49333333333333335 0.048 0.04133333333333333
9 0.468 0.40066666666666667 0.096 0.05733333333333333
9 0.5386666666666666 0.4673333333333333 0.036 0.036
9 0.238 0.2866666666666667 0.06266666666666666 0.06
9 0.13533333333333333 0.33066666666666666 0.05466666666666667 0.04533333333333334
9 0.178 0.366 0.052 0.044
9 0.04 0.3626666666666667 0.04933333333333333 0.04666666666666667
9 0.07266666666666667 0.4846666666666667 0.056 0.04533333333333334
9 0.278 0.5126666666666667 0.06133333333333333 0.05333333333333334
9 0.438 0.6806666666666666 0.06933333333333333 0.06666666666666667
9 0.564 0.73 0.084 0.08133333333333333
9 0.49733333333333335 0.8533333333333334 0.08 0.084
9 0.31066666666666665 0.4226666666666667 0.050666666666666665 0.05333333333333334
9 0.28933333333333333 0.3546666666666667 0.06666666666666667 0.052
9 0.48533333333333334 0.332 0.06133333333333333 0.05466666666666667
6 0.15666666666666668 0.71 0.050666666666666665 0.044
6 0.24333333333333335 0.672 0.034666666666666665 0.04133333333333333
6 0.254 0.6986666666666667 0.050666666666666665 0.04666666666666667
6 0.362 0.7053333333333334 0.037333333333333336 0.04
6 0.36133333333333334 0.732 0.04 0.04133333333333333
6 0.36333333333333334 0.826 0.05733333333333333 0.06
6 0.4693333333333333 0.7653333333333333 0.04933333333333333 0.04933333333333333
6 0.49 0.7846666666666666 0.04 0.03866666666666667
6 0.4786666666666667 0.8033333333333333 0.044 0.042666666666666665
6 0.506 0.8173333333333334 0.04133333333333333 0.042666666666666665
6 0.47733333333333333 0.828 0.03866666666666667 0.036
6 0.5553333333333333 0.8466666666666667 0.050666666666666665 0.04933333333333333
6 0.5786666666666667 0.8593333333333333 0.04666666666666667 0.04666666666666667
6 0.612 0.862 0.04933333333333333 0.048
6 0.7806666666666666 0.8186666666666667 0.037333333333333336 0.037333333333333336
6 0.7826666666666666 0.8393333333333334 0.05333333333333334 0.04133333333333333
6 0.8293333333333334 0.7886666666666666 0.04933333333333333 0.04933333333333333
6 0.7886666666666666 0.72 0.04133333333333333 0.04
6 0.8066666666666666 0.7366666666666667 0.029333333333333333 0.029333333333333333
6 0.782 0.7366666666666667 0.044 0.03866666666666667
6 0.5773333333333334 0.8126666666666666 0.04 0.03866666666666667
6 0.598 0.7946666666666666 0.037333333333333336 0.03866666666666667
6 0.5713333333333334 0.786 0.048 0.044
6 0.5913333333333334 0.7293333333333333 0.04 0.048
6 0.502 0.6773333333333333 0.036 0.036
6 0.5126666666666667 0.7493333333333333 0.050666666666666665 0.04666666666666667
6 0.46266666666666667 0.5893333333333334 0.04 0.04133333333333333
6 0.47533333333333333 0.6026666666666667 0.034666666666666665 0.032
6 0.5713333333333334 0.586 0.04933333333333333 0.04933333333333333
6 0.6213333333333333 0.6113333333333333 0.048 0.050666666666666665
6 0.6486666666666666 0.5773333333333334 0.037333333333333336 0.04
6 0.7973333333333333 0.5793333333333334 0.042666666666666665 0.036
6 0.8426666666666667 0.5653333333333334 0.04 0.036
6 0.8473333333333334 0.6153333333333333 0.04533333333333334 0.037333333333333336
6 0.5473333333333333 0.49 0.032 0.029333333333333333
6 0.58 0.468 0.032 0.029333333333333333
6 0.63 0.4493333333333333 0.036 0.028
6 0.14066666666666666 0.3606666666666667 0.029333333333333333 0.029333333333333333
6 0.17866666666666667 0.3433333333333333 0.050666666666666665 0.037333333333333336
6 0.28 0.4226666666666667 0.030666666666666665 0.025333333333333333
6 0.242 0.39266666666666666 0.04533333333333334 0.037333333333333336
6 0.2806666666666667 0.43733333333333335 0.036 0.034666666666666665
6 0.2946666666666667 0.45 0.028 0.02266666666666667
6 0.32 0.458 0.03866666666666667 0.034666666666666665
6 0.3233333333333333 0.44133333333333336 0.034666666666666665 0.03866666666666667
6 0.344 0.452 0.032 0.029333333333333333
6 0.2793333333333333 0.5146666666666667 0.025333333333333333 0.024
6 0.31733333333333336 0.514 0.030666666666666665 0.03333333333333333
6 0.254 0.4653333333333333 0.029333333333333333 0.025333333333333333
6 0.26866666666666666 0.458 0.02666666666666667 0.024
6 0.6486666666666666 0.16 0.034666666666666665 0.032
6 0.8213333333333334 0.148 0.04 0.034666666666666665
6 0.904 0.19866666666666666 0.030666666666666665 0.028
6 0.5373333333333333 0.13066666666666665 0.029333333333333333 0.02666666666666667
6 0.5286666666666666 0.16133333333333333 0.04 0.030666666666666665
6 0.5173333333333333 0.19666666666666666 0.036 0.029333333333333333
6 0.4633333333333333 0.044 0.029333333333333333 0.029333333333333333
6 0.4146666666666667 0.023333333333333334 0.029333333333333333 0.028
6 0.43466666666666665 0.03133333333333333 0.029333333333333333 0.034666666666666665
6 0.38133333333333336 0.013333333333333334 0.034666666666666665 0.02666666666666667
6 0.388 0.05733333333333333 0.04133333333333333 0.03866666666666667
6 0.32866666666666666 0.06666666666666667 0.03866666666666667 0.037333333333333336
6 0.26666666666666666 0.07933333333333334 0.04533333333333334 0.034666666666666665
6 0.194 0.008 0.03333333333333333 0.016
10 0.196 0.574 0.156 0.09733333333333333
10 0.24466666666666667 0.7026666666666667 0.10133333333333333 0.16133333333333333
10 0.344 0.6606666666666666 0.26 0.12133333333333333
10 0.536 0.7326666666666667 0.19866666666666666 0.12666666666666668
10 0.558 0.5966666666666667 0.15866666666666668 0.15866666666666668
10 0.6266666666666667 0.6346666666666667 0.08933333333333333 0.092
10 0.43333333333333335 0.4053333333333333 0.108 0.1
10 0.526 0.414 0.10266666666666667 0.128
10 0.5746666666666667 0.4713333333333333 0.17333333333333334 0.13866666666666666
10 0.6513333333333333 0.4533333333333333 0.06933333333333333 0.068
10 0.344 0.324 0.17066666666666666 0.12266666666666666
10 0.274 0.4093333333333333 0.09066666666666667 0.10933333333333334
10 0.3426666666666667 0.5213333333333333 0.076 0.08933333333333333
10 0.36666666666666664 0.5713333333333334 0.10133333333333333 0.09066666666666667
10 0.24866666666666667 0.572 0.156 0.11733333333333333
10 0.21266666666666667 0.474 0.14666666666666667 0.172
10 0.18733333333333332 0.26066666666666666 0.058666666666666666 0.07733333333333334
10 0.13666666666666666 0.32866666666666666 0.14 0.112
10 0.06733333333333333 0.37933333333333336 0.11733333333333333 0.092
10 0.06 0.4646666666666667 0.10266666666666667 0.09733333333333333
10 0.5613333333333334 0.7153333333333334 0.224 0.20266666666666666
10 0.8993333333333333 0.6333333333333333 0.14533333333333334 0.08266666666666667
10 0.9013333333333333 0.7126666666666667 0.108 0.108
10 0.8126666666666666 0.5186666666666667 0.10933333333333334 0.06266666666666666
10 0.7426666666666667 0.178 0.07066666666666667 0.068
10 0.788 0.18666666666666668 0.058666666666666666 0.04666666666666667
10 0.796 0.22533333333333333 0.034666666666666665 0.04933333333333333
10 0.956 0.20866666666666667 0.088 0.068
10 0.7113333333333334 0.126 0.108 0.052
10 0.71 0.14933333333333335 0.052 0.050666666666666665
10 0.716 0.094 0.08933333333333333 0.07066666666666667
10 0.8053333333333333 0.09266666666666666 0.06933333333333333 0.044
10 0.878 0.16666666666666666 0.128 0.07733333333333334
10 0.504 0.03133333333333333 0.176 0.06266666666666666
10 0.6053333333333333 0.027333333333333334 0.028 0.04
10 0.6366666666666667 0.056666666666666664 0.07733333333333334 0.064
10 0.6493333333333333 0.08666666666666667 0.04933333333333333 0.052
10 0.3433333333333333 0.03 0.092 0.06
9 0.4266666666666667 0.142 0.056 0.044
9 0.4513333333333333 0.08266666666666667 0.06933333333333333 0.050666666666666665
9 0.49533333333333335 0.06933333333333333 0.04933333333333333 0.050666666666666665
9 0.3973333333333333 0.048666666666666664 0.068 0.05333333333333334
9 0.6466666666666666 0.11666666666666667 0.04666666666666667 0.04933333333333333
9 0.7513333333333333 0.10533333333333333 0.052 0.048
9 0.88 0.22866666666666666 0.05333333333333334 0.03866666666666667