14 0.5 0.5 1 1
7 0.37175925925925923 0.2708333333333333 0.19814814814814816 0.20277777777777778
7 0.6587962962962963 0.2101851851851852 0.12962962962962962 0.10185185185185185
7 0.8041666666666667 0.14537037037037037 0.125 0.11666666666666667
15 0.1087962962962963 0.4949074074074074 0.10925925925925926 0.09259259259259259
15 0.030555555555555555 0.5805555555555556 0.06111111111111111 0.07592592592592592
15 0.18703703703703703 0.4111111111111111 0.1574074074074074 0.09537037037037037
15 0.4337962962962963 0.6791666666666667 0.18518518518518517 0.13055555555555556
15 0.5912037037037037 0.7328703703703704 0.16666666666666666 0.14629629629629629
15 0.6791666666666667 0.7111111111111111 0.13148148148148148 0.12314814814814815
15 0.4671296296296296 0.4185185185185185 0.07685185185185185 0.09444444444444444
15 0.5472222222222223 0.36435185185185187 0.08148148148148149 0.06296296296296296
15 0.5277777777777778 0.2662037037037037 0.0787037037037037 0.08518518518518518
15 0.700925925925926 0.3300925925925926 0.09074074074074075 0.08888888888888889
15 0.7509259259259259 0.18194444444444444 0.06944444444444445 0.05648148148148148
15 0.8041666666666667 0.21481481481481482 0.06296296296296296 0.05
15 0.8967592592592593 0.18425925925925926 0.07592592592592592 0.05555555555555555
2 0.7023148148148148 0.46805555555555556 0.2101851851851852 0.17777777777777778
2 0.9259259259259259 0.2689814814814815 0.14814814814814814 0.13796296296296295
2 0.2064814814814815 0.5995370370370371 0.25555555555555554 0.2601851851851852