14 0.5 0.5177499999999999 1 0.9645092592592593
7 0.3200555555555556 0.3085925925925926 0.1626388888888889 0.1688888888888889
7 0.583824074074074 0.1803611111111111 0.11467592592592592 0.07714814814814815
7 0.7094444444444444 0.08236111111111111 0.10529629629629629 0.09382407407407407
15 0.11937037037037036 0.5895555555555556 0.09487037037037037 0.07193518518518519
15 0.04535185185185185 0.6969351851851853 0.0907037037037037 0.05525
15 0.17462037037037037 0.4894722222222222 0.147 0.061509259259259264
15 0.4790462962962963 0.6896388888888888 0.16785185185185186 0.09278703703703703
15 0.6448055555555555 0.7037129629629629 0.14282407407407408 0.11467592592592592
15 0.7250833333333334 0.6614907407407407 0.11155555555555556 0.09903703703703703
15 0.44828703703703704 0.429 0.05837962962962963 0.08236111111111111
15 0.512925925925926 0.35706481481481483 0.07298148148148148 0.04691666666666667
15 0.4701851851851852 0.26637037037037037 0.06255555555555556 0.07193518518518519
15 0.6536666666666667 0.2866944444444444 0.0750648148148148 0.07298148148148148
15 0.6667037037037037 0.1308425925925926 0.061509259259259264 0.04274074074074074
15 0.7261296296296297 0.14960185185185185 0.05525 0.03857407407407407
15 0.8084907407407407 0.09748148148148149 0.06776851851851852 0.040657407407407406
15 0.9884259259259259 0.19443518518518518 0.023138888888888886 0.06776851851851852
2 0.6885925925925925 0.4201388888888889 0.18244444444444444 0.13761111111111113
2 0.8658240740740741 0.17097222222222222 0.14491666666666667 0.10634259259259259
2 0.23925925925925923 0.6677407407407407 0.20954629629629629 0.21580555555555556