14 0.5 0.5 1 1
7 0.26990740740740743 0.3736111111111111 0.2064814814814815 0.2101851851851852
7 0.4810185185185185 0.1699074074074074 0.13240740740740742 0.10833333333333334
7 0.5694444444444444 0.04953703703703704 0.12962962962962962 0.09907407407407408
15 0.16574074074074074 0.7027777777777777 0.11203703703703703 0.09814814814814815
15 0.12777777777777777 0.8273148148148148 0.10277777777777777 0.08055555555555556
15 0.1875 0.5907407407407408 0.15925925925925927 0.10462962962962963
15 0.5388888888888889 0.687037037037037 0.18796296296296297 0.1398148148148148
15 0.700462962962963 0.649074074074074 0.17222222222222222 0.1537037037037037
15 0.7638888888888888 0.5842592592592593 0.1361111111111111 0.1287037037037037
15 0.4287037037037037 0.4486111111111111 0.08055555555555556 0.0962962962962963
15 0.46805555555555556 0.36018518518518516 0.08333333333333333 0.06759259259259259
15 0.399537037037037 0.28703703703703703 0.0824074074074074 0.08796296296296297
15 0.5800925925925926 0.24953703703703703 0.09351851851851851 0.09259259259259259
15 0.5444444444444444 0.09722222222222222 0.0712962962962963 0.05925925925925926
15 0.6069444444444444 0.09675925925925925 0.06481481481481481 0.053703703703703705
15 0.6689814814814815 0.02546296296296296 0.07685185185185185 0.05092592592592592
15 0.8699074074074075 0.058333333333333334 0.04351851851851852 0.07222222222222222
2 0.6546296296296297 0.36574074074074076 0.21574074074074073 0.18703703703703703
2 0.7462962962962963 0.07407407407407407 0.17037037037037037 0.14629629629629629
2 0.3037037037037037 0.7402777777777778 0.26666666666666666 0.27037037037037037