15 0.4925925925925926 0.1925925925925926 0.1685185185185185 0.15
15 0.21157407407407408 0.275 0.12685185185185185 0.09722222222222222
15 0.575925925925926 0.26064814814814813 0.08888888888888889 0.10277777777777777
15 0.7092592592592593 0.28055555555555556 0.11388888888888889 0.06481481481481481
15 0.25972222222222224 0.6347222222222222 0.11018518518518519 0.1287037037037037
15 0.7712962962962963 0.6856481481481481 0.08148148148148149 0.12037037037037036
8 0.1763888888888889 0.38796296296296295 0.10833333333333334 0.06296296296296296
8 0.2 0.4546296296296296 0.13333333333333333 0.07037037037037037
8 0.3398148148148148 0.49444444444444446 0.07777777777777778 0.07592592592592592
8 0.825925925925926 0.48148148148148145 0.06759259259259259 0.07777777777777778
8 0.8180555555555555 0.32314814814814813 0.05462962962962963 0.07592592592592592
8 0.7648148148148148 0.25324074074074077 0.044444444444444446 0.049074074074074076
8 0.6675925925925926 0.4185185185185185 0.07407407407407407 0.06388888888888888
8 0.4625 0.3212962962962963 0.046296296296296294 0.10555555555555556
6 0.2828703703703704 0.42453703703703705 0.032407407407407406 0.032407407407407406
6 0.30787037037037035 0.4412037037037037 0.030555555555555555 0.021296296296296296
6 0.2800925925925926 0.4625 0.017592592592592594 0.022222222222222223
6 0.26851851851851855 0.49398148148148147 0.03518518518518519 0.03611111111111111
6 0.2833333333333333 0.5064814814814815 0.021296296296296296 0.025925925925925925
6 0.30324074074074076 0.5222222222222223 0.028703703703703703 0.03518518518518519
6 0.3314814814814815 0.5300925925925926 0.027777777777777776 0.02962962962962963
6 0.4134259259259259 0.43703703703703706 0.02962962962962963 0.024074074074074074
6 0.44675925925925924 0.45694444444444443 0.030555555555555555 0.026851851851851852
6 0.4449074074074074 0.3800925925925926 0.030555555555555555 0.03518518518518519
6 0.38842592592592595 0.32314814814814813 0.041666666666666664 0.03981481481481482
6 0.3435185185185185 0.3189814814814815 0.04814814814814815 0.030555555555555555
6 0.31296296296296294 0.24675925925925926 0.03333333333333333 0.01574074074074074
6 0.21481481481481482 0.2013888888888889 0.027777777777777776 0.022222222222222223
6 0.3388888888888889 0.1550925925925926 0.03518518518518519 0.023148148148148147
6 0.34675925925925927 0.18981481481481483 0.041666666666666664 0.027777777777777776
6 0.3611111111111111 0.22083333333333333 0.03888888888888889 0.032407407407407406
6 0.3939814814814815 0.23935185185185184 0.028703703703703703 0.06944444444444445
6 0.4203703703703704 0.2375 0.024074074074074074 0.030555555555555555
6 0.4300925925925926 0.2652777777777778 0.040740740740740744 0.04537037037037037
6 0.44537037037037036 0.2300925925925926 0.026851851851851852 0.025
6 0.48564814814814816 0.2773148148148148 0.030555555555555555 0.03518518518518519
6 0.5194444444444445 0.2759259259259259 0.03518518518518519 0.049074074074074076
6 0.5800925925925926 0.3837962962962963 0.06574074074074074 0.026851851851851852
6 0.7898148148148149 0.29398148148148145 0.037037037037037035 0.03425925925925926
6 0.7398148148148148 0.3472222222222222 0.03425925925925926 0.05740740740740741
6 0.7782407407407408 0.4513888888888889 0.028703703703703703 0.05462962962962963
6 0.8013888888888889 0.4148148148148148 0.041666666666666664 0.044444444444444446
6 0.7310185185185185 0.5685185185185185 0.09537037037037037 0.10555555555555556
6 0.562037037037037 0.6287037037037037 0.08333333333333333 0.07962962962962963
6 0.6509259259259259 0.5587962962962963 0.06481481481481481 0.05277777777777778
6 0.6583333333333333 0.6263888888888889 0.05 0.062037037037037036
6 0.4097222222222222 0.5731481481481482 0.05648148148148148 0.06296296296296296
6 0.32314814814814813 0.6486111111111111 0.030555555555555555 0.030555555555555555
14 0.5421296296296296 0.4949074074074074 0.8694444444444445 0.8712962962962963