14 0.5 0.5305555555555556 1 0.7222222222222222
4 0.7689814814814815 0.4935185185185185 0.16111111111111112 0.09814814814814815
4 0.6666666666666666 0.2851851851851852 0.09907407407407408 0.08055555555555556
4 0.7240740740740741 0.3560185185185185 0.1287037037037037 0.05462962962962963
4 0.45601851851851855 0.26805555555555555 0.1037037037037037 0.07407407407407407
4 0.5347222222222222 0.38981481481481484 0.06018518518518518 0.08611111111111111
4 0.49953703703703706 0.46620370370370373 0.1398148148148148 0.07962962962962963
4 0.36712962962962964 0.36712962962962964 0.1 0.07037037037037037
4 0.31666666666666665 0.4356481481481482 0.0962962962962963 0.07777777777777778
4 0.1986111111111111 0.4685185185185185 0.062037037037037036 0.06574074074074074
4 0.20694444444444443 0.5986111111111111 0.16203703703703703 0.15185185185185185
15 0.46111111111111114 0.5912037037037037 0.0962962962962963 0.08888888888888889
15 0.6819444444444445 0.5837962962962963 0.09537037037037037 0.08425925925925926
15 0.6185185185185185 0.45740740740740743 0.09259259259259259 0.08148148148148149
15 0.5893518518518519 0.34814814814814815 0.08888888888888889 0.06851851851851852
15 0.5856481481481481 0.2796296296296296 0.06851851851851852 0.0712962962962963
15 0.7453703703703703 0.29814814814814816 0.06018518518518518 0.062037037037037036
15 0.737037037037037 0.4046296296296296 0.05462962962962963 0.04722222222222222
15 0.7967592592592593 0.4356481481481482 0.07314814814814814 0.025
15 0.18425925925925926 0.36157407407407405 0.09351851851851851 0.0712962962962963
15 0.26064814814814813 0.3912037037037037 0.08055555555555556 0.06388888888888888
15 0.11481481481481481 0.5736111111111111 0.08981481481481482 0.07037037037037037
15 0.2337962962962963 0.5347222222222222 0.09166666666666666 0.05277777777777778
15 0.31851851851851853 0.5851851851851851 0.08333333333333333 0.06574074074074074
15 0.2935185185185185 0.5106481481481482 0.09814814814814815 0.06481481481481481
15 0.39444444444444443 0.5097222222222222 0.10277777777777777 0.07222222222222222
2 0.38472222222222224 0.2953703703703704 0.14629629629629629 0.08055555555555556
2 0.5069444444444444 0.21898148148148147 0.08888888888888889 0.06759259259259259
2 0.7111111111111111 0.399537037037037 0.07407407407407407 0.17962962962962964
2 0.5171296296296296 0.5064814814814815 0.11296296296296296 0.09907407407407408
2 0.13194444444444445 0.45555555555555555 0.10092592592592593 0.14907407407407408
2 0.43425925925925923 0.7282407407407407 0.11481481481481481 0.0962962962962963
4 0.5453703703703704 0.6592592592592592 0.17222222222222222 0.13055555555555556