14 0.5 0.5146574074074074 1 0.9675925925925926
8 0.11825 0.6143888888888889 0.11653703703703704 0.1388148148148148
12 0.32995370370370375 0.24833333333333332 0.06262037037037037 0.04924074074074074
12 0.31175925925925924 0.32219444444444445 0.05834259259259259 0.025694444444444443
12 0.41480555555555554 0.44350925925925927 0.07802777777777778 0.07533333333333334
12 0.48207407407407404 0.4670462962962963 0.05739814814814815 0.05157407407407408
12 0.5598796296296296 0.4589814814814815 0.026453703703703705 0.055157407407407405
12 0.6475462962962963 0.4105462962962963 0.049324074074074076 0.049777777777777775
12 0.4113425925925926 0.5769074074074073 0.04353703703703704 0.0664537037037037
12 0.6608333333333334 0.7006481481481482 0.047546296296296295 0.0664537037037037
12 0.6788796296296297 0.7622407407407408 0.046981481481481485 0.046407407407407404
12 0.7095277777777778 0.6880462962962963 0.04869444444444445 0.0664537037037037
12 0.5903703703703704 0.7719814814814815 0.04296296296296296 0.054425925925925926
12 0.6909166666666667 0.8516111111111111 0.04353703703703704 0.03609259259259259
12 0.2783703703703704 0.5920833333333334 0.040388888888888884 0.03509259259259259
12 0.8391944444444445 0.5240277777777779 0.05260185185185185 0.06144444444444445
12 0.7392962962962963 0.5165185185185186 0.0305 0.048185185185185185
12 0.8067129629629629 0.38346296296296295 0.04597222222222222 0.035805555555555556
12 0.856212962962963 0.4018055555555555 0.03448148148148148 0.02563888888888889
12 0.7008425925925925 0.26699074074074075 0.03668518518518518 0.019453703703703706
12 0.7158703703703704 0.3012407407407407 0.04111111111111111 0.03403703703703703
12 0.6179629629629629 0.2406851851851852 0.031824074074074074 0.04022222222222222
12 0.6833796296296296 0.10984259259259259 0.04862037037037037 0.02962037037037037
12 0.5845833333333333 0.17460185185185184 0.03668518518518518 0.04066666666666667
10 0.23280555555555557 0.4501203703703704 0.043222222222222224 0.02609259259259259
10 0.3670462962962963 0.1980925925925926 0.025953703703703705 0.024972222222222222
10 0.4030462962962963 0.20078703703703704 0.03525925925925926 0.026444444444444444
10 0.393 0.25563888888888886 0.026935185185185184 0.02937962962962963
10 0.40696296296296297 0.3428055555555556 0.03624074074074074 0.06072222222222222
10 0.7735185185185185 0.24731481481481485 0.04064814814814815 0.02546296296296296
10 0.7796388888888889 0.2869814814814815 0.026444444444444444 0.03624074074074074
10 0.6844074074074074 0.6616388888888889 0.03113888888888889 0.03401851851851852
10 0.34750000000000003 0.8292962962962963 0.044111111111111115 0.045092592592592594
10 0.38475 0.8768425925925926 0.04019444444444444 0.044111111111111115
10 0.6156018518518519 0.8489074074074074 0.07841666666666666 0.045092592592592594
10 0.66275 0.49509259259259264 0.1186574074074074 0.05391666666666666
10 0.5903055555555555 0.46319444444444446 0.037750000000000006 0.04131481481481481
10 0.565324074074074 0.4123055555555556 0.053592592592592594 0.030935185185185184
10 0.5297777777777778 0.3470925925925926 0.06295370370370369 0.09796296296296296
10 0.19739814814814816 0.6183981481481482 0.06001851851851851 0.03909259259259259