8 0.5 0.6273333333333333 1 0.7453333333333333
8 0.456 0.15266666666666667 0.912 0.30533333333333335
9 0.49666666666666665 0.7293333333333333 0.064 0.05333333333333334
9 0.5686666666666667 0.7293333333333333 0.052 0.042666666666666665
9 0.5546666666666666 0.5453333333333333 0.05733333333333333 0.04933333333333333
9 0.45 0.49666666666666665 0.07333333333333333 0.050666666666666665
9 0.8473333333333334 0.546 0.09333333333333334 0.04533333333333334
9 0.7686666666666667 0.526 0.06666666666666667 0.06933333333333333
9 0.7473333333333333 0.39 0.04 0.029333333333333333
9 0.66 0.37866666666666665 0.08533333333333333 0.04666666666666667
9 0.6006666666666667 0.45 0.044 0.03333333333333333
9 0.43133333333333335 0.4206666666666667 0.09333333333333334 0.03866666666666667
9 0.5226666666666666 0.45466666666666666 0.032 0.030666666666666665
9 0.17533333333333334 0.406 0.05466666666666667 0.050666666666666665
9 0.098 0.4866666666666667 0.04933333333333333 0.036
9 0.15133333333333332 0.502 0.04666666666666667 0.036
9 0.02266666666666667 0.5533333333333333 0.042666666666666665 0.04
9 0.10066666666666667 0.6526666666666666 0.050666666666666665 0.036
9 0.3006666666666667 0.598 0.05466666666666667 0.044
9 0.514 0.6906666666666667 0.06 0.05733333333333333
9 0.6486666666666666 0.6866666666666666 0.07333333333333333 0.06933333333333333
9 0.6353333333333333 0.826 0.068 0.07333333333333333
9 0.29533333333333334 0.5026666666666667 0.042666666666666665 0.048
9 0.24933333333333332 0.44866666666666666 0.06133333333333333 0.04133333333333333
9 0.42133333333333334 0.35133333333333333 0.05466666666666667 0.04533333333333334
6 0.26666666666666666 0.8273333333333334 0.04533333333333334 0.036
6 0.33066666666666666 0.7586666666666667 0.028 0.037333333333333336
6 0.3506666666666667 0.7786666666666666 0.044 0.03866666666666667
6 0.4533333333333333 0.7426666666666667 0.030666666666666665 0.036
6 0.4633333333333333 0.768 0.034666666666666665 0.036
6 0.5013333333333333 0.8533333333333334 0.04933333333333333 0.052
6 0.576 0.756 0.04133333333333333 0.042666666666666665
6 0.602 0.766 0.034666666666666665 0.03333333333333333
6 0.5993333333333334 0.7873333333333333 0.037333333333333336 0.036
6 0.6293333333333333 0.79 0.034666666666666665 0.037333333333333336
6 0.6073333333333333 0.8106666666666666 0.034666666666666665 0.029333333333333333
6 0.6866666666666666 0.798 0.044 0.04133333333333333
6 0.7133333333333334 0.8 0.04 0.04
6 0.7446666666666667 0.7893333333333333 0.042666666666666665 0.04133333333333333
6 0.8826666666666667 0.684 0.032 0.032
6 0.8933333333333333 0.702 0.04933333333333333 0.032
6 0.916 0.6366666666666667 0.042666666666666665 0.04133333333333333
6 0.8513333333333334 0.5893333333333334 0.036 0.034666666666666665
6 0.8746666666666667 0.598 0.025333333333333333 0.025333333333333333
6 0.852 0.608 0.04 0.032
6 0.6933333333333334 0.758 0.034666666666666665 0.03333333333333333
6 0.7053333333333334 0.7333333333333333 0.032 0.03333333333333333
6 0.6773333333333333 0.7353333333333333 0.042666666666666665 0.037333333333333336
6 0.674 0.6753333333333333 0.03333333333333333 0.044
6 0.5713333333333334 0.662 0.030666666666666665 0.032
6 0.6093333333333333 0.7246666666666667 0.044 0.04
6 0.5006666666666667 0.5973333333333334 0.03333333333333333 0.036
6 0.518 0.604 0.030666666666666665 0.02666666666666667
6 0.5993333333333334 0.5513333333333333 0.04133333333333333 0.042666666666666665
6 0.6553333333333333 0.5553333333333333 0.04133333333333333 0.044
6 0.6666666666666666 0.5126666666666667 0.030666666666666665 0.036
6 0.8046666666666666 0.45666666666666667 0.03866666666666667 0.029333333333333333
6 0.8406666666666667 0.4266666666666667 0.036 0.029333333333333333
6 0.8646666666666667 0.4706666666666667 0.04133333333333333 0.029333333333333333
6 0.5393333333333333 0.472 0.028 0.025333333333333333
6 0.5613333333333334 0.43933333333333335 0.028 0.025333333333333333
6 0.6 0.4026666666666667 0.03333333333333333 0.021333333333333333
6 0.11466666666666667 0.512 0.02666666666666667 0.024
6 0.14266666666666666 0.48133333333333334 0.048 0.029333333333333333
6 0.2673333333333333 0.5146666666666667 0.028 0.02
6 0.22066666666666668 0.502 0.04133333333333333 0.029333333333333333
6 0.2733333333333333 0.528 0.030666666666666665 0.029333333333333333
6 0.29133333333333333 0.5346666666666666 0.025333333333333333 0.018666666666666668
6 0.318 0.5313333333333333 0.034666666666666665 0.028
6 0.314 0.5146666666666667 0.029333333333333333 0.034666666666666665
6 0.338 0.5166666666666667 0.028 0.025333333333333333
6 0.30266666666666664 0.6 0.02266666666666667 0.02
6 0.3373333333333333 0.5846666666666667 0.02666666666666667 0.029333333333333333
6 0.26 0.564 0.02666666666666667 0.021333333333333333
6 0.27066666666666667 0.5513333333333333 0.024 0.02
6 0.504 0.12933333333333333 0.030666666666666665 0.02666666666666667
6 0.658 0.050666666666666665 0.036 0.028
6 0.754 0.06466666666666666 0.02666666666666667 0.024
6 0.39 0.14533333333333334 0.025333333333333333 0.02266666666666667
6 0.394 0.17733333333333334 0.036 0.024
6 0.3973333333333333 0.214 0.03333333333333333 0.02266666666666667
6 0.2886666666666667 0.09466666666666666 0.025333333333333333 0.024
6 0.23533333333333334 0.09466666666666666 0.025333333333333333 0.02266666666666667
6 0.25666666666666665 0.094 0.024 0.030666666666666665
6 0.19933333333333333 0.09533333333333334 0.030666666666666665 0.029333333333333333
6 0.224 0.136 0.036 0.032
6 0.17333333333333334 0.16733333333333333 0.03333333333333333 0.032
6 0.12066666666666667 0.204 0.04133333333333333 0.02666666666666667
6 0.009333333333333334 0.15066666666666667 0.018666666666666668 0.024
6 0.024 0.16 0.030666666666666665 0.025333333333333333
10 0.24933333333333332 0.6873333333333334 0.15066666666666667 0.068
10 0.344 0.786 0.07066666666666667 0.15466666666666667
10 0.41933333333333334 0.7086666666666667 0.2613333333333333 0.06666666666666667
10 0.624 0.7 0.19066666666666668 0.08933333333333333
10 0.5913333333333334 0.566 0.136 0.13733333333333334
10 0.6693333333333333 0.574 0.07733333333333334 0.08
10 0.402 0.43866666666666665 0.096 0.084
10 0.49066666666666664 0.4106666666666667 0.08133333333333333 0.116
10 0.5573333333333333 0.44466666666666665 0.15866666666666668 0.10933333333333334
10 0.6206666666666667 0.398 0.06 0.058666666666666666
10 0.288 0.39866666666666667 0.16133333333333333 0.092
10 0.25666666666666665 0.5053333333333333 0.07333333333333333 0.09866666666666667
10 0.36333333333333334 0.5806666666666667 0.06133333333333333 0.08
10 0.4053333333333333 0.6173333333333333 0.08933333333333333 0.07466666666666667
10 0.2966666666666667 0.6646666666666666 0.14533333333333334 0.09066666666666667
10 0.22533333333333333 0.5886666666666667 0.11866666666666667 0.156
10 0.11866666666666667 0.402 0.04533333333333334 0.07066666666666667
10 0.09866666666666667 0.484 0.128 0.08933333333333333
10 0.05466666666666667 0.558 0.108 0.07333333333333333
10 0.08133333333333333 0.6393333333333333 0.09066666666666667 0.08133333333333333
10 0.6406666666666667 0.6746666666666666 0.19733333333333333 0.16933333333333334
10 0.9193333333333333 0.4666666666666667 0.14266666666666666 0.05333333333333334
10 0.952 0.5386666666666666 0.092 0.09333333333333334
10 0.7946666666666666 0.39466666666666667 0.10666666666666667 0.04133333333333333
10 0.5973333333333334 0.10866666666666666 0.06133333333333333 0.05733333333333333
10 0.6426666666666667 0.09933333333333333 0.05466666666666667 0.036
10 0.6646666666666666 0.13133333333333333 0.02666666666666667 0.04533333333333334
10 0.8133333333333334 0.051333333333333335 0.096 0.04933333333333333
10 0.5486666666666666 0.07266666666666667 0.108 0.029333333333333333
10 0.556 0.09533333333333334 0.04533333333333334 0.044
10 0.54 0.042 0.08133333333333333 0.056
10 0.6213333333333333 0.01 0.06666666666666667 0.02
10 0.718 0.04533333333333334 0.124 0.052
10 0.316 0.054 0.17466666666666666 0.05466666666666667
10 0.4126666666666667 0.024 0.02 0.037333333333333336
10 0.45266666666666666 0.03866666666666667 0.07066666666666667 0.050666666666666665
10 0.476 0.06133333333333333 0.042666666666666665 0.044
10 0.164 0.04533333333333334 0.17466666666666666 0.050666666666666665
10 0.17 0.12133333333333333 0.084 0.058666666666666666
10 0.078 0.09733333333333333 0.13333333333333333 0.050666666666666665
9 0.2926666666666667 0.19933333333333333 0.052 0.034666666666666665
9 0.292 0.13466666666666666 0.06533333333333333 0.03866666666666667
9 0.3273333333333333 0.10533333333333333 0.042666666666666665 0.044
9 0.22933333333333333 0.12466666666666666 0.06133333333333333 0.042666666666666665
9 0.48533333333333334 0.08933333333333333 0.03866666666666667 0.042666666666666665
9 0.5773333333333334 0.03866666666666667 0.04533333333333334 0.04
9 0.022 0.08733333333333333 0.044 0.03866666666666667
9 0.021333333333333333 0.12866666666666668 0.03866666666666667 0.04133333333333333
9 0.15933333333333333 0.08133333333333333 0.04533333333333334 0.034666666666666665
9 0.744 0.102 0.04933333333333333 0.029333333333333333