14 0.5 0.5 1 1
9 0.43842592592592594 0.4491682070240296 0.11203703703703703 0.12754158964879853
9 0.5375 0.2476894639556377 0.1111111111111111 0.08317929759704251
9 0.3106481481481482 0.7245841035120147 0.10462962962962963 0.09426987060998152
9 0.24583333333333332 0.47412199630314233 0.08148148148148149 0.09519408502772643
9 0.06018518518518518 0.727818853974122 0.11574074074074074 0.1414048059149723
9 0.7791666666666667 0.9390018484288355 0.11574074074074074 0.12199630314232902
9 0.5231481481481481 0.8807763401109058 0.11666666666666667 0.12014787430683918
9 0.9884259259259259 0.43853974121996303 0.023148148148148147 0.11737523105360444
9 0.7805555555555556 0.12292051756007394 0.11018518518518519 0.11552680221811461
9 0.6680555555555555 0.07948243992606285 0.11666666666666667 0.10536044362292052
10 0.8740740740740741 0.39972273567467653 0.07962962962962963 0.14602587800369685
10 0.9574074074074074 0.3419593345656192 0.08518518518518518 0.09057301293900184
10 0.5083333333333333 0.06099815157116451 0.11481481481481481 0.08595194085027727
10 0.6273148148148148 0.2620147874306839 0.05648148148148148 0.08595194085027727
10 0.913425925925926 0.6566543438077634 0.12314814814814815 0.07486136783733827
10 0.7328703703703704 0.7878927911275416 0.08888888888888889 0.15249537892791126
10 0.8148148148148148 0.6709796672828097 0.08425925925925926 0.09981515711645102
10 0.20555555555555555 0.7268946395563771 0.09074074074074075 0.06007393715341959
10 0.08796296296296297 0.3687615526802218 0.11944444444444445 0.14048059149722736
10 0.21203703703703702 0.13955637707948243 0.062037037037037036 0.09242144177449169
10 0.2625 0.22828096118299446 0.1 0.07763401109057301
10 0.1375 0.133086876155268 0.05092592592592592 0.0878003696857671
10 0.20925925925925926 0.036044362292051754 0.16111111111111112 0.07208872458410351