14 0.5 0.5199306759098787 1 0.9601386481802426
9 0.036395147313691506 0.5641247833622184 0.07279029462738301 0.06932409012131716
9 0.058925476603119586 0.3509532062391681 0.09532062391681109 0.04679376083188908
9 0.02772963604852686 0.17244367417677642 0.05545927209705372 0.060658578856152515
9 0.07972270363951472 0.2019064124783362 0.045060658578856154 0.053726169844020795
9 0.597053726169844 0.2634315424610052 0.06759098786828423 0.08492201039861352
12 0.11525129982668977 0.2703639514731369 0.13344887348353554 0.0831889081455806
12 0.24176776429809357 0.9133448873483535 0.1681109185441941 0.06759098786828423
12 0.2582322357019064 0.8223570190641247 0.07625649913344887 0.11265164644714037
9 0.09532062391681109 0.9445407279029463 0.12824956672443674 0.09358752166377816
9 0.512998266897747 0.7123050259965338 0.08665511265164645 0.029462738301559793
4 0.40641247833622185 0.5649913344887348 0.20103986135181975 0.07279029462738301
12 0.13778162911611785 0.41594454072790293 0.10918544194107452 0.08665511265164645
12 0.231369150779896 0.354419410745234 0.07452339688041594 0.06239168110918544
11 0.18457538994800693 0.30849220103986136 0.14038128249566725 0.11091854419410745
11 0.2738301559792028 0.38648180242634317 0.18024263431542462 0.11438474870017332
11 0.45667244367417675 0.36915077989601386 0.1369150779896014 0.08665511265164645
11 0.6507798960138648 0.6143847487001733 0.2045060658578856 0.11265164644714037
11 0.1048526863084922 0.6655112651646448 0.2097053726169844 0.11785095320623917
11 0.07972270363951472 0.7755632582322357 0.15944540727902945 0.12998266897746968
11 0.4783362218370884 0.7781629116117851 0.16291161178509533 0.10051993067590988
11 0.2097053726169844 0.524263431542461 0.1923743500866551 0.08838821490467938