14 0.5 0.5202253032928943 1 0.9595493934142114
9 0.03653379549393414 0.5642461005199306 0.07306759098786827 0.06946273830155979
9 0.05863084922010398 0.3513518197573657 0.09561525129982669 0.04601386481802427
9 0.028422876949740033 0.17365684575389947 0.05682842287694974 0.060433275563258226
9 0.07982668977469672 0.2020623916811092 0.04419410745233969 0.05412478336221837
9 0.5971750433275563 0.2638648180242634 0.06675909878682842 0.08570190641247834
12 0.11516464471403813 0.27031195840554595 0.13324090121317156 0.08185441941074523
12 0.24175043327556328 0.9132235701906412 0.1675043327556326 0.06757365684575391
12 0.2584055459272097 0.8223396880415945 0.07708838821490467 0.11421143847487003
9 0.09518197573656846 0.9446447140381281 0.12944540727902945 0.09422876949740035
9 0.5130155979202773 0.7124090121317158 0.08566724436741768 0.02949740034662045
4 0.4065684575389948 0.5652859618717505 0.2008318890814558 0.07296360485268631
12 0.13790294627383015 0.4161005199306759 0.10859618717504332 0.08648180242634315
12 0.23110918544194106 0.35410745233968804 0.07398613518197573 0.06246100519930676
11 0.18447140381282495 0.30859618717504333 0.1410051993067591 0.11157712305025996
11 0.2739688041594454 0.3862391681109186 0.17989601386481802 0.11424610051993069
11 0.45649913344887344 0.3693414211438475 0.137157712305026 0.08795493934142114
11 0.6504852686308492 0.614471403812825 0.20492201039861352 0.11287694974003465
11 0.10525129982668976 0.6655459272097053 0.21051993067590988 0.11746967071057192
11 0.08024263431542461 0.7764124783362218 0.16050259965337954 0.1315424610051993
11 0.47864818024263434 0.7784748700173311 0.16398613518197575 0.09948006932409012
11 0.21003466204506066 0.5242114384748701 0.1921317157712305 0.0874523396880416