14 0.5 0.5 1 1
2 0.5875 0.6856481481481481 0.1175925925925926 0.08611111111111111
2 0.45416666666666666 0.40185185185185185 0.05925925925925926 0.07777777777777778
2 0.47685185185185186 0.34814814814814815 0.06388888888888888 0.06018518518518518
2 0.4861111111111111 0.4736111111111111 0.05 0.053703703703703705
2 0.625462962962963 0.43194444444444446 0.04351851851851852 0.053703703703703705
2 0.5787037037037037 0.2712962962962963 0.05925925925925926 0.04259259259259259
2 0.21666666666666667 0.33055555555555555 0.03888888888888889 0.04814814814814815
4 0.2777777777777778 0.562037037037037 0.17592592592592593 0.1574074074074074
4 0.44583333333333336 0.6013888888888889 0.12685185185185185 0.12777777777777777
4 0.34444444444444444 0.29444444444444445 0.13796296296296295 0.14351851851851852
4 0.43148148148148147 0.2388888888888889 0.14074074074074075 0.18888888888888888
4 0.2212962962962963 0.3907407407407407 0.1037037037037037 0.09814814814814815
4 0.6851851851851852 0.31666666666666665 0.13796296296296295 0.1259259259259259
4 0.5722222222222222 0.38935185185185184 0.0962962962962963 0.08055555555555556