14 0.4683611111111111 0.5 0.9367222222222222 1
12 0.3987685185185185 0.5181388888888889 0.14282407407407408 0.09174074074074073
12 0.2366574074074074 0.429 0.0834074074074074 0.07401851851851851
12 0.2543796296296296 0.3456018518518518 0.08131481481481481 0.06567592592592593
12 0.4055462962962963 0.26584259259259263 0.07298148148148148 0.07298148148148148
12 0.1271851851851852 0.19964814814814816 0.08131481481481481 0.06776851851851852
12 0.1642037037037037 0.4696666666666667 0.061509259259259264 0.09278703703703703
12 0.08287962962962964 0.6270833333333333 0.05316666666666667 0.061509259259259264
12 0.12771296296296297 0.6401203703703704 0.03440740740740741 0.06046296296296296
12 0.2851296296296296 0.6682685185185185 0.06776851851851852 0.11885185185185186
12 0.26480555555555557 0.5165740740740741 0.07714814814814815 0.06985185185185185
12 0.49520370370370376 0.6422037037037037 0.08549074074074074 0.056296296296296296
12 0.5577592592592593 0.5327407407407407 0.08757407407407407 0.08965740740740741
12 0.5019814814814815 0.7402037037037037 0.05734259259259259 0.1397037037037037
12 0.23123148148148148 0.6719166666666666 0.03919444444444444 0.08652777777777779
12 0.12303703703703703 0.7325648148148147 0.06198148148148148 0.09642592592592593
12 0.35782407407407407 0.8139537037037038 0.059481481481481475 0.04257407407407407
12 0.27768518518518515 0.8709351851851852 0.059481481481481475 0.0638611111111111
12 0.42662962962962964 0.44446296296296295 0.06971296296296296 0.05457407407407407
12 0.5441574074074075 0.4117685185185185 0.05620370370370371 0.057277777777777775
12 0.4495925925925926 0.39366666666666666 0.0724074074074074 0.04485185185185185
12 0.27218518518518514 0.18517592592592594 0.07694444444444444 0.06974999999999999
12 0.3584814814814815 0.1441851851851852 0.046740740740740735 0.040990740740740744
12 0.4253611111111111 0.11218518518518518 0.08557407407407408 0.04314814814814815
12 0.7683796296296297 0.11002777777777778 0.07550925925925926 0.09924074074074074
10 0.7734074074074074 0.2217685185185185 0.0855 0.04809259259259259
10 0.8317037037037037 0.1758611111111111 0.031092592592592592 0.07578703703703703
10 0.6473425925925926 0.14039814814814813 0.04906481481481482 0.06703703703703705
10 0.6376203703703703 0.3653240740740741 0.13262962962962963 0.020407407407407405
10 0.4947962962962963 0.3884074074074074 0.08793518518518519 0.055870370370370376
10 0.7527962962962963 0.6703425925925927 0.034055555555555554 0.10575
10 0.7321851851851852 0.7711666666666667 0.07886111111111112 0.07079629629629629
10 0.1572777777777778 0.8258333333333333 0.10306481481481482 0.02599074074074074
10 0.02688888888888889 0.6461481481481481 0.04122222222222222 0.12367592592592593
10 0.45130555555555557 0.5769722222222222 0.07912037037037037 0.025833333333333333
10 0.36491666666666667 0.6550185185185184 0.03337037037037037 0.037675925925925925
10 0.2432777777777778 0.4868240740740741 0.029064814814814814 0.08773148148148148
10 0.06808333333333333 0.347962962962963 0.050055555555555555 0.10711111111111112
10 0.20237037037037037 0.2518888888888889 0.04844444444444444 0.037675925925925925
10 0.2879537037037037 0.28525925925925927 0.07212037037037038 0.05275