14 0.5 0.5 1 1
9 0.4217592592592593 0.48428835489833644 0.10092592592592593 0.12014787430683918
9 0.41435185185185186 0.25970425138632164 0.10740740740740741 0.07208872458410351
9 0.43842592592592594 0.7869685767097967 0.09814814814814815 0.08502772643253234
9 0.26342592592592595 0.5961182994454713 0.07222222222222222 0.09057301293900184
9 0.21898148148148147 0.9075785582255084 0.10277777777777777 0.13401109057301294
9 0.9532407407407407 0.7661737523105361 0.09351851851851851 0.1367837338262477
9 0.6995370370370371 0.8253234750462107 0.10740740740740741 0.11182994454713494
9 0.9287037037037037 0.2033271719038817 0.06944444444444445 0.11367837338262476
9 0.5703703703703704 0.04436229205175601 0.1 0.08872458410351201
9 0.45046296296296295 0.04990757855822551 0.10925925925925926 0.09519408502772643
10 0.7833333333333333 0.2356746765249538 0.062037037037037036 0.14602587800369685
10 0.8634259259259259 0.12846580406654343 0.16018518518518518 0.0711645101663586
10 0.30092592592592593 0.10813308687615526 0.11018518518518519 0.07393715341959335
10 0.500462962962963 0.23059149722735675 0.046296296296296294 0.08410351201478743
10 0.9384259259259259 0.444547134935305 0.12222222222222222 0.06007393715341959
10 0.8412037037037037 0.6451016635859519 0.07037037037037037 0.15157116451016636
10 0.8583333333333333 0.5032347504621072 0.075 0.09426987060998152
10 0.34675925925925927 0.8382624768946395 0.08888888888888889 0.04990757855822551
10 0.07453703703703704 0.5771719038817006 0.10555555555555556 0.133086876155268
10 0.0763888888888889 0.316543438077634 0.05185185185185185 0.09057301293900184
10 0.1625 0.3710720887245841 0.09537037037037037 0.06746765249537892
10 0.013888888888888888 0.3456561922365989 0.027777777777777776 0.08687615526802218
10 0.04814814814814815 0.2121072088724584 0.0962962962962963 0.08595194085027727