14 0.5 0.5181481481481481 1 0.6348148148148148
13 0.9305555555555556 0.5681481481481482 0.06851851851851852 0.07185185185185185
13 0.7888888888888889 0.45185185185185184 0.06666666666666667 0.04962962962962963
13 0.7824074074074074 0.5025925925925926 0.08148148148148149 0.05555555555555555
13 0.7287037037037037 0.5259259259259259 0.09351851851851851 0.0637037037037037
13 0.6393518518518518 0.48518518518518516 0.09351851851851851 0.04888888888888889
13 0.5583333333333333 0.5866666666666667 0.08796296296296297 0.08518518518518518
13 0.5925925925925926 0.5318518518518518 0.0962962962962963 0.03185185185185185
13 0.5972222222222222 0.5022222222222222 0.07962962962962963 0.03259259259259259
13 0.08981481481481482 0.5466666666666666 0.10092592592592593 0.05851851851851852
13 0.19583333333333333 0.5296296296296297 0.11296296296296296 0.04666666666666667
13 0.2601851851851852 0.5574074074074075 0.09814814814814815 0.07333333333333333
13 0.3087962962962963 0.4766666666666667 0.11203703703703703 0.04888888888888889
13 0.4212962962962963 0.47555555555555556 0.0962962962962963 0.03851851851851852
13 0.14953703703703702 0.4603703703703704 0.1037037037037037 0.04962962962962963
13 0.14444444444444443 0.4203703703703704 0.12685185185185185 0.0362962962962963
12 0.7555555555555555 0.6548148148148148 0.058333333333333334 0.05555555555555555
12 0.2675925925925926 0.7307407407407407 0.05925925925925926 0.07851851851851852
12 0.34814814814814815 0.5940740740740741 0.08425925925925926 0.04296296296296296
12 0.33611111111111114 0.5077777777777778 0.08518518518518518 0.035555555555555556
12 0.5310185185185186 0.5118518518518519 0.06388888888888888 0.03037037037037037
12 0.6962962962962963 0.5374074074074074 0.07407407407407407 0.024444444444444446
7 0.7666666666666667 0.30962962962962964 0.0787037037037037 0.04814814814814815
7 0.7032407407407407 0.27444444444444444 0.026851851851851852 0.03185185185185185
7 0.6912037037037037 0.3025925925925926 0.04537037037037037 0.027407407407407408
7 0.6875 0.3296296296296296 0.06296296296296296 0.028888888888888888
7 0.7236111111111111 0.36703703703703705 0.04259259259259259 0.03777777777777778
7 0.7462962962962963 0.3977777777777778 0.07407407407407407 0.05185185185185185
7 0.5523148148148148 0.337037037037037 0.08611111111111111 0.0437037037037037
7 0.5805555555555556 0.24222222222222223 0.07685185185185185 0.028888888888888888
7 0.5231481481481481 0.2811111111111111 0.08888888888888889 0.03851851851851852
7 0.43657407407407406 0.2859259259259259 0.08611111111111111 0.04