14 0.5 0.5181481481481481 1 0.7251851851851852
13 0.9388888888888889 0.5011111111111111 0.0787037037037037 0.07777777777777778
13 0.7717592592592593 0.4088888888888889 0.07314814814814814 0.05555555555555555
13 0.7777777777777778 0.4596296296296296 0.08888888888888889 0.06296296296296296
13 0.7310185185185185 0.49037037037037035 0.10185185185185185 0.07185185185185185
13 0.6328703703703704 0.46444444444444444 0.1 0.05703703703703704
13 0.5782407407407407 0.5762962962962963 0.09907407407407408 0.09259259259259259
13 0.5981481481481481 0.5170370370370371 0.1 0.040740740740740744
13 0.5958333333333333 0.4874074074074074 0.08333333333333333 0.04
13 0.1087962962962963 0.6085185185185186 0.10740740740740741 0.0674074074074074
13 0.20833333333333334 0.5755555555555556 0.11851851851851852 0.05703703703703704
13 0.27824074074074073 0.5929629629629629 0.10833333333333334 0.08148148148148149
13 0.30694444444444446 0.5062962962962962 0.1175925925925926 0.05925925925925926
13 0.4166666666666667 0.48814814814814816 0.1 0.047407407407407405
13 0.14675925925925926 0.5144444444444445 0.11018518518518519 0.05925925925925926
13 0.13194444444444445 0.4762962962962963 0.13055555555555556 0.04814814814814815
12 0.7875 0.6129629629629629 0.06574074074074074 0.06074074074074074
12 0.32685185185185184 0.7618518518518519 0.06944444444444445 0.08296296296296296
12 0.3731481481481482 0.6155555555555555 0.08888888888888889 0.05037037037037037
12 0.34074074074074073 0.532962962962963 0.08981481481481482 0.0437037037037037
12 0.5333333333333333 0.5066666666666667 0.06759259259259259 0.0362962962962963
12 0.7018518518518518 0.5066666666666667 0.07685185185185185 0.03111111111111111
7 0.7162037037037037 0.2725925925925926 0.08518518518518518 0.054814814814814816
7 0.6458333333333334 0.2477777777777778 0.03148148148148148 0.034074074074074076
7 0.6402777777777777 0.277037037037037 0.049074074074074076 0.03111111111111111
7 0.6435185185185185 0.30407407407407405 0.06666666666666667 0.03481481481481481
7 0.687962962962963 0.33555555555555555 0.04722222222222222 0.040740740740740744
7 0.7175925925925926 0.3622222222222222 0.08148148148148149 0.057777777777777775
7 0.5125 0.3322222222222222 0.09166666666666666 0.05185185185185185
7 0.5175925925925926 0.23444444444444446 0.08055555555555556 0.035555555555555556
7 0.4708333333333333 0.2814814814814815 0.09259259259259259 0.04666666666666667
7 0.387037037037037 0.29962962962962963 0.09074074074074075 0.04814814814814815