14 0.5 0.5 1 1
2 0.575462962962963 0.4310185185185185 0.1675925925925926 0.09722222222222222
2 0.774074074074074 0.36435185185185187 0.15833333333333333 0.1287037037037037
2 0.33935185185185185 0.20555555555555555 0.1175925925925926 0.11388888888888889
2 0.2574074074074074 0.2851851851851852 0.12685185185185185 0.1175925925925926
4 0.5217592592592593 0.2791666666666667 0.20462962962962963 0.09259259259259259
4 0.2439814814814815 0.3958333333333333 0.09907407407407408 0.07685185185185185
4 0.5078703703703704 0.5175925925925926 0.20555555555555555 0.16944444444444445
4 0.37777777777777777 0.6481481481481481 0.11851851851851852 0.07962962962962963
4 0.6990740740740741 0.6152777777777778 0.07962962962962963 0.09722222222222222
4 0.6472222222222223 0.33564814814814814 0.09166666666666666 0.11388888888888889
4 0.7180555555555556 0.5319444444444444 0.08055555555555556 0.09907407407407408