14 0.4834629629629629 0.4471027027027027 0.8161388888888889 0.7613945945945946
11 0.5768240740740741 0.5800972972972973 0.1420833333333333 0.1398054054054054
11 0.6894166666666667 0.4997621621621621 0.13850925925925925 0.13563243243243242
11 0.7090740740740741 0.3709081081081081 0.12242592592592592 0.12207567567567568
11 0.5710092592592593 0.4350702702702703 0.13582407407407407 0.1252
11 0.5906759259259259 0.3505621621621621 0.11437962962962964 0.07929729729729729
11 0.5902222222222223 0.27491891891891895 0.10455555555555555 0.07198918918918919
11 0.6898888888888889 0.24161081081081082 0.12015740740740742 0.11724324324324324
11 0.4349166666666667 0.1770918918918919 0.12311111111111112 0.09113513513513513
11 0.2908796296296296 0.21232432432432433 0.12311111111111112 0.08267027027027027
11 0.24380555555555555 0.38753513513513516 0.13839814814814816 0.1287135135135135
11 0.2530648148148148 0.5528864864864865 0.14725 0.1381081081081081
11 0.4272685185185185 0.5787243243243244 0.06275925925925926 0.13528648648648647
11 0.4570462962962963 0.600335135135135 0.09816666666666667 0.176627027027027
11 0.4560740740740741 0.43888648648648654 0.09458333333333334 0.1440756756756757
11 0.37807407407407406 0.37700540540540545 0.12991666666666668 0.1244
11 0.4120462962962963 0.28116756756756756 0.10437037037037036 0.10662702702702702
11 0.2962592592592592 0.2881513513513514 0.1272037037037037 0.06854054054054054
11 0.4966481481481481 0.24715675675675677 0.09075000000000001 0.0672
11 0.4705462962962963 0.3161945945945946 0.11562962962962962 0.09236756756756756