14 0.5 0.4959166666666667 1 0.7635648148148148
2 0.5257592592592593 0.7037962962962964 0.10546296296296297 0.056388888888888884
2 0.48660185185185184 0.39262037037037034 0.03967592592592593 0.06891666666666667
2 0.5249074074074074 0.34835185185185186 0.05157407407407408 0.04602777777777778
2 0.4951481481481481 0.47055555555555556 0.038092592592592595 0.04443518518518519
2 0.6403611111111112 0.4741203703703703 0.030157407407407407 0.046814814814814816
2 0.6455185185185185 0.30669444444444444 0.05316666666666667 0.02776851851851852
2 0.28288888888888886 0.2511481481481482 0.02776851851851852 0.042055555555555554
4 0.26939814814814816 0.4903888888888889 0.14679629629629629 0.11744444444444445
4 0.41738888888888886 0.5796574074074073 0.09998148148148149 0.10236111111111111
4 0.4157962962962963 0.25630555555555556 0.10791666666666666 0.11585185185185186
4 0.5153888888888889 0.23051851851851854 0.09284259259259259 0.1690185185185185
4 0.2686018518518518 0.3098703703703704 0.0849074074074074 0.07537962962962963
4 0.7328055555555555 0.38287037037037036 0.11347222222222222 0.09601851851851852
4 0.6030648148148148 0.4169907407407408 0.08252777777777777 0.05792592592592593