14 0.5 0.49537037037037035 1 0.9833333333333333
2 0.5740740740740741 0.6916666666666667 0.11574074074074074 0.08055555555555556
2 0.46111111111111114 0.3990740740740741 0.05555555555555555 0.07592592592592592
2 0.4875 0.34675925925925927 0.06111111111111111 0.05740740740740741
2 0.487962962962963 0.4726851851851852 0.04722222222222222 0.05185185185185185
2 0.6300925925925925 0.44074074074074077 0.040740740740740744 0.05277777777777778
2 0.5944444444444444 0.2773148148148148 0.058333333333333334 0.03981481481481482
2 0.22916666666666666 0.3111111111111111 0.037037037037037035 0.04722222222222222
4 0.2740740740740741 0.5462962962962963 0.17037037037037037 0.14907407407407408
4 0.4388888888888889 0.5972222222222222 0.12129629629629629 0.12314814814814815
4 0.3592592592592593 0.28379629629629627 0.13240740740740742 0.13796296296296295
4 0.449537037037037 0.23472222222222222 0.13148148148148148 0.18611111111111112
4 0.22962962962962963 0.3712962962962963 0.10092592592592593 0.09351851851851851
4 0.6976851851851852 0.3300925925925926 0.13333333333333333 0.12037037037037036
4 0.5800925925925926 0.39444444444444443 0.09444444444444444 0.07685185185185185