14 0.5 0.6882685185185186 1 0.6234537037037038
9 0.2605925925925926 0.8279074074074074 0.043666666666666666 0.05000925925925926
9 0.10916666666666668 0.6888055555555556 0.054935185185185184 0.04085185185185185
9 0.07289814814814816 0.5486481481481481 0.03028703703703704 0.03239814814814815
9 0.09860185185185184 0.5704814814814815 0.03521296296296297 0.022537037037037036
9 0.19755555555555557 0.5986574074074074 0.04296296296296296 0.02535185185185185
9 0.19298148148148148 0.6335185185185186 0.03944444444444445 0.03028703703703704
9 0.36412037037037037 0.5141388888888889 0.07747222222222222 0.029583333333333333
9 0.3560277777777778 0.47082407407407406 0.03450925925925926 0.024648148148148148
9 0.2123425925925926 0.4528611111111111 0.023240740740740742 0.018314814814814815
9 0.4137777777777778 0.40462037037037035 0.033101851851851855 0.017611111111111112
9 0.6433796296296297 0.4394814814814815 0.035916666666666666 0.02112962962962963
9 0.8194537037037037 0.4908981481481481 0.026055555555555557 0.019722222222222224
9 0.8345925925925926 0.541962962962963 0.029583333333333333 0.016194444444444442
9 0.715925925925926 0.5877407407407408 0.035916666666666666 0.035916666666666666
9 0.6208425925925926 0.6986666666666667 0.04437037037037037 0.03521296296296297
9 0.6560555555555555 0.6757777777777778 0.024648148148148148 0.03450925925925926
9 0.740925925925926 0.6532407407407408 0.043666666666666666 0.02887962962962963
9 0.7793055555555556 0.609925925925926 0.04859259259259259 0.022537037037037036
9 0.8180462962962963 0.6250648148148149 0.026055555555555557 0.03732407407407408
9 0.9035185185185185 0.7151296296296297 0.048740740740740744 0.03749074074074074
9 0.5754814814814815 0.732 0.02999074074074074 0.04124074074074074
9 0.6110925925925926 0.8744629629629629 0.05623148148148148 0.04124074074074074
9 0.39378703703703705 0.7403148148148148 0.0315 0.030129629629629628
15 0.6239166666666667 0.47641666666666665 0.06962037037037037 0.05132407407407407
15 0.7752037037037037 0.5799537037037037 0.08212037037037037 0.03704629629629629
15 0.7325833333333334 0.7091574074074074 0.1521851851851852 0.09639814814814815
15 0.4848981481481482 0.7394999999999999 0.15307407407407406 0.09461111111111112
15 0.6223518518518518 0.7801111111111111 0.09774074074074074 0.06694444444444445
15 0.5058703703703704 0.692861111111111 0.11112962962962962 0.05846296296296297
15 0.13346296296296295 0.5953333333333334 0.06305555555555555 0.06936111111111111
15 0.2574722222222222 0.5808888888888889 0.04203703703703703 0.05937962962962962
15 0.30187037037037034 0.6153055555555556 0.08564814814814815 0.054648148148148154
15 0.2401296296296296 0.49339814814814814 0.16078703703703703 0.04203703703703703
15 0.15422222222222223 0.47237962962962965 0.04571296296296296 0.03467592592592593
15 0.39908333333333335 0.5115277777777778 0.09931481481481481 0.057277777777777775
15 0.4503148148148148 0.44978703703703704 0.09248148148148148 0.03887962962962963
15 0.5254537037037037 0.45766666666666667 0.043083333333333335 0.02942592592592593
15 0.6935925925925926 0.5180925925925925 0.06305555555555555 0.03573148148148148