14 0.5 0.6101851851851852 1 0.7796296296296297
9 0.16666666666666666 0.7319444444444444 0.05740740740740741 0.06111111111111111
9 0.06898148148148148 0.5513888888888889 0.06574074074074074 0.05648148148148148
9 0.08055555555555556 0.40694444444444444 0.03981481481481482 0.040740740740740744
9 0.09768518518518518 0.4361111111111111 0.040740740740740744 0.032407407407407406
9 0.18194444444444444 0.4949074074074074 0.049074074074074076 0.03796296296296296
9 0.16620370370370371 0.5263888888888889 0.04722222222222222 0.041666666666666664
9 0.36712962962962964 0.4689814814814815 0.08333333333333333 0.053703703703703705
9 0.3731481481481482 0.425462962962963 0.040740740740740744 0.03518518518518519
9 0.24351851851851852 0.36157407407407405 0.027777777777777776 0.025
9 0.449537037037037 0.3819444444444444 0.037037037037037035 0.027777777777777776
9 0.6550925925925926 0.48935185185185187 0.040740740740740744 0.03148148148148148
9 0.8050925925925926 0.5953703703703703 0.030555555555555555 0.026851851851851852
9 0.8027777777777778 0.6486111111111111 0.03333333333333333 0.025
9 0.6754629629629629 0.6532407407407408 0.046296296296296294 0.046296296296296294
9 0.549537037037037 0.7273148148148149 0.05277777777777778 0.04722222222222222
9 0.5902777777777778 0.7171296296296297 0.03518518518518519 0.040740740740740744
9 0.6777777777777778 0.7231481481481481 0.05092592592592592 0.041666666666666664
9 0.7282407407407407 0.6949074074074074 0.053703703703703705 0.037037037037037035
9 0.7601851851851852 0.7217592592592592 0.037037037037037035 0.04351851851851852
9 0.8115740740740741 0.8347222222222223 0.058333333333333334 0.05185185185185185
9 0.49583333333333335 0.7439814814814815 0.04259259259259259 0.049074074074074076
9 0.48333333333333334 0.8902777777777777 0.06666666666666667 0.05740740740740741
9 0.3212962962962963 0.6925925925925925 0.03981481481481482 0.03888888888888889
15 0.625 0.5180555555555556 0.0824074074074074 0.0712962962962963
15 0.7342592592592593 0.6652777777777777 0.08981481481481482 0.062037037037037036
15 0.6518518518518519 0.7736111111111111 0.175 0.14074074074074075
15 0.4078703703703704 0.7217592592592592 0.175 0.1388888888888889
15 0.524537037037037 0.8046296296296296 0.11481481481481481 0.09537037037037037
15 0.4425925925925926 0.6842592592592592 0.12407407407407407 0.09166666666666666
15 0.12222222222222222 0.4708333333333333 0.08148148148148149 0.08518518518518518
15 0.24444444444444444 0.4976851851851852 0.05925925925925926 0.06944444444444445
15 0.275 0.5444444444444444 0.09814814814814815 0.07962962962962963
15 0.2564814814814815 0.40925925925925927 0.16574074074074074 0.09259259259259259
15 0.18194444444444444 0.3611111111111111 0.05462962962962963 0.04814814814814815
15 0.4009259259259259 0.47824074074074074 0.11296296296296296 0.08611111111111111
15 0.46944444444444444 0.43657407407407406 0.1 0.06666666666666667
15 0.537962962962963 0.46805555555555556 0.05092592592592592 0.041666666666666664
15 0.6773148148148148 0.5800925925925926 0.0712962962962963 0.05462962962962963