14 0.5 0.5 1 1
12 0.4078703703703704 0.5453703703703704 0.16203703703703703 0.12777777777777777
12 0.2273148148148148 0.5041666666666667 0.10092592592592593 0.09444444444444444
12 0.2212962962962963 0.41944444444444445 0.0962962962962963 0.08518518518518518
12 0.34444444444444444 0.30092592592592593 0.08981481481481482 0.08981481481481482
12 0.0587962962962963 0.3138888888888889 0.09722222222222222 0.08703703703703704
12 0.16898148148148148 0.5634259259259259 0.08518518518518518 0.10648148148148148
12 0.13425925925925927 0.737037037037037 0.06759259259259259 0.07314814814814814
12 0.18055555555555555 0.7375 0.05 0.06759259259259259
12 0.3398148148148148 0.7208333333333333 0.09814814814814815 0.13240740740740742
12 0.27870370370370373 0.5805555555555556 0.09351851851851851 0.08888888888888889
12 0.5347222222222222 0.637962962962963 0.09722222222222222 0.07777777777777778
12 0.5643518518518519 0.5157407407407407 0.10925925925925926 0.11018518518518519
12 0.5680555555555555 0.7305555555555555 0.09351851851851851 0.15
12 0.28888888888888886 0.7393518518518518 0.06111111111111111 0.09351851851851851
12 0.20185185185185187 0.8273148148148148 0.08611111111111111 0.10925925925925926
12 0.45 0.8412037037037037 0.06944444444444445 0.05740740740740741
12 0.38842592592592595 0.9180555555555555 0.075 0.07777777777777778
12 0.41435185185185186 0.4666666666666667 0.08148148148148149 0.0712962962962963
12 0.5180555555555556 0.40324074074074073 0.07037037037037037 0.07037037037037037
12 0.4222222222222222 0.4115740740740741 0.0824074074074074 0.06296296296296296
12 0.19444444444444445 0.2601851851851852 0.09351851851851851 0.08888888888888889
12 0.2657407407407407 0.19675925925925927 0.05555555555555555 0.05185185185185185
12 0.3212962962962963 0.1476851851851852 0.09444444444444444 0.06481481481481481
12 0.65 0.05462962962962963 0.1 0.10925925925925926
10 0.6861111111111111 0.1574074074074074 0.09537037037037037 0.06944444444444445
10 0.7296296296296296 0.09675925925925925 0.05092592592592592 0.08148148148148149
10 0.5425925925925926 0.11388888888888889 0.06574074074074074 0.0787037037037037
10 0.5953703703703703 0.33240740740740743 0.13333333333333333 0.05648148148148148
10 0.46435185185185185 0.3939814814814815 0.1 0.0787037037037037
10 0.7898148148148149 0.5939814814814814 0.06111111111111111 0.1111111111111111
10 0.7981481481481482 0.6967592592592593 0.09537037037037037 0.08981481481481482
10 0.2601851851851852 0.9078703703703703 0.10648148148148148 0.053703703703703705
10 0.08564814814814815 0.7708333333333334 0.07314814814814814 0.13055555555555556
10 0.47453703703703703 0.5875 0.08333333333333333 0.046296296296296294
10 0.412962962962963 0.6861111111111111 0.04259259259259259 0.04537037037037037
10 0.24953703703703703 0.5578703703703703 0.05185185185185185 0.09259259259259259
10 0.043055555555555555 0.4726851851851852 0.0787037037037037 0.1175925925925926
10 0.14537037037037037 0.3435185185185185 0.05740740740740741 0.049074074074074076
10 0.23703703703703705 0.35185185185185186 0.08425925925925926 0.07037037037037037