14 0.5425925925925926 0.5462962962962963 0.9148148148148149 0.8981481481481481
11 0.8407407407407408 0.6212962962962963 0.1527777777777778 0.13240740740740742
11 0.7782407407407408 0.4912037037037037 0.1388888888888889 0.1175925925925926
11 0.8347222222222223 0.3990740740740741 0.12777777777777777 0.1037037037037037
11 0.6972222222222222 0.3 0.10925925925925926 0.08333333333333333
11 0.5675925925925925 0.2625 0.10833333333333334 0.08425925925925926
11 0.49212962962962964 0.324537037037037 0.10462962962962963 0.07962962962962963
11 0.3509259259259259 0.35 0.1111111111111111 0.08888888888888889
11 0.3037037037037037 0.41435185185185186 0.11666666666666667 0.09444444444444444
11 0.4532407407407407 0.4837962962962963 0.11944444444444445 0.10277777777777777
11 0.5513888888888889 0.4444444444444444 0.12222222222222222 0.11018518518518519
11 0.6277777777777778 0.38055555555555554 0.11296296296296296 0.09351851851851851
11 0.6212962962962963 0.549074074074074 0.13703703703703704 0.12685185185185185
11 0.4777777777777778 0.6060185185185185 0.14166666666666666 0.11944444444444445
11 0.3435185185185185 0.600462962962963 0.15 0.11481481481481481
11 0.5796296296296296 0.6875 0.16018518518518518 0.1425925925925926
15 0.6226851851851852 0.3375 0.05185185185185185 0.03981481481481482
15 0.7087962962962963 0.37175925925925923 0.05 0.03981481481481482
15 0.687962962962963 0.3476851851851852 0.05092592592592592 0.037037037037037035
15 0.7333333333333333 0.5592592592592592 0.05 0.05648148148148148
15 0.22268518518518518 0.4689814814814815 0.062037037037037036 0.05925925925925926
12 0.29259259259259257 0.5236111111111111 0.07222222222222222 0.05648148148148148
12 0.5763888888888888 0.6148148148148148 0.05555555555555555 0.05462962962962963
12 0.6282407407407408 0.6106481481481482 0.062037037037037036 0.04722222222222222
12 0.7175925925925926 0.6388888888888888 0.05555555555555555 0.07037037037037037
12 0.750462962962963 0.6078703703703704 0.04537037037037037 0.049074074074074076
12 0.6958333333333333 0.5671296296296297 0.044444444444444446 0.040740740740740744
12 0.6351851851851852 0.42314814814814816 0.04351851851851852 0.04537037037037037
12 0.5407407407407407 0.35 0.05555555555555555 0.04537037037037037