14 0.5 0.49923148148148144 1 0.668212962962963
15 0.5323888888888889 0.693212962962963 0.14260185185185184 0.12041666666666667
15 0.4971296296296296 0.6179537037037037 0.11487962962962962 0.09189814814814815
15 0.2555 0.5034722222222222 0.12437962962962965 0.07525925925925926
15 0.3870092592592593 0.47375925925925927 0.13705555555555557 0.08873148148148148
15 0.16835185185185184 0.42068518518518516 0.11170370370370371 0.08398148148148149
15 0.20519444444444446 0.34423148148148147 0.12675925925925927 0.06734259259259259
15 0.28125 0.25272222222222224 0.1014074074074074 0.03010185185185185
15 0.3687870370370371 0.2285648148148148 0.05625 0.07050925925925926
15 0.5232777777777777 0.19528703703703704 0.09269444444444444 0.048324074074074075
15 0.468212962962963 0.2555 0.04753703703703704 0.03248148148148148
15 0.6341944444444444 0.3628425925925926 0.0515 0.04912037037037037
15 0.7985833333333333 0.4555370370370371 0.07605555555555556 0.08238888888888889
15 0.6888518518518519 0.5355555555555556 0.14339814814814816 0.1473611111111111