14 0.5041666666666667 0.4861111111111111 0.9916666666666667 0.7666666666666667
0 0.5157407407407407 0.3972222222222222 0.2351851851851852 0.1935185185185185
9 0.600925925925926 0.600462962962963 0.05925925925925926 0.05648148148148148
9 0.5175925925925926 0.5472222222222223 0.06296296296296296 0.05092592592592592
9 0.2759259259259259 0.3925925925925926 0.05185185185185185 0.04814814814814815
9 0.7689814814814815 0.36157407407407405 0.049074074074074076 0.040740740740740744
9 0.8032407407407407 0.4152777777777778 0.05740740740740741 0.040740740740740744
9 0.7555555555555555 0.46944444444444444 0.046296296296296294 0.05092592592592592
9 0.8134259259259259 0.5930555555555556 0.05462962962962963 0.04537037037037037
9 0.7236111111111111 0.562037037037037 0.04259259259259259 0.04814814814814815
9 0.7569444444444444 0.5731481481481482 0.026851851851851852 0.040740740740740744
9 0.4046296296296296 0.5314814814814814 0.046296296296296294 0.05462962962962963
9 0.22407407407407406 0.3509259259259259 0.040740740740740744 0.05185185185185185
9 0.35509259259259257 0.30925925925925923 0.053703703703703705 0.03148148148148148
9 0.6611111111111111 0.19722222222222222 0.03796296296296296 0.03888888888888889