14 0.5 0.4986111111111111 1 0.7361111111111112
15 0.5458333333333333 0.6902777777777778 0.15092592592592594 0.12962962962962962
15 0.5055555555555555 0.6180555555555556 0.12129629629629629 0.09907407407407408
15 0.2564814814814815 0.5203703703703704 0.1287037037037037 0.08333333333333333
15 0.38564814814814813 0.48148148148148145 0.1425925925925926 0.09814814814814815
15 0.16342592592592592 0.4439814814814815 0.11666666666666667 0.09166666666666666
15 0.19490740740740742 0.36527777777777776 0.13148148148148148 0.07592592592592592
15 0.26435185185185184 0.26851851851851855 0.1037037037037037 0.037037037037037035
15 0.35 0.23842592592592593 0.06111111111111111 0.07407407407407407
15 0.5018518518518519 0.19444444444444445 0.09537037037037037 0.05462962962962963
15 0.4513888888888889 0.25833333333333336 0.049074074074074076 0.03518518518518519
15 0.6240740740740741 0.3537037037037037 0.05462962962962963 0.05277777777777778
15 0.7949074074074074 0.43472222222222223 0.0824074074074074 0.08796296296296297
15 0.6907407407407408 0.5222222222222223 0.1527777777777778 0.15648148148148147