14 0.49907407407407406 0.49407407407407405 0.8833333333333333 0.7274074074074074
2 0.7779722222222223 0.4296814814814815 0.07860185185185185 0.06693333333333333
2 0.8178425925925926 0.5220370370370371 0.05183333333333333 0.11751111111111111
2 0.555212962962963 0.32262962962962966 0.05340740740740741 0.08691851851851852
2 0.30568518518518517 0.47547407407407405 0.15284259259259259 0.05524444444444444
2 0.3204166666666667 0.6857703703703704 0.055240740740740736 0.10312592592592593
2 0.5519907407407407 0.6603629629629629 0.05432407407407407 0.08912592592592591
2 0.5819074074074074 0.4600074074074074 0.07365740740740741 0.061140740740740745
2 0.38431481481481483 0.42314074074074076 0.08626851851851852 0.048222222222222215
4 0.3276296296296296 0.27225925925925926 0.0799074074074074 0.051140740740740744
4 0.32151851851851854 0.3572444444444444 0.07897222222222222 0.04512592592592593
4 0.28955555555555557 0.4213333333333333 0.10152777777777779 0.05296296296296296
4 0.504175925925926 0.43560740740740744 0.053509259259259256 0.0730962962962963
4 0.4757777777777778 0.29402962962962964 0.06585185185185186 0.1047037037037037
4 0.5856666666666667 0.28217777777777775 0.06174074074074075 0.05465925925925926
4 0.6395833333333333 0.33057777777777775 0.07573148148148148 0.055318518518518524
4 0.6766296296296296 0.39971851851851853 0.08561111111111111 0.055318518518518524
4 0.6593425925925926 0.48697777777777773 0.08231481481481483 0.05070370370370371
4 0.34325 0.5646814814814816 0.06255555555555556 0.0651925925925926
4 0.2378888888888889 0.5692888888888888 0.05268518518518518 0.04807407407407408
4 0.5165277777777778 0.6144000000000001 0.056796296296296296 0.04214814814814815
4 0.6519351851851852 0.5989259259259259 0.11688888888888889 0.07836296296296297
4 0.6272407407407407 0.6970444444444445 0.08396296296296298 0.04543703703703704
4 0.4819537037037037 0.7200888888888889 0.07325925925925926 0.06782962962962963