14 0.5 0.49212962962962964 1 0.9138888888888889
0 0.5467592592592593 0.40694444444444444 0.25925925925925924 0.22685185185185186
9 0.5648148148148148 0.6268518518518519 0.06666666666666667 0.06481481481481481
9 0.5023148148148148 0.5504629629629629 0.06944444444444445 0.06018518518518518
9 0.3199074074074074 0.3287037037037037 0.058333333333333334 0.05555555555555555
9 0.7986111111111112 0.4513888888888889 0.05462962962962963 0.04814814814814815
9 0.8143518518518519 0.512962962962963 0.06296296296296296 0.049074074074074076
9 0.7527777777777778 0.55 0.053703703703703705 0.05740740740740741
9 0.7694444444444445 0.6851851851851852 0.06018518518518518 0.05277777777777778
9 0.6935185185185185 0.6277777777777778 0.05 0.053703703703703705
9 0.7217592592592592 0.649074074074074 0.032407407407407406 0.04351851851851852
9 0.399537037037037 0.500462962962963 0.053703703703703705 0.06018518518518518
9 0.28379629629629627 0.27314814814814814 0.04814814814814815 0.05648148148148148
9 0.4212962962962963 0.2740740740740741 0.05740740740740741 0.03981481481481482
9 0.7467592592592592 0.262037037037037 0.04259259259259259 0.044444444444444446