14 0.5 0.49907407407407406 1 0.9444444444444444
15 0.47129629629629627 0.6939814814814815 0.17314814814814813 0.15833333333333333
15 0.46064814814814814 0.6111111111111112 0.13796296296296295 0.12314814814814815
15 0.2662037037037037 0.42777777777777776 0.14166666666666666 0.11018518518518519
15 0.40046296296296297 0.44027777777777777 0.1574074074074074 0.12685185185185185
15 0.20925925925925926 0.32222222222222224 0.13148148148148148 0.11481481481481481
15 0.2675925925925926 0.26064814814814813 0.14166666666666666 0.1037037037037037
15 0.3685185185185185 0.19722222222222222 0.10555555555555556 0.06018518518518518
15 0.45925925925925926 0.2013888888888889 0.075 0.08425925925925926
15 0.6162037037037037 0.2175925925925926 0.10277777777777777 0.07407407407407407
15 0.5453703703703704 0.25787037037037036 0.05462962962962963 0.04537037037037037
15 0.6699074074074074 0.4111111111111111 0.06481481481481481 0.06296296296296296
15 0.7976851851851852 0.55 0.09814814814814815 0.10185185185185185
15 0.6685185185185185 0.5921296296296297 0.1814814814814815 0.18425925925925926