14 0.5208333333333334 0.48534259259259255 0.9583333333333334 0.9305555555555556
15 0.7277314814814815 0.47712037037037036 0.08675 0.09060185185185185
15 0.8438796296296296 0.5373611111111112 0.1012037037037037 0.07807407407407407
15 0.8231574074074074 0.606287037037037 0.1175925925925926 0.057833333333333334
15 0.5874907407407407 0.6448425925925926 0.10891666666666666 0.09446296296296296
15 0.522425925925926 0.7426759259259259 0.08482407407407408 0.09927777777777777
15 0.4078611111111111 0.6857962962962962 0.07731481481481481 0.04666666666666667
15 0.25322222222222224 0.7379444444444445 0.05901851851851852 0.06313888888888888
15 0.21744444444444444 0.5185462962962962 0.0730462962962963 0.10107407407407407
15 0.3219166666666667 0.24335185185185185 0.04926851851851852 0.03142592592592593
15 0.5457314814814814 0.23400925925925925 0.08069444444444444 0.0637037037037037
15 0.571212962962963 0.4433796296296296 0.053509259259259256 0.07475
15 0.6731388888888888 0.3694814814814815 0.04671296296296296 0.08324074074074074
15 0.6731388888888888 0.24419444444444446 0.055212962962962964 0.09087962962962963
15 0.7279259259259259 0.24547222222222223 0.0526574074074074 0.07984259259259259
13 0.2870925925925926 0.5109074074074074 0.11212037037037037 0.10617592592592592
13 0.30960185185185185 0.6735648148148149 0.10787037037037037 0.10192592592592592
13 0.39496296296296296 0.8094629629629629 0.10192592592592592 0.10532407407407407
13 0.5291666666666667 0.6306666666666667 0.09512962962962962 0.09767592592592592
13 0.7686944444444445 0.6637962962962963 0.09852777777777777 0.09427777777777777
13 0.7325925925925927 0.5792777777777778 0.08409259259259258 0.07135185185185186
13 0.8340925925925926 0.4378611111111111 0.09343518518518518 0.11975925925925926
13 0.524074074074074 0.4871203703703704 0.08153703703703703 0.08749074074074073
13 0.6434074074074074 0.5138796296296296 0.08238888888888889 0.07984259259259259
13 0.6709166666666667 0.4389166666666666 0.08607407407407407 0.06897222222222221
13 0.6284351851851853 0.33712037037037035 0.08607407407407407 0.10262037037037038
13 0.46081481481481484 0.18012037037037038 0.0879537037037037 0.07418518518518519
13 0.40268518518518515 0.2971388888888889 0.1384351851851852 0.12161111111111111
13 0.29139814814814813 0.2994351851851852 0.08260185185185184 0.11396296296296296
4 0.41837037037037034 0.5934351851851851 0.07652777777777778 0.05803703703703704
4 0.6383981481481482 0.5733518518518519 0.10331481481481482 0.03953703703703704
4 0.5280648148148147 0.3826574074074074 0.05739814814814815 0.05867592592592592
4 0.2983796296296296 0.3823611111111111 0.06453703703703705 0.05215740740740741
4 0.20599074074074075 0.5799537037037037 0.07602777777777778 0.03536111111111111