14 0.5162037037037037 0.6103425925925926 0.9675925925925926 0.7793148148148148
2 0.5263981481481481 0.47706481481481483 0.1550462962962963 0.14528703703703702
4 0.4925740740740741 0.6254351851851853 0.16828703703703704 0.0836574074074074
4 0.6465462962962962 0.45433333333333337 0.08450925925925926 0.12937962962962962
4 0.6811203703703704 0.6774907407407408 0.17283333333333334 0.13989814814814816
4 0.44025000000000003 0.7501574074074073 0.15093518518518517 0.16761111111111113
4 0.2511203703703703 0.6221666666666668 0.1490925925925926 0.10411111111111111
4 0.32157407407407407 0.45828703703703705 0.08040740740740741 0.08005555555555555
4 0.323712962962963 0.3955277777777778 0.11034259259259259 0.07968518518518519
4 0.5771111111111111 0.3179351851851852 0.13377777777777777 0.12874074074074074
4 0.7581666666666668 0.39993518518518517 0.13657407407407407 0.09596296296296296
4 0.7424259259259259 0.5122962962962962 0.12434259259259259 0.09184259259259259