14 0.4671296296296296 0.5445544554455446 0.8787037037037037 0.9108910891089109
15 0.375 0.6146864686468647 0.0962962962962963 0.15181518151815182
15 0.2796296296296296 0.4966996699669967 0.07962962962962963 0.14026402640264027
15 0.2759259259259259 0.3655115511551155 0.07037037037037037 0.11221122112211221
15 0.2023148148148148 0.29125412541254125 0.06851851851851852 0.10231023102310231
15 0.26666666666666666 0.24422442244224424 0.03981481481481482 0.06435643564356436
15 0.3236111111111111 0.2235973597359736 0.041666666666666664 0.06105610561056106
15 0.40324074074074073 0.2367986798679868 0.053703703703703705 0.07095709570957096
15 0.4648148148148148 0.2632013201320132 0.05925925925925926 0.10396039603960396
15 0.37777777777777777 0.3102310231023102 0.03796296296296296 0.06105610561056106
15 0.37083333333333335 0.38366336633663367 0.05277777777777778 0.07425742574257425
15 0.4615740740740741 0.4265676567656766 0.05648148148148148 0.08250825082508251
15 0.4305555555555556 0.4975247524752475 0.062037037037037036 0.10066006600660066
15 0.4898148148148148 0.3358085808580858 0.03518518518518519 0.06105610561056106
15 0.5574074074074075 0.4075907590759076 0.06481481481481481 0.09405940594059406
15 0.5944444444444444 0.33003300330033003 0.046296296296296294 0.06765676567656766
15 0.600462962962963 0.504950495049505 0.06666666666666667 0.09735973597359736
15 0.5587962962962963 0.6023102310231023 0.062037037037037036 0.09405940594059406
15 0.5902777777777778 0.7194719471947195 0.07592592592592592 0.1485148514851485
15 0.7138888888888889 0.6039603960396039 0.075 0.11056105610561057
15 0.7134259259259259 0.49587458745874585 0.06944444444444445 0.10231023102310231
15 0.6782407407407407 0.42326732673267325 0.049074074074074076 0.06930693069306931
2 0.6773148148148148 0.46204620462046203 0.05462962962962963 0.07425742574257425
2 0.7199074074074074 0.6806930693069307 0.05 0.132013201320132
2 0.6412037037037037 0.5379537953795379 0.05185185185185185 0.11221122112211221
2 0.524537037037037 0.46864686468646866 0.03888888888888889 0.0462046204620462
2 0.47638888888888886 0.3811881188118812 0.10185185185185185 0.08085808580858085
2 0.33564814814814814 0.5115511551155115 0.07222222222222222 0.10396039603960396
2 0.25925925925925924 0.2863036303630363 0.05740740740740741 0.10891089108910891
2 0.2851851851851852 0.23102310231023102 0.044444444444444446 0.07425742574257425
2 0.4337962962962963 0.2566006600660066 0.03518518518518519 0.054455445544554455
2 0.4185185185185185 0.2978547854785479 0.04351851851851852 0.057755775577557754
2 0.5087962962962963 0.29207920792079206 0.03148148148148148 0.03135313531353135
2 0.5421296296296296 0.33003300330033003 0.05740740740740741 0.041254125412541254
4 0.5069444444444444 0.5429042904290429 0.05462962962962963 0.08415841584158416
4 0.47453703703703703 0.6047854785478548 0.041666666666666664 0.07425742574257425
4 0.31574074074074077 0.30445544554455445 0.04537037037037037 0.0462046204620462
4 0.5310185185185186 0.349009900990099 0.03611111111111111 0.036303630363036306
4 0.6365740740740741 0.4282178217821782 0.03981481481481482 0.07095709570957096
4 0.5921296296296297 0.3976897689768977 0.02962962962962963 0.041254125412541254
4 0.6226851851851852 0.6006600660066007 0.06666666666666667 0.08745874587458746
4 0.6615740740740741 0.7202970297029703 0.06111111111111111 0.09405940594059406
4 0.4324074074074074 0.6501650165016502 0.03611111111111111 0.06930693069306931
4 0.5101851851851852 0.7070957095709571 0.07592592592592592 0.07920792079207921