14 0.32640740740740737 0.42431396786155745 0.6466388888888889 0.8368726823238566
14 0.8606666666666667 0.7192583436341162 0.2786574074074074 0.5614833127317677
5 0.4416851851851852 0.7236093943139679 0.07032407407407408 0.08987639060568603
5 0.16365740740740742 0.5858467243510507 0.09891666666666667 0.11101359703337454
5 0.33299074074074075 0.752459826946848 0.07778703703703704 0.10520395550061805
5 0.49284259259259255 0.4086402966625463 0.09855555555555555 0.09563658838071694
5 0.4727777777777778 0.5664276885043263 0.08752777777777777 0.10747836835599506
5 0.2668425925925926 0.34446229913473425 0.07248148148148148 0.09442521631644005
5 0.14667592592592593 0.37978986402966625 0.07289814814814816 0.1226946847960445
5 0.07987037037037037 0.23348578491965388 0.06362037037037037 0.0949690976514215
5 0.2509722222222222 0.12368355995055624 0.09364814814814815 0.10493201483312732
5 0.37884259259259256 0.16372064276885043 0.042527777777777775 0.08610630407911
5 0.46880555555555553 0.20169344870210135 0.06371296296296297 0.08788627935723115
10 0.3105 0.2611495673671199 0.06455555555555556 0.07260815822002473
10 0.15483333333333332 0.25556242274412855 0.07598148148148148 0.12147095179233622
10 0.1932037037037037 0.15872682323856613 0.0786388888888889 0.15027194066749072
10 0.05562037037037037 0.44749072929542644 0.06273148148148149 0.1027070457354759
10 0.11382407407407408 0.4377750309023486 0.04687037037037037 0.058553770086526576
10 0.1960648148148148 0.43453646477132263 0.07643518518518519 0.06974042027194068
10 0.15813888888888888 0.6882941903584673 0.06407407407407407 0.07573547589616811
10 0.3526111111111111 0.5988009888751545 0.04560185185185185 0.08746600741656367
10 0.31401851851851853 0.6703337453646476 0.034574074074074077 0.050407911001236094
10 0.3874444444444444 0.4784054388133498 0.04649074074074074 0.07622991347342398
10 0.41191666666666665 0.5357972805933251 0.05047222222222222 0.06742892459826946
10 0.49415740740740743 0.5028306551297899 0.032407407407407406 0.043856613102595796
10 0.5298796296296296 0.5181334981458591 0.03506481481481481 0.05328800988875154
10 0.5237037037037037 0.6090976514215081 0.038592592592592595 0.062163164400494436
10 0.5856574074074073 0.1881458590852905 0.054037037037037036 0.06080346106304079
10 0.35018518518518515 0.17725587144622992 0.05398148148148148 0.07786155747836836
10 0.29506481481481484 0.07069221260815822 0.04426851851851852 0.09077873918417799
10 0.36187037037037034 0.08159456118665019 0.04825 0.09489493201483312
4 0.37443518518518515 0.3003090234857849 0.04958333333333333 0.11913473423980223
4 0.2734537037037037 0.4469097651421508 0.05396296296296296 0.09447466007416565
4 0.38369444444444445 0.6662051915945613 0.05751851851851852 0.07749072929542646
4 0.24237037037037037 0.6818170580964154 0.0737962962962963 0.10516687268232386
4 0.5938148148148149 0.2749938195302843 0.0465462962962963 0.061421508034610627
4 0.5102592592592593 0.17902348578491967 0.035500000000000004 0.07433868974042027
4 0.056935185185185186 0.33444993819530283 0.060083333333333336 0.08852904820766379
10 0.44741666666666663 0.29588380716934487 0.05003703703703704 0.06437577255871446
5 0.5265740740740741 0.293831891223733 0.0628425925925926 0.07085290482076638
5 0.5662037037037037 0.5146971569839308 0.053564814814814815 0.12074165636588381
5 0.5621851851851851 0.4224227441285538 0.051305555555555556 0.07812113720642769
5 0.4471851851851852 0.08025957972805935 0.049416666666666664 0.09571075401730532
5 0.5046296296296297 0.1069221260815822 0.044453703703703704 0.07678615574783683
5 0.28875 0.548751545117429 0.11722222222222221 0.16046971569839308