4 0.3982685185185185 0.6621223354958294 0.15591666666666665 0.10409638554216867
4 0.4853981481481482 0.5834105653382762 0.2839074074074074 0.08048192771084338
4 0.6195833333333333 0.6879796107506951 0.1204074074074074 0.05031510658016682
4 0.786787037037037 0.5600278035217794 0.09236111111111112 0.06406858202038924
4 0.7720092592592592 0.48439295644114916 0.07051851851851852 0.04036144578313253
4 0.20419444444444446 0.4272752548656163 0.10197222222222221 0.08211306765523632
4 0.24905555555555559 0.3043280815569972 0.10684259259259259 0.04206672845227062
4 0.40430555555555553 0.25213160333642265 0.05747222222222222 0.09835032437442076
4 0.5446574074074074 0.26265060240963856 0.11193518518518518 0.09250231696014828
4 0.4856574074074074 0.43743280815569974 0.13534259259259257 0.08443002780352177
2 0.3780925925925926 0.36695088044485635 0.07700925925925926 0.07726598702502317
2 0.3508425925925926 0.5053660797034291 0.13562037037037036 0.098758109360519
2 0.6698333333333333 0.4815477293790547 0.08981481481481482 0.07230769230769231
2 0.774962962962963 0.6382020389249305 0.09956481481481481 0.08199258572752549
2 0.7612129629629629 0.32335495829471733 0.05921296296296297 0.08012048192771085
2 0.6621203703703704 0.272808155699722 0.0949537037037037 0.09481927710843374
2 0.4603425925925926 0.3161538461538462 0.056435185185185185 0.07601482854494902
2 0.962851851851852 0.4396200185356812 0.07430555555555556 0.06564411492122335
14 0.5 0.5046802594995365 1 0.8458480074142725