14 0.4742407407407407 0.5692409240924092 0.8222777777777778 0.6715511551155116
15 0.3894814814814815 0.6553795379537954 0.08486111111111112 0.12508250825082506
15 0.28332407407407406 0.5716336633663367 0.06802777777777777 0.11892739273927391
15 0.26583333333333337 0.4444719471947195 0.06185185185185185 0.09198019801980198
15 0.18524074074074073 0.39617161716171617 0.06114814814814815 0.0833993399339934
15 0.24337037037037035 0.32801980198019803 0.03543518518518519 0.053415841584158415
15 0.29721296296296296 0.2888943894389439 0.03613888888888889 0.04851485148514851
15 0.3766203703703704 0.2742244224422442 0.04884259259259259 0.05584158415841585
15 0.4402407407407407 0.2791089108910891 0.05057407407407407 0.08762376237623763
15 0.3596388888888889 0.3555280528052805 0.033407407407407406 0.04975247524752475
15 0.36066666666666664 0.4300990099009901 0.04781481481481482 0.05957095709570957
15 0.45464814814814813 0.4411056105610561 0.05057407407407407 0.06691419141914191
15 0.43166666666666664 0.5208910891089109 0.054 0.08344884488448845
15 0.47230555555555553 0.3420792079207921 0.030342592592592595 0.05219471947194719
15 0.5465648148148148 0.3894554455445544 0.057462962962962966 0.07727722772277228
15 0.5745185185185185 0.3014191419141914 0.04134259259259259 0.05523102310231023
15 0.599037037037037 0.4707590759075907 0.059527777777777784 0.07854785478547854
15 0.5686851851851852 0.5801815181518152 0.054379629629629625 0.07735973597359737
15 0.6122407407407408 0.68503300330033 0.06330555555555556 0.1293729372937294
15 0.7213055555555555 0.5291419141914192 0.06744444444444445 0.08896039603960396
15 0.7091296296296297 0.4233828382838284 0.061611111111111116 0.0828052805280528
15 0.6669444444444445 0.36438943894389436 0.043083333333333335 0.05648514851485148
2 0.670037037037037 0.4022937293729373 0.04925925925925926 0.05894389438943894
2 0.7353703703703705 0.6021947194719472 0.037953703703703705 0.1213861386138614
2 0.642425925925926 0.48909240924092406 0.04136111111111111 0.10056105610561056
2 0.5206666666666667 0.4612706270627062 0.03652777777777778 0.03391089108910891
2 0.46425 0.3915841584158416 0.09860185185185184 0.04854785478547855
2 0.3400925925925926 0.5670462046204621 0.06426851851851852 0.08407590759075909
2 0.24079629629629629 0.37173267326732673 0.04881481481481481 0.09316831683168317
2 0.2603425925925926 0.30876237623762376 0.03852777777777778 0.06257425742574257
2 0.40885185185185186 0.2833828382838284 0.031018518518518518 0.044834983498349835
2 0.3985648148148148 0.32953795379537953 0.03925 0.045462046204620465
2 0.48637037037037034 0.29316831683168315 0.029666666666666668 0.020396039603960397
2 0.5232407407407408 0.31853135313531356 0.05608333333333333 0.02344884488448845
4 0.5112314814814815 0.5398349834983498 0.04853703703703704 0.07001650165016501
4 0.4861944444444445 0.6116666666666667 0.03549074074074074 0.06331683168316832
4 0.29825 0.37110561056105607 0.042305555555555555 0.03326732673267327
4 0.5143240740740741 0.34115511551155114 0.03412962962962963 0.024686468646864686
4 0.6263055555555556 0.38303630363036306 0.03381481481481482 0.06077557755775577
4 0.5793148148148148 0.36805280528052803 0.02625925925925926 0.03448844884488449
4 0.6311111111111112 0.556947194719472 0.05987962962962963 0.06757425742574258
4 0.6823796296296296 0.6608745874587459 0.05337962962962963 0.0773927392739274
4 0.44966666666666666 0.6706600660066007 0.030342592592592595 0.06028052805280528
4 0.5319907407407407 0.6996864686468647 0.07151851851851851 0.05602310231023103