14 0.5 0.4861111111111111 1 0.9722222222222222
4 0.2300925925925926 0.5324074074074074 0.09537037037037037 0.09722222222222222
4 0.3592592592592593 0.5722222222222222 0.12777777777777777 0.12962962962962962
4 0.4064814814814815 0.5148148148148148 0.1361111111111111 0.14166666666666666
4 0.4726851851851852 0.43194444444444446 0.13240740740740742 0.1175925925925926
4 0.5504629629629629 0.5407407407407407 0.13518518518518519 0.10277777777777777
4 0.7134259259259259 0.43842592592592594 0.1175925925925926 0.11388888888888889
4 0.5689814814814815 0.4462962962962963 0.11944444444444445 0.1037037037037037
4 0.4587962962962963 0.34120370370370373 0.08425925925925926 0.07037037037037037
4 0.39444444444444443 0.24953703703703703 0.10740740740740741 0.09907407407407408
4 0.4652777777777778 0.19722222222222222 0.07407407407407407 0.08055555555555556
4 0.5287037037037037 0.20694444444444443 0.07592592592592592 0.07037037037037037
4 0.6111111111111112 0.1962962962962963 0.07592592592592592 0.06944444444444445
4 0.2796296296296296 0.3263888888888889 0.09814814814814815 0.10925925925925926
2 0.30648148148148147 0.25833333333333336 0.12222222222222222 0.1111111111111111
2 0.3814814814814815 0.3199074074074074 0.09907407407407408 0.0824074074074074
2 0.37824074074074077 0.36527777777777776 0.11481481481481481 0.08055555555555556
2 0.587037037037037 0.2884259259259259 0.1 0.10740740740740741
2 0.5652777777777778 0.36157407407407405 0.09537037037037037 0.07685185185185185
2 0.6837962962962963 0.5263888888888889 0.11296296296296296 0.16018518518518518