14 0.5115740740740741 0.48055555555555557 0.9425925925925925 0.8814814814814815
4 0.2462962962962963 0.40185185185185185 0.08518518518518518 0.08796296296296297
4 0.3416666666666667 0.4976851851851852 0.11481481481481481 0.1175925925925926
4 0.4101851851851852 0.4689814814814815 0.12129629629629629 0.1287037037037037
4 0.5078703703703704 0.4273148148148148 0.12222222222222222 0.10185185185185185
4 0.5259259259259259 0.5597222222222222 0.1287037037037037 0.08518518518518518
4 0.7171296296296297 0.5458333333333333 0.10648148148148148 0.10185185185185185
4 0.5861111111111111 0.48518518518518516 0.1111111111111111 0.08981481481481482
4 0.538425925925926 0.34074074074074073 0.0787037037037037 0.06018518518518518
4 0.524074074074074 0.22916666666666666 0.09814814814814815 0.08796296296296297
4 0.611574074074074 0.2162037037037037 0.06481481481481481 0.07407407407407407
4 0.662962962962963 0.2550925925925926 0.06944444444444445 0.062037037037037036
4 0.7407407407407407 0.28379629629629627 0.06944444444444445 0.06111111111111111
4 0.387037037037037 0.24351851851851852 0.08611111111111111 0.1
2 0.4425925925925926 0.19583333333333333 0.11296296296296296 0.09722222222222222
2 0.47962962962962963 0.2851851851851852 0.09259259259259259 0.0712962962962963
2 0.45601851851851855 0.3236111111111111 0.1111111111111111 0.06481481481481481
2 0.6759259259259259 0.3541666666666667 0.08796296296296297 0.09907407407407408
2 0.6226851851851852 0.4083333333333333 0.08981481481481482 0.06481481481481481
2 0.649537037037037 0.6097222222222223 0.09166666666666666 0.15462962962962962