14 0.5 0.5 1 1
11 0.2255586592178771 0.26955307262569833 0.12011173184357542 0.10893854748603352
11 0.19483240223463688 0.33868715083798884 0.11871508379888268 0.10195530726256984
11 0.11033519553072625 0.36033519553072624 0.10614525139664804 0.10335195530726257
11 0.14455307262569833 0.454608938547486 0.10893854748603352 0.10335195530726257
11 0.18156424581005587 0.4615921787709497 0.09497206703910614 0.10195530726256984
11 0.07891061452513966 0.5516759776536313 0.11173184357541899 0.10195530726256984
11 0.12918994413407822 0.7108938547486033 0.11592178770949721 0.11871508379888268
11 0.1808659217877095 0.8114525139664804 0.11731843575418995 0.11871508379888268
11 0.263268156424581 0.8261173184357542 0.11033519553072625 0.12011173184357542
11 0.35893854748603354 0.8966480446927374 0.12011173184357542 0.12150837988826815
11 0.45879888268156427 0.8666201117318436 0.10893854748603352 0.10474860335195531
11 0.5865921787709497 0.9364525139664804 0.12290502793296089 0.12290502793296089
11 0.6438547486033519 0.8575418994413407 0.11731843575418995 0.11592178770949721
11 0.5349162011173184 0.7995810055865922 0.12011173184357542 0.11592178770949721
11 0.3819832402234637 0.7737430167597765 0.12011173184357542 0.10893854748603352
11 0.24162011173184358 0.6794692737430168 0.1270949720670391 0.12430167597765363
11 0.26187150837988826 0.7325418994413407 0.09497206703910614 0.1005586592178771
11 0.37011173184357543 0.6641061452513967 0.09916201117318436 0.10754189944134078
11 0.401536312849162 0.7199720670391061 0.09776536312849161 0.08519553072625698
11 0.4504189944134078 0.7465083798882681 0.0670391061452514 0.09217877094972067
11 0.6375698324022346 0.7129888268156425 0.10754189944134078 0.11731843575418995
11 0.715782122905028 0.6927374301675978 0.10335195530726257 0.10335195530726257
11 0.7465083798882681 0.7493016759776536 0.11033519553072625 0.10195530726256984
11 0.7625698324022346 0.6089385474860335 0.10893854748603352 0.09916201117318436
11 0.8421787709497207 0.6529329608938548 0.10754189944134078 0.1005586592178771
11 0.9141061452513967 0.5062849162011173 0.11173184357541899 0.1005586592178771
11 0.7939944134078212 0.5418994413407822 0.10335195530726257 0.08798882681564246
11 0.8107541899441341 0.4657821229050279 0.11312849162011174 0.10754189944134078
11 0.7227653631284916 0.48463687150837986 0.09916201117318436 0.09636871508379888
11 0.6955307262569832 0.5579608938547486 0.11033519553072625 0.10195530726256984
11 0.6138268156424581 0.6180167597765364 0.11173184357541899 0.09916201117318436
11 0.4622905027932961 0.6319832402234636 0.12150837988826815 0.12150837988826815
11 0.441340782122905 0.539804469273743 0.10614525139664804 0.09916201117318436
11 0.4175977653631285 0.4825418994413408 0.11731843575418995 0.11033519553072625
11 0.31843575418994413 0.4727653631284916 0.09916201117318436 0.10335195530726257
11 0.25488826815642457 0.4106145251396648 0.10893854748603352 0.09916201117318436
11 0.22625698324022347 0.5670391061452514 0.11312849162011174 0.11592178770949721
11 0.32891061452513964 0.5635474860335196 0.12430167597765363 0.09636871508379888
11 0.3268156424581006 0.348463687150838 0.11871508379888268 0.10893854748603352
11 0.2981843575418994 0.30726256983240224 0.0935754189944134 0.09078212290502793
11 0.3708100558659218 0.25488826815642457 0.11173184357541899 0.1005586592178771
11 0.42248603351955305 0.28701117318435754 0.08798882681564246 0.09497206703910614
11 0.4965083798882682 0.3009776536312849 0.09078212290502793 0.09497206703910614
11 0.4727653631284916 0.19553072625698323 0.07960893854748603 0.09217877094972067
11 0.505586592178771 0.2206703910614525 0.10335195530726257 0.09916201117318436
11 0.5942737430167597 0.3121508379888268 0.10195530726256984 0.10195530726256984
11 0.6222067039106145 0.20879888268156424 0.11312849162011174 0.11033519553072625
11 0.6990223463687151 0.27932960893854747 0.09217877094972067 0.10335195530726257
11 0.7395251396648045 0.2856145251396648 0.0893854748603352 0.10614525139664804
11 0.7835195530726257 0.3198324022346369 0.09497206703910614 0.10474860335195531
11 0.7430167597765364 0.43435754189944137 0.08379888268156424 0.08798882681564246
11 0.6571229050279329 0.433659217877095 0.10754189944134078 0.1005586592178771
11 0.5670391061452514 0.4581005586592179 0.1005586592178771 0.09217877094972067
11 0.5523743016759777 0.5090782122905028 0.10335195530726257 0.0935754189944134
11 0.4490223463687151 0.3854748603351955 0.11871508379888268 0.10754189944134078
11 0.5195530726256983 0.38058659217877094 0.11731843575418995 0.12569832402234637