14 0.5 0.41674047829938 1 0.7732506643046945
15 0.4810185185185185 0.6585473870682019 0.15833333333333333 0.1753764393268379
4 0.3365740740740741 0.14304694419840566 0.16203703703703703 0.08680248007085917
4 0.49398148148148147 0.22143489813994685 0.1361111111111111 0.07705934455270151
4 0.2972222222222222 0.23029229406554472 0.14814814814814814 0.07794508414526129
4 0.799537037037037 0.3618246235606732 0.1787037037037037 0.14260407440212577
4 0.7921296296296296 0.4977856510186005 0.2074074074074074 0.10186005314437556
4 0.5814814814814815 0.39016829052258634 0.1787037037037037 0.1195748449955713
4 0.3907407407407407 0.562444641275465 0.15555555555555556 0.15677590788308238
4 0.27314814814814814 0.4021257750221435 0.10277777777777777 0.18157661647475642
2 0.5805555555555556 0.204162976085031 0.07222222222222222 0.0566873339238264
2 0.6148148148148148 0.14127546501328608 0.06018518518518518 0.05845881310894597
2 0.4722222222222222 0.3148804251550044 0.1712962962962963 0.10097431355181577
2 0.6300925925925925 0.31399468556244464 0.125 0.10008857395925598
2 0.35509259259259257 0.41806908768821965 0.13240740740740742 0.1408325952170062
2 0.18935185185185185 0.43932683790965454 0.09074074074074075 0.1204605845881311
2 0.6222222222222222 0.48051372896368466 0.11296296296296296 0.08591674047829938
2 0.5189814814814815 0.4508414526129318 0.10185185185185185 0.08503100088573959