14 0.5037037037037037 0.41710363153232954 0.9925925925925926 0.7093091231178034
15 0.46974074074074074 0.6567316209034544 0.1464351851851852 0.16570416297608503
4 0.3629907407407407 0.1329406554472985 0.15699074074074076 0.07682905225863595
4 0.5141759259259259 0.22152347209920284 0.1315462962962963 0.0683436669619132
4 0.3172685185185185 0.21738706820194864 0.14352777777777778 0.0679273693534101
4 0.8090185185185186 0.3821789193976971 0.1692962962962963 0.1320637732506643
4 0.7916296296296297 0.5172984942426926 0.20140740740740742 0.08869796279893712
4 0.5892685185185185 0.3957307351638618 0.1713425925925926 0.1079716563330381
4 0.3863240740740741 0.5547741364038973 0.1451111111111111 0.14766164747564217
4 0.28087962962962965 0.387378210806023 0.08977777777777778 0.175925597874225
2 0.6020648148148149 0.21031886625332152 0.06814814814814814 0.0516651904340124
2 0.6406203703703703 0.15 0.056601851851851855 0.05489813994685562
2 0.4859166666666666 0.3136315323294951 0.16533333333333333 0.08983170947741365
2 0.6434537037037037 0.32303808680248003 0.11914814814814816 0.09217891939769707
2 0.3614907407407408 0.40840566873339235 0.12387962962962962 0.13227635075287866
2 0.19433333333333333 0.41875996457041625 0.08226851851851852 0.11563330380868025
2 0.6233055555555556 0.4887156775907883 0.10727777777777778 0.07883968113374669
2 0.5224629629629629 0.45223206377325065 0.09625925925925925 0.07856510186005315