2 0.475 0.25324074074074077 0.22037037037037038 0.20092592592592592
2 0.7444444444444445 0.25925925925925924 0.21296296296296297 0.2074074074074074
2 0.8138888888888889 0.4837962962962963 0.24166666666666667 0.2564814814814815
2 0.6546296296296297 0.5115740740740741 0.2111111111111111 0.2564814814814815
2 0.38333333333333336 0.5569444444444445 0.24351851851851852 0.21296296296296297
2 0.4097222222222222 0.7337962962962963 0.20555555555555555 0.14629629629629629
2 0.6486111111111111 0.825462962962963 0.27314814814814814 0.19074074074074074
2 0.8791666666666667 0.6194444444444445 0.21296296296296297 0.22685185185185186
2 0.9314814814814815 0.4356481481481482 0.13703703703703704 0.1527777777777778
11 0.4791666666666667 0.38842592592592595 0.18981481481481483 0.1398148148148148
11 0.49583333333333335 0.6796296296296296 0.14814814814814814 0.1814814814814815
11 0.7856481481481481 0.6893518518518519 0.20277777777777778 0.1824074074074074
11 0.5935185185185186 0.7162037037037037 0.13703703703703704 0.1925925925925926
11 0.8115740740740741 0.3402777777777778 0.20833333333333334 0.18425925925925926
14 0.5310185185185186 0.5 0.937962962962963 1