2 0.4118796296296296 0.26822222222222225 0.18558333333333335 0.15848148148148147
2 0.6740277777777778 0.20416666666666666 0.1764351851851852 0.16697222222222224
2 0.7989259259259259 0.4031574074074074 0.19202777777777777 0.21367592592592594
2 0.6525648148148148 0.47128703703703706 0.15952777777777777 0.2230648148148148
2 0.40196296296296297 0.5851018518518518 0.20802777777777776 0.16446296296296298
2 0.47335185185185186 0.7491574074074074 0.18492592592592594 0.10161111111111111
2 0.7278518518518519 0.7756944444444445 0.24830555555555556 0.13090740740740742
2 0.8969814814814815 0.5173611111111112 0.17021296296296298 0.1889537037037037
2 0.9062592592592592 0.3249722222222223 0.1204537037037037 0.12560185185185185
11 0.4511574074074074 0.39742592592592596 0.1698148148148148 0.09927777777777777
11 0.5426666666666667 0.6745185185185185 0.1111574074074074 0.15847222222222224
11 0.824824074074074 0.6091759259259258 0.1720462962962963 0.14262037037037037
11 0.6461018518518519 0.6844444444444445 0.09502777777777778 0.1739166666666667
11 0.7597962962962963 0.26525925925925925 0.17669444444444446 0.1436851851851852
14 0.587037037037037 0.4973981481481482 0.8259166666666666 0.952712962962963