14 0.4638888888888889 0.514026402640264 0.8944444444444445 0.971947194719472
15 0.3699074074074074 0.5948844884488449 0.10092592592592593 0.1617161716171617
15 0.28055555555555556 0.46204620462046203 0.08425925925925926 0.1485148514851485
15 0.2833333333333333 0.3316831683168317 0.07314814814814814 0.1188118811881188
15 0.21342592592592594 0.24587458745874588 0.0712962962962963 0.10891089108910891
15 0.2800925925925926 0.20874587458745875 0.041666666666666664 0.06765676567656766
15 0.3375 0.1971947194719472 0.04259259259259259 0.066006600660066
15 0.4162037037037037 0.22277227722772278 0.05555555555555555 0.07755775577557755
15 0.47685185185185186 0.25825082508250824 0.062037037037037036 0.10891089108910891
15 0.3875 0.29207920792079206 0.03981481481481482 0.066006600660066
15 0.3768518518518518 0.36468646864686466 0.05462962962962963 0.08085808580858085
15 0.46574074074074073 0.4207920792079208 0.058333333333333334 0.0891089108910891
15 0.4310185185185185 0.4867986798679868 0.06481481481481481 0.10726072607260725
15 0.4976851851851852 0.334983498349835 0.037037037037037035 0.066006600660066
15 0.562037037037037 0.4166666666666667 0.06666666666666667 0.10231023102310231
15 0.6023148148148149 0.3457095709570957 0.04814814814814815 0.07260726072607261
15 0.5995370370370371 0.5206270627062707 0.06944444444444445 0.10561056105610561
15 0.5537037037037037 0.6105610561056105 0.06481481481481481 0.10066006600660066
15 0.5791666666666667 0.7326732673267327 0.08055555555555556 0.1551155115511551
15 0.7083333333333334 0.636963696369637 0.07777777777777778 0.1188118811881188
15 0.7129629629629629 0.5288778877887789 0.07222222222222222 0.11056105610561057
15 0.6814814814814815 0.4513201320132013 0.05 0.07590759075907591
2 0.6787037037037037 0.4892739273927393 0.05648148148148148 0.08085808580858085
2 0.7106481481481481 0.7136963696369637 0.05555555555555555 0.1353135313531353
2 0.638425925925926 0.5594059405940595 0.05555555555555555 0.11716171617161716
2 0.5259259259259259 0.47277227722772275 0.03981481481481482 0.05115511551155116
2 0.4824074074074074 0.3778877887788779 0.10277777777777777 0.09405940594059406
2 0.33611111111111114 0.485973597359736 0.07407407407407407 0.11221122112211221
2 0.2708333333333333 0.24917491749174916 0.06111111111111111 0.11386138613861387
2 0.29907407407407405 0.19884488448844884 0.04722222222222222 0.07920792079207921
2 0.44583333333333336 0.2466996699669967 0.03611111111111111 0.057755775577557754
2 0.4287037037037037 0.2863036303630363 0.04537037037037037 0.0627062706270627
2 0.5189814814814815 0.29455445544554454 0.03148148148148148 0.034653465346534656
2 0.5504629629629629 0.33663366336633666 0.05740740740740741 0.04950495049504951
4 0.5046296296296297 0.5437293729372937 0.05740740740740741 0.09075907590759076
4 0.46944444444444444 0.6006600660066007 0.04351851851851852 0.07920792079207921
4 0.32592592592592595 0.27722772277227725 0.046296296296296294 0.052805280528052806
4 0.538425925925926 0.35396039603960394 0.037037037037037035 0.041254125412541254
4 0.6393518518518518 0.44966996699669964 0.04259259259259259 0.07590759075907591
4 0.5967592592592592 0.41171617161716173 0.030555555555555555 0.04455445544554455
4 0.6171296296296296 0.6188118811881188 0.06851851851851852 0.09405940594059406
4 0.6504629629629629 0.7442244224422442 0.06388888888888888 0.10066006600660066
4 0.425 0.6394389438943895 0.03888888888888889 0.07425742574257425
4 0.5 0.7079207920792079 0.07685185185185185 0.0891089108910891