4 0.37175925925925923 0.6417979610750695 0.1712962962962963 0.12974976830398516
4 0.47129629629629627 0.5797034291010195 0.2935185185185185 0.12882298424467098
4 0.5851851851851851 0.705746061167748 0.12685185185185185 0.07043558850787766
4 0.7722222222222223 0.6088971269694161 0.10185185185185185 0.07877664504170528
4 0.7703703703703704 0.5319740500463392 0.07592592592592592 0.051899907321594066
4 0.2212962962962963 0.3767377201112141 0.11481481481481481 0.09823911028730306
4 0.28703703703703703 0.26367006487488415 0.11296296296296296 0.060240963855421686
4 0.4486111111111111 0.2391102873030584 0.07314814814814814 0.10658016682113068
4 0.5851851851851851 0.2738646895273401 0.1259259259259259 0.1102873030583874
4 0.49675925925925923 0.43605189990732157 0.14814814814814814 0.10750695088044486
2 0.40324074074074073 0.3480074142724745 0.08888888888888889 0.08989805375347544
2 0.3523148148148148 0.47914735866543096 0.15 0.12140871177015755
2 0.6703703703703704 0.5111214087117701 0.10092592592592593 0.0871177015755329
2 0.7467592592592592 0.6839666357738647 0.11296296296296296 0.09823911028730306
2 0.787962962962963 0.3716404077849861 0.07222222222222222 0.08897126969416126
2 0.6990740740740741 0.30444856348470806 0.10925925925925926 0.1102873030583874
2 0.4930555555555556 0.3118628359592215 0.06851851851851852 0.08433734939759036
2 0.962037037037037 0.5208526413345691 0.07592592592592592 0.0778498609823911
14 0.5 0.5004633920296571 1 0.9990732159406858