2 0.4449074074074074 0.25833333333333336 0.20555555555555555 0.1824074074074074
2 0.7134259259259259 0.23148148148148148 0.19722222222222222 0.19074074074074074
2 0.8097222222222222 0.44583333333333336 0.22037037037037038 0.2388888888888889
2 0.6550925925925926 0.4925925925925926 0.18888888888888888 0.24259259259259258
2 0.3912037037037037 0.5708333333333333 0.22870370370370371 0.19166666666666668
2 0.4388888888888889 0.7430555555555556 0.19722222222222222 0.12685185185185185
2 0.687037037037037 0.8046296296296296 0.2638888888888889 0.1638888888888889
2 0.8907407407407407 0.5722222222222222 0.19537037037037036 0.2111111111111111
2 0.9268518518518518 0.38333333333333336 0.13703703703703704 0.14166666666666666
11 0.46574074074074073 0.39166666666666666 0.1814814814814815 0.12129629629629629
11 0.5180555555555556 0.6787037037037037 0.13240740740740742 0.17222222222222222
11 0.8064814814814815 0.6532407407407408 0.19074074074074074 0.1648148148148148
11 0.6189814814814815 0.7027777777777777 0.11851851851851852 0.18518518518518517
11 0.7898148148148149 0.3037037037037037 0.19537037037037036 0.16666666666666666
14 0.5555555555555556 0.5 0.8888888888888888 1