14 0.5143617021276595 0.5 0.9712765957446808 1
0 0.4 0.21890862944162437 0.1723404255319149 0.23857868020304568
0 0.5558510638297872 0.11104060913705584 0.13404255319148936 0.15355329949238578
0 0.5303191489361702 0.2468274111675127 0.1372340425531915 0.16878172588832488
0 0.6393617021276595 0.2963197969543147 0.09574468085106383 0.13324873096446702
0 0.7143617021276596 0.13578680203045684 0.13936170212765958 0.12944162436548223
0 0.7425531914893617 0.23477157360406092 0.11914893617021277 0.10025380710659898
0 0.8329787234042553 0.3293147208121827 0.16276595744680852 0.17639593908629442
2 0.17819148936170212 0.4086294416243655 0.07872340425531915 0.08883248730964467
2 0.19361702127659575 0.49746192893401014 0.10106382978723404 0.10532994923857868
2 0.36329787234042554 0.6129441624365483 0.16914893617021276 0.1802030456852792
2 0.5617021276595745 0.5539340101522843 0.07446808510638298 0.09644670050761421
2 0.5595744680851064 0.6656091370558376 0.12659574468085105 0.10406091370558376
2 0.5212765957446809 0.7798223350253807 0.0797872340425532 0.06852791878172589
2 0.7095744680851064 0.6129441624365483 0.15 0.1281725888324873
2 0.750531914893617 0.7131979695431472 0.09361702127659574 0.07868020304568528
2 0.6936170212765957 0.7988578680203046 0.05638297872340425 0.08375634517766498
2 0.6239361702127659 0.4949238578680203 0.059574468085106386 0.07868020304568528
2 0.4452127659574468 0.4016497461928934 0.05638297872340425 0.04949238578680203