14 0.5 0.49333333333333335 1 0.9866666666666667
10 0.3522222222222222 0.1988888888888889 0.10666666666666667 0.09666666666666666
10 0.5105555555555555 0.24 0.15555555555555556 0.10777777777777778
10 0.6827777777777778 0.20055555555555554 0.12222222222222222 0.09
10 0.6755555555555556 0.30277777777777776 0.14444444444444443 0.11555555555555555
10 0.8705555555555555 0.38666666666666666 0.18777777777777777 0.10111111111111111
8 0.5922222222222222 0.41444444444444445 0.10111111111111111 0.09666666666666666
15 0.33944444444444444 0.49722222222222223 0.1322222222222222 0.15
15 0.7711111111111111 0.5655555555555556 0.16555555555555557 0.14444444444444443
2 0.23277777777777778 0.42055555555555557 0.1322222222222222 0.09888888888888889
2 0.3611111111111111 0.5688888888888889 0.10222222222222223 0.14333333333333334
2 0.6516666666666666 0.6055555555555555 0.14222222222222222 0.11666666666666667
15 0.535 0.09888888888888889 0.19 0.1111111111111111