14 0.5 0.4920888888888889 1 0.8588555555555556
10 0.31155555555555553 0.2222888888888889 0.09566666666666666 0.08532222222222223
10 0.47452222222222223 0.24101111111111112 0.14417777777777777 0.08807777777777777
10 0.6392222222222221 0.17783333333333334 0.11294444444444444 0.07442222222222222
10 0.6462444444444444 0.2800888888888889 0.13218888888888888 0.09863333333333332
10 0.8509111111111112 0.33599999999999997 0.17913333333333334 0.07693333333333333
8 0.5792444444444445 0.4023333333333334 0.09006666666666667 0.08475555555555556
15 0.3405888888888889 0.5195666666666667 0.11386666666666667 0.13543333333333332
15 0.7774 0.5271 0.15002222222222222 0.1245
2 0.22416666666666665 0.45866666666666667 0.12203333333333333 0.08298888888888889
2 0.3722333333333333 0.5875111111111111 0.08524444444444444 0.1326111111111111
2 0.6648888888888889 0.5835222222222222 0.1295888888888889 0.10037777777777779
15 0.47900000000000004 0.09776666666666665 0.17981111111111112 0.08634444444444443