14 0.5191489361702127 0.49682741116751267 0.9617021276595744 0.9936548223350253
0 0.38776595744680853 0.22588832487309646 0.16595744680851063 0.23477157360406092
0 0.5388297872340425 0.108502538071066 0.13085106382978723 0.1484771573604061
0 0.5191489361702127 0.24555837563451777 0.13297872340425532 0.1649746192893401
0 0.6303191489361702 0.2880710659898477 0.09148936170212765 0.13071065989847716
0 0.6978723404255319 0.12309644670050761 0.1372340425531915 0.12436548223350254
0 0.7308510638297873 0.2201776649746193 0.11808510638297873 0.09390862944162437
0 0.825 0.309010152284264 0.1595744680851064 0.1700507614213198
2 0.17446808510638298 0.4289340101522843 0.07765957446808511 0.08629441624365482
2 0.19414893617021275 0.516497461928934 0.09893617021276596 0.10025380710659898
2 0.3680851063829787 0.6211928934010152 0.16595744680851063 0.17258883248730963
2 0.5643617021276596 0.5501269035532995 0.07127659574468086 0.09390862944162437
2 0.5670212765957446 0.6618020304568528 0.125531914893617 0.09898477157360407
2 0.5335106382978724 0.7785532994923858 0.07872340425531915 0.06472081218274112
2 0.7143617021276596 0.5996192893401016 0.1478723404255319 0.1218274111675127
2 0.7595744680851064 0.6973350253807107 0.0925531914893617 0.07360406091370558
2 0.7063829787234043 0.7861675126903553 0.05425531914893617 0.08248730964467005
2 0.6234042553191489 0.4873096446700508 0.0574468085106383 0.07741116751269035
2 0.4409574468085106 0.40545685279187815 0.05531914893617021 0.046954314720812185