14 0.5 0.5 1 1
2 0.2912037037037037 0.6714123006833713 0.1574074074074074 0.1378132118451025
2 0.38842592592592595 0.4145785876993166 0.22962962962962963 0.18109339407744876
2 0.5324074074074074 0.2630979498861048 0.08888888888888889 0.1070615034168565
2 0.6046296296296296 0.32801822323462415 0.13796296296296295 0.10364464692482915
2 0.5337962962962963 0.5825740318906606 0.1638888888888889 0.22892938496583143
15 0.23287037037037037 0.4971526195899772 0.1259259259259259 0.1366742596810934
15 0.41203703703703703 0.27961275626423693 0.0787037037037037 0.1082004555808656
15 0.5953703703703703 0.22095671981776766 0.04814814814814815 0.07972665148063782
15 0.4861111111111111 0.26480637813211844 0.062037037037037036 0.06378132118451026
15 0.5027777777777778 0.3342824601366743 0.0787037037037037 0.09908883826879271
15 0.5662037037037037 0.5130979498861048 0.1398148148148148 0.18109339407744876
15 0.5986111111111111 0.6725512528473804 0.10555555555555556 0.14236902050113895
12 0.512962962962963 0.21127562642369022 0.05 0.06605922551252848
12 0.18518518518518517 0.36674259681093396 0.07314814814814814 0.08656036446469248
12 0.26666666666666666 0.6258542141230068 0.04351851851851852 0.05808656036446469
12 0.3425925925925926 0.708997722095672 0.07407407407407407 0.11503416856492027
12 0.43333333333333335 0.4772209567198178 0.058333333333333334 0.08314350797266515
12 0.6212962962962963 0.41970387243735763 0.10277777777777777 0.09453302961275627
12 0.6717592592592593 0.5683371298405467 0.07777777777777778 0.07517084282460136
12 0.7819444444444444 0.5273348519362187 0.08333333333333333 0.12186788154897495
12 0.6203703703703703 0.19988610478359908 0.07314814814814814 0.09453302961275627