14 0.5 0.4712696941612604 1 0.9406858202038925
2 0.23333333333333334 0.38322520852641334 0.22592592592592592 0.11492122335495829
2 0.19675925925925927 0.2159406858202039 0.05648148148148148 0.06302131603336422
2 0.46944444444444444 0.24050046339202966 0.10185185185185185 0.11492122335495829
2 0.2851851851851852 0.6116774791473587 0.2064814814814815 0.15755329008341057
4 0.4115740740740741 0.5120481927710844 0.2175925925925926 0.12140871177015755
4 0.2537037037037037 0.31047265987025024 0.19537037037037036 0.09267840593141798
4 0.6212962962962963 0.3572752548656163 0.13518518518518519 0.0871177015755329
4 0.7930555555555555 0.44810009267840595 0.2601851851851852 0.14087117701575533
4 0.6898148148148148 0.18628359592215013 0.17037037037037037 0.14272474513438368
2 0.7601851851851852 0.3155699721964782 0.225 0.082483781278962