14 0.5 0.5 1 1
2 0.5305555555555556 0.6980676328502415 0.12129629629629629 0.0966183574879227
2 0.42824074074074076 0.5668276972624798 0.14351851851851852 0.07648953301127215
2 0.35324074074074074 0.4524959742351047 0.09537037037037037 0.10789049919484701
2 0.2375 0.2826086956521739 0.20092592592592592 0.12560386473429952
2 0.5162037037037037 0.17552334943639292 0.14444444444444443 0.11352657004830918
2 0.7356481481481482 0.19484702093397746 0.15833333333333333 0.10386473429951691
2 0.7828703703703703 0.2942834138486312 0.10185185185185185 0.0821256038647343
2 0.7375 0.49114331723027377 0.17407407407407408 0.10305958132045089
2 0.7050925925925926 0.3788244766505636 0.07314814814814814 0.08051529790660225
2 0.3736111111111111 0.23389694041867956 0.09907407407407408 0.04669887278582931
2 0.2967592592592593 0.23711755233494364 0.06666666666666667 0.05958132045088567
4 0.28703703703703703 0.1706924315619968 0.175 0.07004830917874397
4 0.3763888888888889 0.29307568438003223 0.13240740740740742 0.06602254428341385
4 0.6069444444444444 0.4967793880837359 0.16666666666666666 0.11996779388083736
4 0.5152777777777777 0.6328502415458938 0.287962962962963 0.0853462157809984
4 0.6875 0.2721417069243156 0.0962962962962963 0.06280193236714976
4 0.6282407407407408 0.357487922705314 0.10462962962962963 0.08051529790660225
4 0.5296296296296297 0.23470209339774556 0.08148148148148149 0.057971014492753624
4 0.825925925925926 0.24154589371980675 0.09074074074074075 0.05636070853462158
4 0.7657407407407407 0.4255233494363929 0.10833333333333334 0.05475040257648953
4 0.874537037037037 0.3417874396135266 0.11388888888888889 0.071658615136876
4 0.762962962962963 0.5785024154589372 0.08888888888888889 0.057971014492753624
4 0.15648148148148147 0.49879227053140096 0.18055555555555555 0.18679549114331723