14 0.5296595744680851 0.44426395939086294 0.8529361702127659 0.8580583756345177
0 0.33574468085106385 0.2662817258883249 0.128031914893617 0.20378172588832488
0 0.45812765957446805 0.10873096446700509 0.10945744680851063 0.12072335025380711
0 0.46680851063829787 0.24737309644670052 0.10886170212765957 0.13741116751269036
0 0.5832872340425531 0.2569670050761421 0.07098936170212766 0.11294416243654823
0 0.6156808510638297 0.07706852791878172 0.12229787234042552 0.09130710659898478
0 0.667 0.16182741116751267 0.10823404255319148 0.06447969543147208
0 0.7765106382978723 0.2209263959390863 0.13574468085106384 0.13503807106598983
2 0.16967021276595745 0.5250126903553299 0.06522340425531915 0.06975888324873096
2 0.20647872340425533 0.604238578680203 0.08496808510638298 0.0782741116751269
2 0.3967872340425532 0.655736040609137 0.14238297872340425 0.13645939086294417
2 0.5724361702127659 0.5301395939086294 0.05677659574468085 0.07998730964467005
2 0.5977978723404255 0.6374619289340101 0.11497872340425531 0.06796954314720813
2 0.5888936170212765 0.7604187817258884 0.07173404255319149 0.04612944162436548
2 0.7283404255319149 0.5349111675126903 0.13514893617021279 0.08420050761421319
2 0.7916276595744681 0.6164720812182741 0.08517021276595745 0.05096446700507614
2 0.7581914893617022 0.7183502538071065 0.04073404255319149 0.07266497461928934
2 0.6172553191489362 0.45173857868020306 0.04614893617021277 0.06597715736040609
2 0.42336170212765956 0.42510152284263963 0.05 0.033312182741116754