14 0.4722222222222222 0.5 0.9444444444444444 1
2 0.26666666666666666 0.6138952164009112 0.14722222222222223 0.10592255125284739
2 0.40555555555555556 0.3878132118451025 0.21944444444444444 0.13211845102505695
2 0.5717592592592593 0.2767653758542141 0.07685185185185185 0.09339407744874716
2 0.6314814814814815 0.35876993166287013 0.13333333333333333 0.07289293849658314
2 0.5189814814814815 0.5894077448747153 0.1361111111111111 0.2061503416856492
15 0.23935185185185184 0.4288154897494305 0.11203703703703703 0.11503416856492027
15 0.45092592592592595 0.2619589977220957 0.06666666666666667 0.09567198177676538
15 0.6402777777777777 0.2517084282460137 0.03796296296296296 0.07403189066059225
15 0.5259259259259259 0.26651480637813213 0.05648148148148148 0.05239179954441914
15 0.5305555555555556 0.33826879271070615 0.06759259259259259 0.08656036446469248
15 0.5625 0.5296127562642369 0.11944444444444445 0.15945330296127563
15 0.5671296296296297 0.6941913439635535 0.08888888888888889 0.1264236902050114
12 0.5615740740740741 0.22095671981776766 0.04259259259259259 0.05922551252847381
12 0.21481481481481482 0.28929384965831434 0.06388888888888888 0.07403189066059225
12 0.25046296296296294 0.5637813211845103 0.03611111111111111 0.05125284738041002
12 0.3106481481481482 0.664009111617312 0.05925925925925926 0.10592255125284739
12 0.43842592592592594 0.46070615034168566 0.04814814814814815 0.07517084282460136
12 0.6319444444444444 0.4527334851936219 0.0962962962962963 0.07289293849658314
12 0.6564814814814814 0.6110478359908884 0.07222222222222222 0.05922551252847381
12 0.7712962962962963 0.5985193621867881 0.06851851851851852 0.11047835990888383
12 0.6680555555555555 0.23747152619589978 0.06296296296296296 0.08314350797266515