14 0.47717592592592595 0.5188703703703703 0.6848981481481482 0.684962962962963
8 0.28791666666666665 0.34312037037037035 0.05060185185185185 0.041490740740740745
8 0.3438796296296296 0.4039351851851852 0.035583333333333335 0.06419444444444444
8 0.4422129629629629 0.3991574074074074 0.07562962962962963 0.05134259259259259
8 0.40767592592592594 0.4760833333333333 0.027166666666666665 0.03786111111111111
8 0.33996296296296297 0.48600925925925925 0.039296296296296294 0.040407407407407406
8 0.27254629629629634 0.4884814814814814 0.03634259259259259 0.03546296296296296
8 0.4981388888888889 0.4534166666666667 0.03415740740740741 0.03705555555555556
8 0.5641944444444444 0.39540740740740743 0.08797222222222223 0.03972222222222222
8 0.56725 0.3504537037037037 0.029777777777777775 0.034722222222222224
8 0.4964444444444444 0.33624074074074073 0.028305555555555556 0.04338888888888889
8 0.5123148148148148 0.27955555555555556 0.06250925925925926 0.03635185185185185
8 0.24463888888888888 0.5626111111111111 0.0475 0.05595370370370371
8 0.35244444444444445 0.7738611111111111 0.039518518518518515 0.04075
8 0.4518425925925926 0.6493425925925925 0.04049074074074074 0.04066666666666667
8 0.5055462962962963 0.7077685185185185 0.0465 0.030574074074074076
8 0.6267407407407407 0.6487777777777778 0.05722222222222222 0.052861111111111116
8 0.5367500000000001 0.591824074074074 0.04675 0.039851851851851854
8 0.46417592592592594 0.5594814814814815 0.03478703703703704 0.030324074074074073
8 0.40249999999999997 0.5592777777777778 0.04192592592592593 0.028574074074074075
8 0.6724814814814815 0.45037962962962963 0.030314814814814815 0.03410185185185185
8 0.602962962962963 0.26284259259259257 0.029907407407407403 0.026435185185185187
15 0.41862037037037036 0.3118425925925926 0.03267592592592593 0.028953703703703704
15 0.41483333333333333 0.34240740740740744 0.02889814814814815 0.019203703703703702
7 0.6994166666666667 0.5604722222222221 0.051722222222222225 0.02999074074074074
7 0.7144907407407407 0.5982685185185185 0.033666666666666664 0.029962962962962962
7 0.5738518518518518 0.7088333333333333 0.051083333333333335 0.05136111111111111
7 0.3880462962962963 0.6585092592592593 0.04241666666666667 0.02662037037037037
7 0.3823240740740741 0.7077407407407408 0.03192592592592592 0.021111111111111112
7 0.7326851851851851 0.4539722222222222 0.02752777777777778 0.026824074074074073
7 0.28994444444444445 0.5609259259259259 0.03769444444444445 0.04762037037037037
7 0.24688888888888888 0.6233425925925926 0.05307407407407407 0.03712962962962963
7 0.5523981481481481 0.6525277777777778 0.055435185185185185 0.03143518518518519