14 0.5 0.49879227053140096 1 0.9798711755233495
2 0.5847222222222223 0.6855877616747182 0.11851851851851852 0.09339774557165861
2 0.44907407407407407 0.5801127214170693 0.14166666666666666 0.07326892109500806
2 0.34444444444444444 0.48470209339774556 0.09166666666666666 0.10547504025764895
2 0.18472222222222223 0.3446054750402576 0.19722222222222222 0.11996779388083736
2 0.425462962962963 0.1819645732689211 0.14074074074074075 0.11030595813204509
2 0.6439814814814815 0.1541867954911433 0.15462962962962962 0.0998389694041868
2 0.7175925925925926 0.24114331723027374 0.1 0.07971014492753623
2 0.7282407407407407 0.4416264090177134 0.1712962962962963 0.09903381642512077
2 0.6652777777777777 0.3393719806763285 0.07037037037037037 0.07890499194847021
2 0.30324074074074076 0.26851851851851855 0.09814814814814815 0.043478260869565216
2 0.22962962962962963 0.28784219001610306 0.06481481481481481 0.057971014492753624
4 0.2013888888888889 0.22544283413848631 0.17314814814814813 0.06521739130434782
4 0.3226851851851852 0.3252818035426731 0.13055555555555556 0.06280193236714976
4 0.6027777777777777 0.4742351046698873 0.16296296296296298 0.11513687600644122
4 0.5518518518518518 0.6256038647342995 0.28703703703703703 0.07729468599033816
4 0.6185185185185185 0.2391304347826087 0.09444444444444444 0.06038647342995169
4 0.5847222222222223 0.33454106280193235 0.10185185185185185 0.07809983896940419
4 0.4550925925925926 0.2363123993558776 0.07962962962962963 0.05555555555555555
4 0.7439814814814815 0.18075684380032206 0.08981481481481482 0.05394524959742351
4 0.737037037037037 0.3715780998389694 0.10740740740740741 0.05152979066022544
4 0.8194444444444444 0.2677133655394525 0.11203703703703703 0.06924315619967794
4 0.7768518518518519 0.5209339774557166 0.08796296296296297 0.05555555555555555
4 0.16666666666666666 0.571256038647343 0.17407407407407408 0.18276972624798712