14 0.5 0.47092678405931415 1 0.7787395736793327
2 0.25762962962962965 0.3388415199258573 0.21567592592592594 0.07846153846153846
2 0.2504722222222222 0.16757182576459684 0.048101851851851854 0.055069508804448566
2 0.5148055555555555 0.23916589434661725 0.08488888888888889 0.10177015755329008
2 0.26912037037037034 0.5724467099165894 0.18675925925925924 0.12754402224281744
4 0.4108703703703704 0.4966450417052827 0.20576851851851852 0.08727525486561631
4 0.29050000000000004 0.27058387395736794 0.1875 0.06069508804448563
4 0.6443148148148148 0.3807692307692308 0.12638888888888888 0.06582020389249305
4 0.797425925925926 0.49985171455050975 0.24722222222222223 0.0986468952734013
4 0.7412037037037037 0.22378127896200187 0.15207407407407408 0.1180074142724745
2 0.7879999999999999 0.3635866543095459 0.22002777777777777 0.04432808155699722