14 0.4976851851851852 0.5 0.9712962962962963 1
10 0.7393518518518518 0.3705821205821206 0.11574074074074074 0.11434511434511435
10 0.38796296296296295 0.19022869022869024 0.1361111111111111 0.06444906444906445
10 0.47685185185185186 0.2697505197505197 0.08518518518518518 0.12785862785862787
2 0.7212962962962963 0.5524948024948025 0.10740740740740741 0.07796257796257797
2 0.2574074074074074 0.567047817047817 0.1675925925925926 0.10706860706860707
2 0.39166666666666666 0.5374220374220374 0.10833333333333334 0.12162162162162163
2 0.5185185185185185 0.6891891891891891 0.18333333333333332 0.22972972972972974
2 0.4009259259259259 0.7998960498960499 0.10555555555555556 0.0893970893970894
2 0.5675925925925925 0.24584199584199584 0.10185185185185185 0.1496881496881497
10 0.5699074074074074 0.3924116424116424 0.08888888888888889 0.11850311850311851