14 0.4973425925925926 0.7570370370370371 0.8823333333333333 0.48592592592592593
9 0.7764444444444444 0.7171555555555555 0.057962962962962966 0.030866666666666667
9 0.6890277777777778 0.6386888888888889 0.05787037037037037 0.028688888888888885
9 0.6417685185185186 0.6731037037037038 0.0337037037037037 0.02453333333333333
9 0.6368796296296296 0.5823481481481482 0.038203703703703705 0.026785185185185183
9 0.6819907407407407 0.5988740740740741 0.026222222222222223 0.02114814814814815
9 0.5173148148148149 0.5911851851851851 0.04525925925925926 0.015444444444444445
9 0.4565925925925926 0.6713481481481481 0.04362037037037037 0.03156296296296296
9 0.44775 0.7021111111111111 0.06219444444444445 0.029792592592592593
9 0.6031388888888889 0.8581629629629629 0.07403703703703703 0.03942962962962963
9 0.3802685185185185 0.8132740740740741 0.051638888888888894 0.027659259259259262
9 0.44134259259259256 0.8200148148148148 0.05042592592592593 0.03253333333333334
9 0.31605555555555553 0.7392444444444445 0.048074074074074075 0.03459259259259259
9 0.2982685185185185 0.8327111111111112 0.05675 0.045007407407407406
9 0.21539814814814814 0.6762740740740741 0.050166666666666665 0.026311111111111115
9 0.2926111111111111 0.6357481481481482 0.03777777777777778 0.02131111111111111
9 0.36606481481481484 0.6576222222222222 0.04296296296296296 0.02919259259259259
2 0.34325925925925926 0.7796444444444445 0.09276851851851851 0.03932592592592593
2 0.37246296296296294 0.6338518518518519 0.07246296296296297 0.03031851851851852
2 0.4891481481481481 0.6584962962962964 0.023037037037037036 0.034029629629629625
2 0.5932962962962963 0.6237925925925926 0.06662037037037037 0.037029629629629635
2 0.5423888888888888 0.7526296296296296 0.034212962962962966 0.034185185185185187
2 0.7137407407407408 0.7515851851851851 0.08171296296296296 0.10065185185185185