14 0.5 0.5 1 1
11 0.5544166666666667 0.09153703703703704 0.13665740740740742 0.08997222222222222
11 0.7325277777777778 0.2133888888888889 0.14587962962962964 0.09365740740740741
11 0.918712962962963 0.2944629629629629 0.1625740740740741 0.12569444444444444
11 0.9447407407407408 0.4385648148148148 0.11052777777777778 0.15653703703703703
11 0.8315555555555556 0.5910185185185185 0.21380555555555555 0.16071296296296295
11 0.7153240740740741 0.38592592592592595 0.1664074074074074 0.11775925925925927
11 0.5606296296296297 0.45125925925925925 0.1751111111111111 0.12119444444444444
11 0.4578333333333333 0.577 0.19796296296296298 0.14712962962962964
11 0.5354722222222221 0.6945092592592593 0.19998148148148148 0.17105555555555557
11 0.26887962962962964 0.6935 0.25669444444444445 0.1661388888888889
11 0.30560185185185185 0.39387962962962964 0.16242592592592592 0.11341666666666667
11 0.4180833333333333 0.36396296296296293 0.104 0.10852777777777778
11 0.5172592592592592 0.27608333333333335 0.1577685185185185 0.10626851851851851
11 0.293462962962963 0.2038148148148148 0.1381388888888889 0.08896296296296297
11 0.19660185185185186 0.13616666666666666 0.1352685185185185 0.08958333333333333
11 0.3463796296296296 0.09639814814814815 0.12251851851851851 0.07655555555555556
11 0.07604629629629629 0.2960277777777778 0.15210185185185185 0.10277777777777777
11 0.12086111111111111 0.40471296296296294 0.17814814814814817 0.12352777777777778
11 0.07604629629629629 0.4799166666666666 0.15210185185185185 0.14247222222222222