14 0.43287037037037035 0.5 0.8657407407407407 1
6 0.06620370370370371 0.2645631067961165 0.08796296296296297 0.07119741100323625
6 0.03611111111111111 0.35720064724919093 0.049074074074074076 0.049352750809061485
6 0.15462962962962962 0.34182847896440127 0.03981481481481482 0.03317152103559871
6 0.18611111111111112 0.404126213592233 0.049074074074074076 0.042071197411003236
6 0.387037037037037 0.255663430420712 0.046296296296296294 0.05339805825242718
6 0.462037037037037 0.2483818770226537 0.05648148148148148 0.04854368932038835
6 0.5157407407407407 0.2099514563106796 0.1037037037037037 0.05825242718446602
6 0.48657407407407405 0.40048543689320387 0.11574074074074074 0.09304207119741101
6 0.33101851851851855 0.5068770226537217 0.032407407407407406 0.04611650485436893
6 0.32916666666666666 0.45671521035598706 0.03796296296296296 0.043689320388349516
6 0.2759259259259259 0.5643203883495146 0.058333333333333334 0.0412621359223301
6 0.49953703703703706 0.5813106796116505 0.06666666666666667 0.05177993527508091
6 0.3768518518518518 0.5509708737864077 0.06111111111111111 0.02912621359223301
6 0.22314814814814815 0.6185275080906149 0.058333333333333334 0.04854368932038835
6 0.02824074074074074 0.6039644012944984 0.05648148148148148 0.055825242718446605
6 0.004629629629629629 0.6565533980582524 0.009259259259259259 0.0412621359223301
6 0.016666666666666666 0.705906148867314 0.03333333333333333 0.03964401294498382
6 0.4791666666666667 0.7653721682847896 0.06111111111111111 0.050970873786407765
6 0.6217592592592592 0.5323624595469255 0.049074074074074076 0.043689320388349516
6 0.6046296296296296 0.4538834951456311 0.05740740740740741 0.04773462783171521
6 0.7379629629629629 0.47572815533980584 0.06296296296296296 0.050970873786407765
6 0.7087962962962963 0.37580906148867316 0.05092592592592592 0.052588996763754045
6 0.19814814814814816 0.21440129449838188 0.046296296296296294 0.03640776699029126
12 0.39490740740740743 0.2916666666666667 0.06759259259259259 0.07281553398058252
12 0.4351851851851852 0.369336569579288 0.10185185185185185 0.08737864077669903
8 0.38981481481481484 0.593042071197411 0.08703703703703704 0.07605177993527508
8 0.6300925925925925 0.42597087378640774 0.09907407407407408 0.08495145631067962
10 0.5953703703703703 0.6986245954692557 0.21666666666666667 0.10517799352750809