14 0.5 0.5 1 1
7 0.24074074074074073 0.4685185185185185 0.08333333333333333 0.08796296296296297
7 0.24444444444444444 0.5888888888888889 0.17314814814814813 0.09074074074074075
7 0.5351851851851852 0.5027777777777778 0.1175925925925926 0.09166666666666666
7 0.4810185185185185 0.4162037037037037 0.0962962962962963 0.08518518518518518
7 0.3347222222222222 0.3476851851851852 0.10092592592592593 0.0824074074074074
7 0.31851851851851853 0.2199074074074074 0.06111111111111111 0.06851851851851852
7 0.2037037037037037 0.2847222222222222 0.06481481481481481 0.075
7 0.5648148148148148 0.23657407407407408 0.08981481481481482 0.0787037037037037
7 0.7111111111111111 0.20833333333333334 0.09722222222222222 0.10833333333333334
7 0.7782407407407408 0.31296296296296294 0.08796296296296297 0.10092592592592593
7 0.7782407407407408 0.4398148148148148 0.07592592592592592 0.08796296296296297
7 0.6976851851851852 0.5305555555555556 0.11574074074074074 0.1
7 0.4986111111111111 0.6546296296296297 0.11944444444444445 0.09259259259259259
7 0.6060185185185185 0.3439814814814815 0.12314814814814815 0.11666666666666667
7 0.5708333333333333 0.15092592592592594 0.06759259259259259 0.07407407407407407
4 0.6606481481481481 0.14953703703703702 0.08055555555555556 0.07314814814814814
4 0.5263888888888889 0.1587962962962963 0.05277777777777778 0.06296296296296296
4 0.3194444444444444 0.16296296296296298 0.07407407407407407 0.05462962962962963
4 0.35555555555555557 0.23287037037037037 0.05462962962962963 0.04814814814814815
4 0.3300925925925926 0.2912037037037037 0.04259259259259259 0.03888888888888889
4 0.48009259259259257 0.3375 0.07314814814814814 0.07222222222222222
4 0.625462962962963 0.35185185185185186 0.08055555555555556 0.07777777777777778
4 0.8657407407407407 0.45092592592592595 0.08796296296296297 0.08333333333333333
4 0.663425925925926 0.5819444444444445 0.06666666666666667 0.07314814814814814
4 0.7324074074074074 0.6171296296296296 0.05277777777777778 0.0712962962962963
4 0.5425925925925926 0.6143518518518518 0.0712962962962963 0.075
4 0.36898148148148147 0.48842592592592593 0.09166666666666666 0.04814814814814815
4 0.19953703703703704 0.3837962962962963 0.062037037037037036 0.08333333333333333
4 0.3527777777777778 0.6824074074074075 0.09907407407407408 0.05740740740740741