14 0.5 0.4825539568345324 1 0.9327338129496403
2 0.14149074074074075 0.6061870503597123 0.16385185185185186 0.07720323741007194
2 0.20424074074074075 0.4899550359712231 0.08692592592592592 0.06940647482014389
2 0.3292962962962963 0.22366007194244605 0.10280555555555555 0.056375899280575535
2 0.2818703703703704 0.30971223021582733 0.06580555555555555 0.05716726618705036
2 0.38755555555555554 0.325431654676259 0.09499074074074075 0.06614208633093525
2 0.5169444444444444 0.24400179856115106 0.09062962962962963 0.09426258992805754
2 0.6508148148148148 0.4165197841726619 0.12125925925925926 0.1444154676258993
2 0.7458055555555556 0.33722122302158275 0.06544444444444444 0.056025179856115104
2 0.7904722222222222 0.45653776978417265 0.07092592592592592 0.12053057553956835
2 0.5984814814814815 0.5362769784172662 0.06864814814814815 0.10026978417266187
2 0.46591666666666665 0.5225179856115107 0.049296296296296296 0.1008363309352518
2 0.3952222222222222 0.6073111510791367 0.0495925925925926 0.09067446043165467
2 0.5160833333333333 0.7450089928057554 0.07155555555555555 0.14982913669064749
2 0.698962962962963 0.7139928057553957 0.12212037037037035 0.13553057553956835
4 0.6218981481481481 0.2698291366906475 0.12126851851851851 0.11222122302158274
4 0.24934259259259262 0.3951888489208633 0.10774074074074073 0.10175359712230217
4 0.4067777777777778 0.4210251798561151 0.10742592592592592 0.08601618705035972
4 0.4082314814814815 0.2444244604316547 0.10452777777777778 0.0979136690647482
4 0.7200648148148148 0.5793705035971223 0.1469814814814815 0.1218615107913669
4 0.6051296296296296 0.7389748201438849 0.08773148148148148 0.12372302158273382
4 0.43974074074074077 0.7177877697841726 0.08081481481481481 0.0897661870503597