14 0.5 0.5 1 1
2 0.612037037037037 0.6892592592592592 0.1388888888888889 0.1037037037037037
2 0.774537037037037 0.5751851851851851 0.15092592592592594 0.10148148148148148
2 0.375 0.5196296296296297 0.10925925925925926 0.1037037037037037
2 0.524537037037037 0.47 0.09537037037037037 0.07037037037037037
2 0.19814814814814816 0.3337037037037037 0.10277777777777777 0.10962962962962963
2 0.1125 0.4622222222222222 0.14166666666666666 0.10296296296296296
2 0.46111111111111114 0.29 0.07037037037037037 0.052592592592592594
4 0.34305555555555556 0.2662962962962963 0.15833333333333333 0.1162962962962963
4 0.21435185185185185 0.4266666666666667 0.1814814814814815 0.15407407407407409
4 0.4009259259259259 0.3725925925925926 0.18425925925925926 0.12148148148148148
4 0.8212962962962963 0.5040740740740741 0.20092592592592592 0.16666666666666666
4 0.5976851851851852 0.5774074074074074 0.1685185185185185 0.1325925925925926
4 0.36157407407407405 0.6885185185185185 0.23703703703703705 0.19703703703703704