14 0.44351851851851853 0.29911045218680504 0.6675925925925926 0.363232023721275
14 0.6564814814814814 0.5374351371386212 0.687037037037037 0.7175685693106004
12 0.6527777777777778 0.4703484062268347 0.15092592592592594 0.09488510007412898
12 0.6458333333333334 0.6645663454410674 0.17314814814814813 0.09710896960711639
12 0.8050925925925926 0.4492216456634544 0.10462962962962963 0.09340252038547071
12 0.9805555555555555 0.363232023721275 0.03518518518518519 0.09859154929577464
12 0.9685185185185186 0.5581912527798369 0.06296296296296296 0.10081541882876205
12 0.4828703703703704 0.24314306893995552 0.1388888888888889 0.08673091178650852
2 0.5439814814814815 0.30392883617494443 0.11851851851851852 0.08598962194217939
2 0.9462962962962963 0.42661230541141587 0.10740740740740741 0.13194959229058562
12 0.33194444444444443 0.40696812453669384 0.07962962962962963 0.09191994069681246
12 0.45555555555555555 0.35174203113417346 0.07777777777777778 0.048183839881393624