14 0.5 0.5 1 1
11 0.6777777777777778 0.12824074074074074 0.15833333333333333 0.12777777777777777
11 0.8097222222222222 0.29907407407407405 0.1675925925925926 0.13425925925925927
11 0.9324074074074075 0.43287037037037035 0.13518518518518519 0.16944444444444445
11 0.9328703703703703 0.5787037037037037 0.13425925925925927 0.18333333333333332
11 0.7870370370370371 0.6888888888888889 0.25277777777777777 0.21851851851851853
11 0.7398148148148148 0.45787037037037037 0.19444444444444445 0.16296296296296298
11 0.5726851851851852 0.4722222222222222 0.2037037037037037 0.16944444444444445
11 0.4361111111111111 0.5601851851851852 0.23333333333333334 0.20092592592592592
11 0.4736111111111111 0.6958333333333333 0.24259259259259258 0.22407407407407406
11 0.22037037037037038 0.6125 0.2953703703703704 0.23796296296296296
11 0.3476851851851852 0.3388888888888889 0.18981481481481483 0.15833333333333333
11 0.46435185185185185 0.3453703703703704 0.13333333333333333 0.1361111111111111
11 0.5856481481481481 0.29259259259259257 0.18333333333333332 0.15
11 0.39490740740740743 0.15462962962962962 0.15925925925925927 0.12777777777777777
11 0.3236111111111111 0.06157407407407407 0.15648148148148147 0.12314814814814815
11 0.4787037037037037 0.06851851851851852 0.1398148148148148 0.11018518518518519
11 0.1597222222222222 0.175 0.17592592592592593 0.14444444444444443
11 0.16898148148148148 0.29212962962962963 0.20833333333333334 0.17314814814814813
11 0.10277777777777777 0.35 0.18888888888888888 0.1824074074074074