14 0.5 0.5 1 1
2 0.19675925925925927 0.7135791366906474 0.18055555555555555 0.125
2 0.21712962962962962 0.5840827338129496 0.10555555555555556 0.09262589928057553
2 0.24583333333333332 0.2927158273381295 0.11574074074074074 0.08633093525179857
2 0.2300925925925926 0.38893884892086333 0.08148148148148149 0.07464028776978417
2 0.3351851851851852 0.37050359712230213 0.11203703703703703 0.09262589928057553
2 0.4300925925925926 0.2526978417266187 0.1175925925925926 0.11780575539568346
2 0.6148148148148148 0.3732014388489209 0.16296296296296298 0.17446043165467626
2 0.6777777777777778 0.26843525179856115 0.08055555555555556 0.0737410071942446
2 0.7601851851851852 0.3669064748201439 0.10740740740740741 0.1366906474820144
2 0.6050925925925926 0.5031474820143885 0.09814814814814815 0.11600719424460432
2 0.475462962962963 0.5319244604316546 0.08055555555555556 0.11061151079136691
2 0.43703703703703706 0.6344424460431655 0.07777777777777778 0.10161870503597123
2 0.5972222222222222 0.7266187050359713 0.1175925925925926 0.164568345323741
2 0.7597222222222222 0.6393884892086331 0.16111111111111112 0.16636690647482014
4 0.537962962962963 0.24370503597122303 0.15185185185185185 0.14388489208633093
4 0.22777777777777777 0.4802158273381295 0.1361111111111111 0.1303956834532374
4 0.3851851851851852 0.4545863309352518 0.13055555555555556 0.11510791366906475
4 0.3277777777777778 0.2873201438848921 0.13148148148148148 0.12589928057553956
4 0.7347222222222223 0.5053956834532374 0.17962962962962964 0.1618705035971223
4 0.6796296296296296 0.6928956834532374 0.125 0.1447841726618705
4 0.5162037037037037 0.7248201438848921 0.10740740740740741 0.11061151079136691