14 0.5 0.49055755395683454 1 0.9811151079136691
2 0.13472222222222222 0.5818345323741008 0.16944444444444445 0.08812949640287769
2 0.20555555555555555 0.4698741007194245 0.09166666666666666 0.07464028776978417
2 0.34953703703703703 0.21267985611510792 0.10648148148148148 0.06384892086330936
2 0.2962962962962963 0.2954136690647482 0.06944444444444445 0.06115107913669065
2 0.40046296296296297 0.3183453237410072 0.1 0.07284172661870504
2 0.5351851851851852 0.24595323741007194 0.09722222222222222 0.10071942446043165
2 0.6564814814814814 0.427158273381295 0.13148148148148148 0.15197841726618705
2 0.7569444444444444 0.35431654676258995 0.06944444444444445 0.06025179856115108
2 0.7930555555555555 0.4761690647482014 0.07962962962962963 0.125
2 0.5958333333333333 0.5427158273381295 0.07592592592592592 0.10431654676258993
2 0.46435185185185185 0.5202338129496403 0.05648148148148148 0.10341726618705036
2 0.38796296296296295 0.5998201438848921 0.05648148148148148 0.09352517985611511
2 0.4986111111111111 0.7455035971223022 0.0824074074074074 0.15467625899280577
2 0.6833333333333333 0.727068345323741 0.13148148148148148 0.14298561151079137
4 0.637962962962963 0.2787769784172662 0.1287037037037037 0.1196043165467626
4 0.2574074074074074 0.37859712230215825 0.11481481481481481 0.10881294964028777
4 0.4125 0.41501798561151076 0.11296296296296296 0.09352517985611511
4 0.42685185185185187 0.23875899280575538 0.1111111111111111 0.1052158273381295
4 0.7138888888888889 0.5939748201438849 0.15555555555555556 0.13129496402877697
4 0.5875 0.7455035971223022 0.0962962962962963 0.12949640287769784
4 0.42407407407407405 0.7131294964028777 0.08796296296296297 0.09532374100719425