14 0.5013148148148148 0.4640185185185185 0.9973703703703705 0.9280462962962963
7 0.2389074074074074 0.5093240740740741 0.07224074074074073 0.07724074074074075
7 0.26133333333333336 0.6275648148148149 0.1650185185185185 0.06541666666666668
7 0.5351111111111111 0.49704629629629626 0.10703703703703703 0.07582407407407407
7 0.4680277777777778 0.42039814814814813 0.08613888888888889 0.07229629629629629
7 0.3128518518518518 0.3752962962962963 0.09161111111111112 0.06839814814814815
7 0.2768055555555555 0.25183333333333335 0.05219444444444444 0.061064814814814815
7 0.1735648148148148 0.333712962962963 0.054824074074074074 0.06799074074074074
7 0.5225925925925926 0.22973148148148148 0.07981481481481481 0.06696296296296296
7 0.6627407407407407 0.17877777777777779 0.08349074074074074 0.09573148148148149
7 0.7455092592592593 0.2719722222222222 0.07476851851851851 0.0904537037037037
7 0.7654351851851852 0.39696296296296296 0.06452777777777778 0.07905555555555555
7 0.6998796296296297 0.49919444444444444 0.10330555555555555 0.08530555555555555
7 0.5229166666666667 0.653037037037037 0.10877777777777778 0.07715740740740741
7 0.5805277777777778 0.32946296296296296 0.10855555555555554 0.10087037037037037
7 0.5153148148148148 0.14412962962962964 0.05761111111111111 0.06622222222222222
4 0.6040092592592593 0.12862037037037036 0.07174074074074074 0.062425925925925926
4 0.47252777777777777 0.15898148148148147 0.044148148148148145 0.05647222222222222
4 0.26895370370370375 0.19529629629629627 0.06825925925925926 0.04475
4 0.31534259259259256 0.2586759259259259 0.04948148148148148 0.040907407407407406
4 0.29962962962962963 0.32042592592592595 0.03846296296296296 0.033796296296296297
4 0.45512037037037034 0.3426574074074074 0.06374074074074075 0.0632962962962963
4 0.6007407407407407 0.3340462962962963 0.0706574074074074 0.0678425925925926
4 0.8533611111111111 0.3944166666666667 0.07796296296296297 0.07294444444444445
4 0.6740648148148148 0.5553796296296296 0.056768518518518524 0.06427777777777778
4 0.7476666666666667 0.5791759259259259 0.04342592592592592 0.06562037037037037
4 0.560138888888889 0.6062314814814815 0.06154629629629629 0.0666574074074074
4 0.3685925925925926 0.5090277777777777 0.08661111111111111 0.03551851851851852
4 0.18494444444444444 0.4321111111111111 0.05126851851851852 0.07623148148148148
4 0.38301851851851854 0.7034351851851852 0.09368518518518519 0.043398148148148144