14 0.5 0.5 1 1
11 0.6314814814814815 0.10925925925925926 0.15185185185185185 0.11388888888888889
11 0.7828703703703703 0.26296296296296295 0.16111111111111112 0.11944444444444445
11 0.9287037037037037 0.37777777777777777 0.1425925925925926 0.1537037037037037
11 0.9393518518518519 0.524537037037037 0.12129629629629629 0.175
11 0.8078703703703703 0.6527777777777778 0.24074074074074073 0.19814814814814816
11 0.7333333333333333 0.42916666666666664 0.18518518518518517 0.14722222222222223
11 0.5689814814814815 0.4638888888888889 0.19537037037037036 0.1527777777777778
11 0.4439814814814815 0.5675925925925925 0.2222222222222222 0.1824074074074074
11 0.4976851851851852 0.6976851851851852 0.22870370370370371 0.20555555555555555
11 0.2361111111111111 0.6458333333333334 0.2833333333333333 0.21203703703703702
11 0.3296296296296296 0.3587962962962963 0.1814814814814815 0.1425925925925926
11 0.44537037037037036 0.3509259259259259 0.12314814814814815 0.12685185185185185
11 0.5597222222222222 0.2833333333333333 0.17592592592592593 0.13425925925925927
11 0.3537037037037037 0.1699074074074074 0.1527777777777778 0.11388888888888889
11 0.27175925925925926 0.08518518518518518 0.15 0.11296296296296296
11 0.4263888888888889 0.07453703703703704 0.13425925925925927 0.09814814814814815
11 0.12268518518518519 0.21898148148148147 0.1685185185185185 0.12962962962962962
11 0.14583333333333334 0.33425925925925926 0.19907407407407407 0.15555555555555556
11 0.0875 0.3990740740740741 0.175 0.1685185185185185