14 0.5 0.5666666666666667 1 0.682962962962963
11 0.21712962962962962 0.6996296296296296 0.14351851851851852 0.08296296296296296
11 0.9111111111111111 0.5277777777777778 0.14814814814814814 0.09111111111111111
11 0.8162037037037037 0.6781481481481482 0.1259259259259259 0.10296296296296296
11 0.5814814814814815 0.567037037037037 0.1259259259259259 0.07777777777777778
11 0.412962962962963 0.5718518518518518 0.10740740740740741 0.06518518518518518
11 0.48009259259259257 0.6459259259259259 0.13240740740740742 0.13185185185185186
11 0.3638888888888889 0.7318518518518519 0.15185185185185185 0.09777777777777778
11 0.12824074074074074 0.547037037037037 0.1259259259259259 0.1111111111111111
11 0.7537037037037037 0.3566666666666667 0.11203703703703703 0.06222222222222222
11 0.8796296296296297 0.3814814814814815 0.11481481481481481 0.0674074074074074
11 0.4925925925925926 0.4077777777777778 0.09074074074074075 0.051111111111111114
11 0.4648148148148148 0.4866666666666667 0.10092592592592593 0.040740740740740744
11 0.33240740740740743 0.5048148148148148 0.0787037037037037 0.052592592592592594
5 0.3384259259259259 0.6522222222222223 0.07685185185185185 0.047407407407407405
5 0.14212962962962963 0.617037037037037 0.08703703703703704 0.044444444444444446
5 0.262037037037037 0.49703703703703705 0.12314814814814815 0.08
5 0.3347222222222222 0.5266666666666666 0.0962962962962963 0.06074074074074074
5 0.42962962962962964 0.6251851851851852 0.03796296296296296 0.03925925925925926
5 0.5342592592592592 0.6292592592592593 0.06296296296296296 0.06444444444444444
5 0.6722222222222223 0.5948148148148148 0.1675925925925926 0.07407407407407407
5 0.8106481481481481 0.4922222222222222 0.10555555555555556 0.0837037037037037
5 0.5856481481481481 0.4111111111111111 0.07407407407407407 0.06
5 0.6893518518518519 0.4148148148148148 0.05648148148148148 0.05185185185185185
5 0.638425925925926 0.4811111111111111 0.09351851851851851 0.07333333333333333
7 0.5675925925925925 0.7166666666666667 0.19907407407407407 0.14148148148148149
7 0.25416666666666665 0.7566666666666667 0.11666666666666667 0.07925925925925927
7 0.15925925925925927 0.6511111111111111 0.19074074074074074 0.08518518518518518
7 0.861574074074074 0.6148148148148148 0.19166666666666668 0.09111111111111111
7 0.9157407407407407 0.4437037037037037 0.1685185185185185 0.0874074074074074
7 0.5009259259259259 0.524074074074074 0.11944444444444445 0.08074074074074074
7 0.5930555555555556 0.3296296296296296 0.11018518518518519 0.06962962962962962
7 0.21898148148148147 0.46 0.12314814814814815 0.08296296296296296