14 0.47962962962962963 0.5237037037037037 0.9018518518518519 0.7088888888888889
4 0.7027777777777777 0.5633333333333334 0.11018518518518519 0.08518518518518518
4 0.8023148148148148 0.3896296296296296 0.08796296296296297 0.06074074074074074
4 0.6092592592592593 0.3725925925925926 0.16203703703703703 0.09703703703703703
4 0.6125 0.47444444444444445 0.10555555555555556 0.07851851851851852
4 0.6694444444444444 0.4274074074074074 0.05925925925925926 0.04814814814814815
4 0.799074074074074 0.45444444444444443 0.05648148148148148 0.03925925925925926
4 0.3333333333333333 0.44962962962962966 0.15 0.08814814814814814
4 0.3939814814814815 0.2562962962962963 0.15833333333333333 0.09259259259259259
4 0.20277777777777778 0.5392592592592592 0.15185185185185185 0.1385185185185185
4 0.26296296296296295 0.3488888888888889 0.06388888888888888 0.06222222222222222
15 0.1574074074074074 0.36444444444444446 0.08333333333333333 0.11333333333333333
15 0.37175925925925923 0.31333333333333335 0.08796296296296297 0.04666666666666667
15 0.5 0.5518518518518518 0.08611111111111111 0.10592592592592592
15 0.4689814814814815 0.7462962962962963 0.09074074074074075 0.07333333333333333
15 0.774537037037037 0.5796296296296296 0.0824074074074074 0.09555555555555556
8 0.7412037037037037 0.6359259259259259 0.1037037037037037 0.052592592592592594
0 0.44907407407407407 0.4025925925925926 0.23055555555555557 0.11851851851851852
0 0.3819444444444444 0.6192592592592593 0.21851851851851853 0.1162962962962963
0 0.23148148148148148 0.3811111111111111 0.10555555555555556 0.1725925925925926
0 0.6708333333333333 0.3111111111111111 0.10833333333333334 0.08074074074074074
0 0.586574074074074 0.6633333333333333 0.2101851851851852 0.12148148148148148