14 0.4834537037037037 0.525325925925926 0.8113518518518519 0.6348518518518518
4 0.7108148148148148 0.5432148148148148 0.09866666666666667 0.0762074074074074
4 0.7830462962962963 0.36086666666666667 0.08043518518518519 0.05380740740740741
4 0.5889722222222222 0.3630074074074074 0.15106481481481482 0.08282222222222223
4 0.6076018518518519 0.4637777777777778 0.09559259259259259 0.06962222222222222
4 0.6569722222222222 0.4114814814814815 0.05280555555555556 0.043111111111111114
4 0.7900370370370371 0.4255333333333334 0.05212962962962963 0.03477037037037037
4 0.32714814814814813 0.4663851851851852 0.1398888888888889 0.07482222222222222
4 0.3575833333333333 0.26857037037037035 0.14739814814814814 0.07872592592592592
4 0.21112962962962964 0.5677481481481482 0.1329537037037037 0.12682962962962963
4 0.24152777777777779 0.37322222222222223 0.05553703703703704 0.05685925925925926
15 0.13921296296296296 0.39899259259259257 0.0681574074074074 0.10742962962962962
15 0.34431481481481485 0.3272962962962963 0.08227777777777778 0.038933333333333334
15 0.5081296296296296 0.5514592592592593 0.0714537037037037 0.09934814814814816
15 0.5065277777777777 0.747637037037037 0.0815 0.06570370370370371
15 0.7846944444444445 0.5522444444444444 0.07019444444444445 0.08942962962962964
8 0.7601388888888889 0.6112592592592593 0.09799074074074074 0.04307407407407407
0 0.4347592592592593 0.40811851851851855 0.21747222222222223 0.09806666666666666
0 0.40099074074074076 0.6297777777777778 0.206 0.09708148148148148
0 0.21516666666666667 0.40810370370370375 0.08000925925925925 0.1664
0 0.64075 0.2956888888888889 0.09809259259259259 0.07186666666666666
0 0.6109814814814815 0.6537259259259259 0.1960925925925926 0.10281481481481482