14 0.5 0.5011764705882353 1 0.9341656662665065
11 0.1834537037037037 0.2894717887154862 0.1062037037037037 0.11693877551020408
11 0.2641851851851852 0.39974789915966386 0.12976851851851853 0.13849939975990397
11 0.2547314814814815 0.5217406962785114 0.13977777777777778 0.14238895558223288
11 0.3687314814814815 0.6703721488595438 0.15938888888888889 0.18831932773109245
11 0.5298611111111111 0.49935174069627847 0.12505555555555556 0.13296518607442978
11 0.4813796296296296 0.3899519807923169 0.11705555555555555 0.08429771908763506
11 0.40953703703703703 0.34222088835534215 0.11128703703703703 0.1590036014405762
11 0.34803703703703703 0.2197478991596639 0.11507407407407408 0.08418967587034813
11 0.4718148148148148 0.12157262905162064 0.10237962962962963 0.06378151260504202
11 0.6028148148148148 0.09663865546218488 0.1019074074074074 0.08599039615846338
11 0.6637962962962963 0.17996398559423768 0.09263888888888888 0.07960384153661465
11 0.5696018518518519 0.253469387755102 0.11556481481481481 0.10551020408163266
11 0.6730277777777778 0.3271428571428571 0.12222222222222222 0.09422569027611044
11 0.7974722222222222 0.29456182472989195 0.12420370370370369 0.10404561824729892
11 0.7786759259259259 0.4392797118847539 0.15112037037037038 0.12817527010804322
11 0.8942222222222223 0.413625450180072 0.13530555555555554 0.12876350540216086
11 0.7086203703703703 0.22294117647058825 0.09725925925925927 0.09512605042016806