14 0.4476851851851852 0.6532756489493201 0.8953703703703704 0.6934487021013597
9 0.12083333333333333 0.9697156983930779 0.09166666666666666 0.06056860321384425
9 0.1388888888888889 0.6674907292954264 0.06666666666666667 0.07416563658838071
9 0.3837962962962963 0.6582200247218789 0.06851851851851852 0.07169344870210136
9 0.624537037037037 0.6990111248454882 0.10092592592592593 0.1260815822002472
9 0.6287037037037037 0.4610630407911001 0.07037037037037037 0.06427688504326329
9 0.42083333333333334 0.4431396786155748 0.049074074074074076 0.049443757725587144
8 0.2518518518518518 0.7224969097651421 0.13425925925925927 0.12360939431396786
8 0.20787037037037037 0.8368355995055624 0.0787037037037037 0.09147095179233622
8 0.11527777777777778 0.7849196538936959 0.06851851851851852 0.08034610630407911
8 0.2523148148148148 0.9147095179233622 0.12777777777777777 0.103831891223733
8 0.32407407407407407 0.8003708281829419 0.09444444444444444 0.09765142150803462
8 0.42592592592592593 0.7620519159456118 0.08425925925925926 0.09394313967861558
8 0.4236111111111111 0.8393077873918418 0.1287037037037037 0.08899876390605686
8 0.4550925925925926 0.9338689740420272 0.09907407407407408 0.10877626699629171
8 0.5069444444444444 0.7589616810877626 0.08611111111111111 0.11495673671199011
8 0.538425925925926 0.6866501854140915 0.07685185185185185 0.09517923362175525
8 0.4949074074074074 0.5451174289245982 0.05277777777777778 0.07045735475896168
8 0.42962962962962964 0.507416563658838 0.08981481481481482 0.07911001236093942
8 0.35 0.5358467243510506 0.049074074074074076 0.06056860321384425
8 0.31157407407407406 0.6174289245982695 0.09907407407407408 0.09888751545117429
8 0.2759259259259259 0.5648949320148331 0.0787037037037037 0.0630407911001236
8 0.524074074074074 0.48825710754017304 0.11574074074074074 0.09394313967861558
8 0.6694444444444444 0.5519159456118665 0.12129629629629629 0.11372064276885044
8 0.7273148148148149 0.6866501854140915 0.08796296296296297 0.138442521631644
8 0.6736111111111112 0.765142150803461 0.10092592592592593 0.08405438813349815
4 0.2638888888888889 0.969097651421508 0.18703703703703703 0.06180469715698393
4 0.1162037037037037 0.8862793572311496 0.11851851851851852 0.13967861557478367
4 0.5601851851851852 0.8485784919653894 0.13055555555555556 0.14833127317676142
4 0.47453703703703703 0.6650185414091471 0.07314814814814814 0.05686032138442522
4 0.4185185185185185 0.5784919653893696 0.08981481481481482 0.06798516687268233