14 0.5 0.5 1 1
11 0.6858888888888889 0.6065833333333334 0.2652037037037037 0.22044444444444444
11 0.8771388888888888 0.5152222222222222 0.2053333333333333 0.17432407407407408
11 0.9425277777777777 0.37149074074074073 0.11493518518518518 0.16010185185185186
11 0.7898055555555555 0.3189814814814815 0.19005555555555556 0.1559074074074074
11 0.5369351851851851 0.3669351851851852 0.16245370370370368 0.20302777777777778
11 0.21119444444444443 0.42075 0.21031481481481482 0.18380555555555556
11 0.08148148148148149 0.67925 0.16296296296296298 0.2649444444444444
11 0.34910185185185183 0.7247870370370371 0.2909537037037037 0.2389074074074074
11 0.04325925925925926 0.3173888888888889 0.08651851851851852 0.16249074074074074
11 0.04650925925925926 0.05857407407407407 0.09302777777777778 0.06119444444444445
11 0.1677962962962963 0.11530555555555555 0.20500925925925925 0.09335185185185184
11 0.4230925925925926 0.03919444444444444 0.18199074074074076 0.07838888888888888
11 0.8011944444444444 0.05856481481481481 0.1542777777777778 0.08720370370370371
11 0.7636296296296297 0.12848148148148147 0.19299074074074074 0.0774074074074074
11 0.9262685185185185 0.2017962962962963 0.14746296296296296 0.12321296296296295
11 0.44651851851851854 0.17010185185185187 0.11173148148148149 0.09559259259259259