14 0.5 0.5 1 1
11 0.1986111111111111 0.2545018007202881 0.11296296296296296 0.12845138055222088
11 0.27175925925925926 0.37334933973589435 0.1388888888888889 0.15366146458583432
11 0.25416666666666665 0.4939975990396158 0.14907407407407408 0.15846338535414164
11 0.3578703703703704 0.6548619447779112 0.1712962962962963 0.20528211284513806
11 0.5296296296296297 0.503001200480192 0.13333333333333333 0.14645858343337334
11 0.4888888888888889 0.38835534213685474 0.12222222222222222 0.09723889555822329
11 0.4203703703703704 0.3325330132052821 0.12129629629629629 0.17046818727490998
11 0.3675925925925926 0.2034813925570228 0.12037037037037036 0.09723889555822329
11 0.49722222222222223 0.12004801920768307 0.10648148148148148 0.0744297719087635
11 0.6296296296296297 0.10984393757503001 0.10740740740740741 0.09603841536614646
11 0.6847222222222222 0.1998799519807923 0.09722222222222222 0.09003601440576231
11 0.5861111111111111 0.2623049219687875 0.12222222222222222 0.11884753901560624
11 0.6837962962962963 0.3475390156062425 0.12777777777777777 0.10804321728691477
11 0.8101851851851852 0.3289315726290516 0.13055555555555556 0.11764705882352941
11 0.7814814814814814 0.47118847539015607 0.15925925925925927 0.14405762304921968
11 0.8986111111111111 0.45858343337334934 0.14351851851851852 0.14285714285714285
11 0.7263888888888889 0.24729891956782712 0.1037037037037037 0.1056422569027611