14 0.5 0.5 1 1
10 0.9412037037037037 0.3148148148148148 0.1175925925925926 0.09259259259259259
10 0.9138888888888889 0.34675925925925927 0.08888888888888889 0.06388888888888888
12 0.8328703703703704 0.5064814814814815 0.33425925925925926 0.20555555555555555
12 0.6782407407407407 0.5699074074074074 0.11666666666666667 0.1361111111111111
12 0.7939814814814815 0.6675925925925926 0.20833333333333334 0.12222222222222222
12 0.3263888888888889 0.649074074074074 0.2101851851851852 0.2574074074074074
12 0.1685185185185185 0.6023148148148149 0.1388888888888889 0.12962962962962962
12 0.4986111111111111 0.6888888888888889 0.3453703703703704 0.2861111111111111
12 0.20416666666666666 0.6717592592592593 0.2824074074074074 0.15
8 0.3509259259259259 0.4708333333333333 0.225 0.18703703703703703
8 0.22083333333333333 0.33101851851851855 0.2101851851851852 0.10648148148148148
8 0.08564814814814815 0.4097222222222222 0.1712962962962963 0.15833333333333333
8 0.3611111111111111 0.021296296296296296 0.08148148148148149 0.04259259259259259
8 0.15925925925925927 0.06805555555555555 0.1 0.08425925925925926
8 0.43796296296296294 0.13796296296296295 0.07222222222222222 0.08518518518518518
8 0.5337962962962963 0.04861111111111111 0.11944444444444445 0.09722222222222222
9 0.5981481481481481 0.5032407407407408 0.15185185185185185 0.18055555555555555
9 0.10092592592592593 0.26342592592592595 0.08796296296296297 0.10092592592592593
9 0.36712962962962964 0.17037037037037037 0.07592592592592592 0.07685185185185185
9 0.7 0.16203703703703703 0.07962962962962963 0.06481481481481481
9 0.725462962962963 0.2351851851851852 0.06666666666666667 0.06296296296296296
9 0.5416666666666666 0.24583333333333332 0.08425925925925926 0.10277777777777777
8 0.2351851851851852 0.20185185185185187 0.16203703703703703 0.1259259259259259
8 0.7773148148148148 0.3592592592592593 0.09259259259259259 0.08703703703703704
10 0.9888888888888889 0.2601851851851852 0.022222222222222223 0.08333333333333333
12 0.6018518518518519 0.13796296296296295 0.11574074074074074 0.09166666666666666
12 0.24953703703703703 0.1337962962962963 0.3194444444444444 0.2037037037037037
9 0.12777777777777777 0.36574074074074076 0.13703703703703704 0.12685185185185185
9 0.7597222222222222 0.4398148148148148 0.19444444444444445 0.15092592592592594
9 0.8300925925925926 0.4125 0.06574074074074074 0.06851851851851852
12 0.6703703703703704 0.062037037037037036 0.10833333333333334 0.08703703703703704
12 0.8074074074074075 0.09907407407407408 0.08148148148148149 0.06666666666666667
12 0.5935185185185186 0.22361111111111112 0.22685185185185186 0.16574074074074074
12 0.6055555555555555 0.412962962962963 0.19722222222222222 0.11574074074074074
9 0.600925925925926 0.3574074074074074 0.15648148148148147 0.13148148148148148
9 0.6875 0.3351851851851852 0.12777777777777777 0.11388888888888889
9 0.8833333333333333 0.46944444444444444 0.11296296296296296 0.08981481481481482
9 0.8685185185185185 0.3912037037037037 0.14351851851851852 0.12037037037037036
9 0.07592592592592592 0.5425925925925926 0.15185185185185185 0.18333333333333332
9 0.18333333333333332 0.4777777777777778 0.18518518518518517 0.15555555555555556
9 0.2 0.38101851851851853 0.06759259259259259 0.08055555555555556
9 0.16342592592592592 0.22268518518518518 0.2101851851851852 0.15555555555555556
9 0.34629629629629627 0.09166666666666666 0.13055555555555556 0.11388888888888889
12 0.4337962962962963 0.26481481481481484 0.16944444444444445 0.15555555555555556
12 0.7805555555555556 0.2490740740740741 0.17222222222222222 0.15092592592592594
12 0.43796296296296294 0.5560185185185185 0.27037037037037037 0.1824074074074074