14 0.5157407407407407 0.5717555555555556 0.9685185185185186 0.5104148148148148
11 0.16530555555555557 0.6390148148148148 0.12965740740740742 0.060096296296296293
11 0.890462962962963 0.606362962962963 0.13182407407407407 0.06799259259259259
11 0.7528796296296296 0.7339333333333333 0.10299074074074074 0.08522962962962963
11 0.5588055555555556 0.5809629629629629 0.11251851851851852 0.05801481481481481
11 0.39394444444444443 0.5530296296296296 0.09600925925925925 0.04860740740740741
11 0.4367037037037037 0.6378444444444444 0.10058333333333333 0.11539259259259259
11 0.2980555555555555 0.6986074074074075 0.13297222222222224 0.07371111111111112
11 0.12510185185185185 0.4736592592592593 0.10027777777777777 0.09465925925925926
11 0.7892962962962964 0.4099555555555556 0.10192592592592592 0.04399259259259259
11 0.9041944444444444 0.4585111111111111 0.10296296296296296 0.048185185185185185
11 0.5206296296296296 0.4091185185185185 0.08191666666666667 0.03668148148148148
11 0.4701296296296296 0.4802518518518519 0.09705555555555555 0.0227037037037037
11 0.3360648148148148 0.4723703703703704 0.06822222222222223 0.040718518518518515
5 0.2973518518518518 0.6165481481481482 0.06823148148148148 0.034866666666666664
5 0.11718518518518518 0.544437037037037 0.08094444444444444 0.029125925925925927
5 0.27008333333333334 0.45113333333333333 0.1087037037037037 0.06087407407407408
5 0.3315740740740741 0.4939703703703704 0.08563888888888889 0.04591851851851852
5 0.3937777777777777 0.6078222222222222 0.0287962962962963 0.034303703703703704
5 0.49397222222222226 0.6318814814814815 0.04796296296296296 0.05708888888888888
5 0.6383333333333333 0.6253555555555556 0.15896296296296297 0.04465185185185185
5 0.8038148148148149 0.5527185185185185 0.08697222222222223 0.0690962962962963
5 0.6101851851851852 0.4302888888888889 0.06043518518518518 0.04947407407407408
5 0.7096018518518519 0.45400740740740736 0.04458333333333333 0.044814814814814814
5 0.6400925925925925 0.5085333333333333 0.07802777777777778 0.05955555555555556
7 0.5000370370370371 0.7233555555555555 0.17094444444444445 0.11193333333333334
7 0.18368518518518517 0.7015703703703704 0.10132407407407408 0.06132592592592593
7 0.12387037037037037 0.5808222222222222 0.18019444444444446 0.05183703703703704
7 0.815962962962963 0.6814592592592593 0.17989814814814814 0.05770370370370371
7 0.921074074074074 0.5264888888888889 0.15785185185185185 0.058866666666666664
7 0.49372222222222223 0.5234666666666666 0.10375925925925926 0.06266666666666666
7 0.6418703703703704 0.35288148148148146 0.09740740740740741 0.052303703703703706
7 0.23937037037037034 0.40677037037037034 0.10711111111111112 0.06437037037037037