14 0.48194444444444445 0.5244444444444445 0.8518518518518519 0.6681481481481482
4 0.7078703703703704 0.5518518518518518 0.1037037037037037 0.08
4 0.7916666666666666 0.37296296296296294 0.08425925925925926 0.05703703703703704
4 0.5976851851851852 0.36703703703703705 0.15648148148148147 0.08888888888888889
4 0.6097222222222223 0.46814814814814815 0.1 0.07333333333333333
4 0.6625 0.41814814814814816 0.05555555555555555 0.045925925925925926
4 0.7944444444444444 0.43777777777777777 0.053703703703703705 0.037037037037037035
4 0.3296296296296296 0.45925925925925926 0.14444444444444443 0.08074074074074074
4 0.3731481481481482 0.26296296296296295 0.15185185185185185 0.08518518518518518
4 0.20694444444444443 0.5555555555555556 0.14166666666666666 0.13185185185185186
4 0.25 0.3625925925925926 0.05925925925925926 0.05925925925925926
15 0.14629629629629629 0.38407407407407407 0.075 0.11037037037037037
15 0.3560185185185185 0.3211111111111111 0.08518518518518518 0.042222222222222223
15 0.5046296296296297 0.5518518518518518 0.07777777777777778 0.10296296296296296
15 0.49027777777777776 0.7474074074074074 0.08611111111111111 0.06888888888888889
15 0.7810185185185186 0.5640740740740741 0.075 0.09259259259259259
8 0.7523148148148148 0.6218518518518519 0.10092592592592593 0.047407407407407405
0 0.44074074074074077 0.40555555555555556 0.22407407407407406 0.10666666666666667
0 0.3925925925925926 0.6255555555555555 0.21203703703703702 0.10518518518518519
0 0.22175925925925927 0.3962962962962963 0.09074074074074075 0.1688888888888889
0 0.6537037037037037 0.30185185185185187 0.10277777777777777 0.07555555555555556
0 0.600925925925926 0.6581481481481481 0.20277777777777778 0.1111111111111111