14 0.5 0.45209414024975986 1 0.86
15 0.5523796296296297 0.6813640730067243 0.13305555555555554 0.14260326609029778
15 0.3578148148148148 0.606954851104707 0.11968518518518517 0.08727185398655139
15 0.5240277777777779 0.5404130643611912 0.21260185185185188 0.08183477425552353
15 0.7327685185185185 0.6298655139289145 0.1115 0.05785782901056676
15 0.79825 0.5907877041306436 0.11939814814814814 0.03212295869356388
15 0.7863888888888888 0.463611911623439 0.08687962962962963 0.04222862632084534
15 0.640925925925926 0.28780979827089337 0.08602777777777777 0.055379442843419786
15 0.6514722222222222 0.36518731988472625 0.09832407407407408 0.048270893371757925
15 0.5539166666666667 0.40005763688760804 0.11767592592592593 0.09882804995196925
15 0.3983518518518519 0.43218059558117194 0.11067592592592593 0.09472622478386167
15 0.19027777777777777 0.3879731027857829 0.11202777777777777 0.06649375600384246
15 0.24685185185185188 0.2439289145052834 0.12190740740740741 0.0884534101825168
15 0.5302962962962964 0.13067243035542747 0.07351851851851852 0.057982708933717576
15 0.6873981481481481 0.1478770413064361 0.07568518518518517 0.039971181556195966
15 0.7759537037037036 0.21464937560038425 0.09017592592592592 0.0959942363112392
15 0.3269444444444445 0.1354562920268972 0.07772222222222222 0.0721133525456292
15 0.8409166666666668 0.3243515850144092 0.06979629629629629 0.0666474543707973
15 0.9344722222222223 0.3244572526416907 0.10455555555555555 0.06482228626320846
15 0.5003981481481481 0.22271853986551393 0.1929722222222222 0.08382324687800193
15 0.38406481481481486 0.28292987512007683 0.060314814814814814 0.0659077809798271
15 0.554 0.2995773294908742 0.08906481481481482 0.053102785782901056