7 0.18472222222222223 0.2791666666666667 0.09537037037037037 0.14351851851851852
7 0.37592592592592594 0.3421296296296296 0.12037037037037036 0.08888888888888889
7 0.5972222222222222 0.15324074074074073 0.13055555555555556 0.09537037037037037
7 0.6472222222222223 0.3282407407407407 0.09907407407407408 0.10277777777777777
7 0.575925925925926 0.4699074074074074 0.09351851851851851 0.11944444444444445
7 0.6930555555555555 0.47962962962962963 0.1 0.08148148148148149
7 0.4101851851851852 0.5291666666666667 0.14537037037037037 0.11851851851851852
7 0.18425925925925926 0.4986111111111111 0.09444444444444444 0.11296296296296296
7 0.35462962962962963 0.7300925925925926 0.11481481481481481 0.1175925925925926
7 0.5212962962962963 0.7856481481481481 0.1 0.09074074074074075
7 0.6 0.6652777777777777 0.12314814814814815 0.12037037037037036
9 0.22962962962962963 0.663425925925926 0.046296296296296294 0.049074074074074076
9 0.21064814814814814 0.41203703703703703 0.04722222222222222 0.03518518518518519
9 0.28564814814814815 0.35138888888888886 0.05185185185185185 0.044444444444444446
9 0.34074074074074073 0.24814814814814815 0.05277777777777778 0.04814814814814815
9 0.537962962962963 0.24305555555555555 0.05092592592592592 0.049074074074074076
9 0.6106481481481482 0.2962962962962963 0.04351851851851852 0.041666666666666664
9 0.5569444444444445 0.32314814814814813 0.053703703703703705 0.03981481481481482
9 0.475462962962963 0.41944444444444445 0.05 0.05925925925925926
9 0.6027777777777777 0.5592592592592592 0.04537037037037037 0.046296296296296294
9 0.7296296296296296 0.5476851851851852 0.05740740740740741 0.04814814814814815
9 0.7675925925925926 0.4912037037037037 0.05 0.05092592592592592
9 0.49074074074074076 0.6148148148148148 0.05740740740740741 0.044444444444444446
9 0.5884259259259259 0.7625 0.05277777777777778 0.05740740740740741
9 0.3449074074074074 0.611574074074074 0.05185185185185185 0.05462962962962963
9 0.37083333333333335 0.8125 0.05740740740740741 0.05925925925925926
10 0.7597222222222222 0.14675925925925926 0.04259259259259259 0.049074074074074076
10 0.3148148148148148 0.5675925925925925 0.08888888888888889 0.032407407407407406
10 0.20555555555555555 0.44675925925925924 0.0712962962962963 0.10740740740740741
10 0.48842592592592593 0.27685185185185185 0.040740740740740744 0.07592592592592592
10 0.3611111111111111 0.18935185185185185 0.14722222222222223 0.062037037037037036
10 0.29212962962962963 0.21712962962962962 0.037037037037037035 0.1037037037037037
10 0.7027777777777777 0.20092592592592592 0.030555555555555555 0.1037037037037037
10 0.6226851851851852 0.24166666666666667 0.028703703703703703 0.07222222222222222
10 0.5657407407407408 0.2810185185185185 0.05 0.025925925925925925
14 0.4898148148148148 0.4546296296296296 0.9074074074074074 0.8833333333333333