14 0.5 0.4514889529298751 1 0.8952929875120077
15 0.5583333333333333 0.6791546589817483 0.13703703703703704 0.14793467819404418
15 0.36157407407407405 0.611911623439001 0.12222222222222222 0.09125840537944284
15 0.5254629629629629 0.5393852065321806 0.21574074074074073 0.0893371757925072
15 0.737037037037037 0.6215177713736791 0.11388888888888889 0.06147934678194044
15 0.8009259259259259 0.579731027857829 0.12037037037037036 0.03650336215177714
15 0.7851851851851852 0.45341018251681076 0.08796296296296297 0.04514889529298751
15 0.6337962962962963 0.2829010566762728 0.08796296296296297 0.05763688760806916
15 0.6467592592592593 0.3597502401536984 0.1 0.05187319884726225
15 0.5504629629629629 0.39817483189241115 0.12129629629629629 0.10278578290105668
15 0.3962962962962963 0.43611911623439004 0.11388888888888889 0.09798270893371758
15 0.1865740740740741 0.39913544668587897 0.11388888888888889 0.07012487992315082
15 0.23842592592592593 0.2531219980787704 0.12407407407407407 0.09317963496637849
15 0.5180555555555556 0.12968299711815562 0.075 0.06051873198847262
15 0.6754629629629629 0.14121037463976946 0.07685185185185185 0.043227665706051875
15 0.7662037037037037 0.20461095100864554 0.09351851851851851 0.0989433237271854
15 0.3148148148148148 0.14217098943323728 0.08055555555555556 0.07588856868395773
15 0.8347222222222223 0.3121998078770413 0.07222222222222222 0.069164265129683
15 0.9282407407407407 0.30883765609990393 0.10648148148148148 0.069164265129683
15 0.4912037037037037 0.2228626320845341 0.1962962962962963 0.09029779058597502
15 0.3768518518518518 0.287223823246878 0.062037037037037036 0.06820365033621517
15 0.5472222222222223 0.297790585975024 0.09074074074074075 0.056676272814601344