14 0.46574074074074073 0.5606481481481481 0.9314814814814815 0.8787037037037037
11 0.6273148148148148 0.3296296296296296 0.11481481481481481 0.09537037037037037
11 0.6935185185185185 0.3861111111111111 0.08518518518518518 0.06481481481481481
11 0.6949074074074074 0.4361111111111111 0.09907407407407408 0.05462962962962963
11 0.700462962962963 0.4930555555555556 0.09444444444444444 0.07962962962962963
11 0.7125 0.5518518518518518 0.09444444444444444 0.06944444444444445
11 0.6578703703703703 0.5930555555555556 0.1037037037037037 0.07685185185185185
11 0.6018518518518519 0.47962962962962963 0.0962962962962963 0.08518518518518518
11 0.6050925925925926 0.4115740740740741 0.1 0.08518518518518518
11 0.6138888888888889 0.5486111111111112 0.10648148148148148 0.09444444444444444
11 0.4861111111111111 0.2847222222222222 0.20185185185185187 0.1111111111111111
11 0.48009259259259257 0.3263888888888889 0.09444444444444444 0.06851851851851852
11 0.4546296296296296 0.3699074074074074 0.08518518518518518 0.08148148148148149
11 0.387037037037037 0.4134259259259259 0.11481481481481481 0.09537037037037037
11 0.35555555555555557 0.3143518518518518 0.07592592592592592 0.06944444444444445
11 0.4027777777777778 0.3537037037037037 0.0824074074074074 0.07037037037037037
11 0.2847222222222222 0.2796296296296296 0.10092592592592593 0.075
11 0.2550925925925926 0.3162037037037037 0.0962962962962963 0.06666666666666667
11 0.2949074074074074 0.35648148148148145 0.1037037037037037 0.07685185185185185
11 0.21296296296296297 0.40925925925925927 0.10925925925925926 0.08333333333333333
11 0.1712962962962963 0.3347222222222222 0.08703703703703704 0.06481481481481481
11 0.12916666666666668 0.43472222222222223 0.1037037037037037 0.07685185185185185
11 0.09305555555555556 0.49444444444444446 0.10648148148148148 0.08611111111111111
11 0.24583333333333332 0.500462962962963 0.1425925925925926 0.08055555555555556
11 0.18611111111111112 0.5472222222222223 0.10462962962962963 0.07407407407407407
11 0.1476851851851852 0.5912037037037037 0.1111111111111111 0.08518518518518518
11 0.16805555555555557 0.6694444444444444 0.10648148148148148 0.09722222222222222
11 0.25601851851851853 0.6310185185185185 0.10555555555555556 0.09537037037037037
11 0.3023148148148148 0.5731481481481482 0.10462962962962963 0.09537037037037037
11 0.2537037037037037 0.7208333333333333 0.08518518518518518 0.10092592592592593
11 0.39861111111111114 0.7444444444444445 0.11574074074074074 0.1037037037037037
11 0.43842592592592594 0.5800925925925926 0.10740740740740741 0.08055555555555556
11 0.41944444444444445 0.663425925925926 0.1037037037037037 0.1037037037037037
11 0.4912037037037037 0.6388888888888888 0.10185185185185185 0.08796296296296297
11 0.4736111111111111 0.7319444444444444 0.0962962962962963 0.08796296296296297
11 0.549074074074074 0.7384259259259259 0.1037037037037037 0.1037037037037037
11 0.49907407407407406 0.48842592592592593 0.10740740740740741 0.0824074074074074
11 0.35509259259259257 0.4912037037037037 0.1037037037037037 0.06388888888888888