14 0.5 0.5 1 1
5 0.33366666666666667 0.7120833333333333 0.14222222222222222 0.09662962962962963
5 0.39294444444444443 0.5203055555555555 0.09884259259259259 0.08162037037037037
5 0.2706574074074074 0.5827222222222223 0.11018518518518519 0.07212962962962964
5 0.27728703703703705 0.5181203703703704 0.11042592592592593 0.049916666666666665
5 0.5338333333333333 0.67225 0.11859259259259261 0.05563888888888889
5 0.5184907407407408 0.7601203703703703 0.11151851851851852 0.07799074074074075
5 0.5346574074074074 0.5633981481481481 0.10372222222222222 0.07947222222222222
5 0.6321018518518519 0.5262222222222223 0.06737037037037037 0.07978703703703705
5 0.6927407407407407 0.6454722222222222 0.1272962962962963 0.09410185185185185
5 0.7736759259259259 0.4865925925925926 0.07678703703703704 0.08547222222222223
5 0.8732407407407408 0.4799907407407407 0.11546296296296296 0.06282407407407407
5 0.6391851851851852 0.10328703703703704 0.0720925925925926 0.10935185185185185
5 0.6660833333333334 0.19543518518518518 0.06925925925925926 0.08626851851851852
5 0.7859259259259259 0.2692037037037037 0.0892037037037037 0.06337037037037037
5 0.8096574074074073 0.3445740740740741 0.08140740740740741 0.08372222222222223
5 0.8902222222222222 0.3303333333333333 0.054046296296296294 0.09067592592592594
5 0.7521944444444445 0.374462962962963 0.06710185185185186 0.0726574074074074
5 0.6667500000000001 0.3964259259259259 0.10311111111111111 0.06838888888888889
5 0.5448796296296297 0.4054259259259259 0.1087962962962963 0.05946296296296296
5 0.6019166666666668 0.2574259259259259 0.0684074074074074 0.15602777777777777
5 0.2786574074074074 0.1816111111111111 0.06668518518518518 0.06816666666666667
5 0.23287962962962963 0.24097222222222223 0.08001851851851852 0.07067592592592592
5 0.1388611111111111 0.3486388888888889 0.054953703703703706 0.059277777777777776
5 0.3590740740740741 0.3242777777777778 0.1439074074074074 0.07288888888888889
5 0.4055462962962963 0.1495 0.1575 0.1810925925925926
5 0.1921388888888889 0.4613703703703703 0.1445 0.1118425925925926
5 0.16061111111111112 0.59675 0.1112037037037037 0.08923148148148148
5 0.5258981481481482 0.20427777777777778 0.07939814814814815 0.06999999999999999
5 0.3257129629629629 0.4288888888888889 0.07193518518518519 0.09296296296296297
5 0.5018055555555556 0.2768796296296296 0.11275925925925925 0.07806481481481482
5 0.4940740740740741 0.34855555555555556 0.07877777777777778 0.0435
5 0.7078611111111112 0.3062314814814815 0.07635185185185185 0.05892592592592592