14 0.43943518518518515 0.5876018518518519 0.8788703703703703 0.706675925925926
11 0.582574074074074 0.3040277777777778 0.09944444444444445 0.07336111111111111
11 0.6602962962962963 0.3425092592592593 0.07622222222222222 0.048462962962962965
11 0.6738240740740741 0.39084259259259263 0.09325 0.033249999999999995
11 0.6930277777777778 0.4446851851851852 0.08155555555555555 0.061101851851851845
11 0.7188240740740741 0.4990277777777778 0.08473148148148149 0.0509537037037037
11 0.6757407407407408 0.5520092592592593 0.09208333333333334 0.056685185185185186
11 0.593925925925926 0.4556851851851852 0.08207407407407408 0.06775925925925927
11 0.580324074074074 0.38866666666666666 0.08658333333333333 0.06562962962962962
11 0.6223981481481482 0.5196481481481482 0.09058333333333334 0.07484259259259259
11 0.4346296296296296 0.2943425925925926 0.1909722222222222 0.06736111111111111
11 0.4386481481481482 0.33616666666666667 0.08544444444444445 0.04913888888888889
11 0.42462037037037037 0.3849074074074074 0.07075 0.06647222222222222
11 0.3691851851851852 0.44316666666666665 0.10014814814814814 0.07277777777777777
11 0.31475000000000003 0.3546944444444444 0.06475925925925925 0.05613888888888889
11 0.3700185185185185 0.38149074074074074 0.07175925925925926 0.054620370370370375
11 0.2376111111111111 0.3384166666666667 0.0908148148148148 0.05531481481481482
11 0.21774074074074073 0.3811574074074074 0.08781481481481482 0.04727777777777778
11 0.2664166666666667 0.4103703703703704 0.09331481481481482 0.05560185185185185
11 0.1993611111111111 0.4812314814814815 0.09755555555555555 0.06207407407407408
11 0.14100925925925925 0.418962962962963 0.07792592592592593 0.04775
11 0.12423148148148147 0.5265833333333334 0.09278703703703703 0.05592592592592593
11 0.10377777777777777 0.5931944444444445 0.09362962962962963 0.06557407407407406
11 0.2532962962962963 0.5618055555555556 0.1338425925925926 0.04956481481481482
11 0.20687962962962964 0.6217407407407407 0.09444444444444444 0.05253703703703704
11 0.18025 0.6738240740740741 0.09962962962962962 0.06318518518518518
11 0.21899074074074074 0.744712962962963 0.09026851851851851 0.07806481481481482
11 0.29504629629629625 0.6862037037037038 0.09042592592592592 0.07625925925925926
11 0.32593518518518516 0.6186759259259259 0.08875 0.07647222222222222
11 0.3142407407407407 0.7738425925925926 0.06537962962962963 0.08789814814814816
11 0.46075925925925926 0.7615740740740741 0.09958333333333333 0.08172222222222222
11 0.4598425925925926 0.5925555555555556 0.09607407407407408 0.059296296296296305
11 0.4615092592592593 0.6779351851851851 0.08605555555555555 0.08477777777777779
11 0.5252129629629629 0.636962962962963 0.08821296296296297 0.06794444444444445
11 0.5303888888888889 0.7314444444444445 0.08187037037037037 0.06988888888888889
11 0.605111111111111 0.7195092592592593 0.08602777777777777 0.08442592592592593
11 0.4962407407407408 0.4891944444444445 0.09539814814814815 0.0612962962962963
11 0.3573425925925926 0.5265462962962962 0.09606481481481481 0.04153703703703704