14 0.45601851851851855 0.5777777777777777 0.9120370370370371 0.8222222222222222
11 0.6092592592592593 0.3175925925925926 0.10925925925925926 0.08611111111111111
11 0.6805555555555556 0.3662037037037037 0.0824074074074074 0.058333333333333334
11 0.6875 0.4162037037037037 0.09722222222222222 0.046296296296296294
11 0.6990740740740741 0.4722222222222222 0.08981481481481482 0.07222222222222222
11 0.7166666666666667 0.5296296296296297 0.09074074074074075 0.062037037037037036
11 0.6666666666666666 0.575925925925926 0.09907407407407408 0.06851851851851852
11 0.5990740740740741 0.4689814814814815 0.09074074074074075 0.0787037037037037
11 0.5949074074074074 0.4009259259259259 0.09537037037037037 0.07685185185185185
11 0.6185185185185185 0.5365740740740741 0.1 0.08703703703703704
11 0.4638888888888889 0.28703703703703703 0.19907407407407407 0.09259259259259259
11 0.462037037037037 0.32916666666666666 0.09166666666666666 0.06018518518518518
11 0.4412037037037037 0.37546296296296294 0.07962962962962963 0.07592592592592592
11 0.37824074074074077 0.425462962962963 0.10925925925925926 0.08611111111111111
11 0.3365740740740741 0.33055555555555555 0.07222222222222222 0.06388888888888888
11 0.38796296296296295 0.36435185185185187 0.0787037037037037 0.06388888888888888
11 0.2625 0.30324074074074076 0.09722222222222222 0.06666666666666667
11 0.23703703703703705 0.34305555555555556 0.09351851851851851 0.05925925925925926
11 0.2810185185185185 0.3787037037037037 0.1 0.06759259259259259
11 0.2050925925925926 0.4393518518518518 0.10462962962962963 0.075
11 0.15555555555555556 0.3699074074074074 0.08333333333333333 0.05740740740740741
11 0.12407407407407407 0.4740740740740741 0.09907407407407408 0.06759259259259259
11 0.09444444444444444 0.5370370370370371 0.10185185185185185 0.07777777777777778
11 0.24722222222222223 0.5268518518518519 0.1398148148148148 0.06851851851851852
11 0.1925925925925926 0.5796296296296296 0.10092592592592593 0.06574074074074074
11 0.15925925925925927 0.6277777777777778 0.10740740740740741 0.07592592592592592
11 0.1875 0.7032407407407407 0.1 0.08981481481481482
11 0.2712962962962963 0.6560185185185186 0.1 0.08796296296296297
11 0.3111111111111111 0.5935185185185186 0.09814814814814815 0.08796296296296297
11 0.2777777777777778 0.7453703703703703 0.07685185185185185 0.0962962962962963
11 0.42453703703703705 0.7537037037037037 0.10925925925925926 0.09537037037037037
11 0.44722222222222224 0.5861111111111111 0.1037037037037037 0.07222222222222222
11 0.43703703703703706 0.6708333333333333 0.09722222222222222 0.0962962962962963
11 0.5060185185185185 0.6393518518518518 0.0962962962962963 0.07962962962962963
11 0.4976851851851852 0.7333333333333333 0.09074074074074075 0.08055555555555556
11 0.5736111111111111 0.7319444444444444 0.09722222222222222 0.0962962962962963
11 0.4976851851851852 0.4888888888888889 0.10277777777777777 0.07407407407407407
11 0.35509259259259257 0.5064814814814815 0.10092592592592593 0.05462962962962963