14 0.5 0.5 1 1
4 0.6226851851851852 0.5050925925925925 0.18055555555555555 0.16666666666666666
4 0.31296296296296294 0.47824074074074074 0.17592592592592593 0.14814814814814814
4 0.32037037037037036 0.27314814814814814 0.14166666666666666 0.1111111111111111
4 0.5273148148148148 0.1476851851851852 0.15925925925925927 0.11388888888888889
4 0.7837962962962963 0.06712962962962964 0.1361111111111111 0.10092592592592593
4 0.899074074074074 0.30972222222222223 0.16018518518518518 0.1648148148148148
4 0.5847222222222223 0.3037037037037037 0.15462962962962962 0.10740740740740741
4 0.8842592592592593 0.5564814814814815 0.16944444444444445 0.1425925925925926
4 0.7217592592592592 0.7532407407407408 0.2175925925925926 0.1361111111111111
4 0.3726851851851852 0.7148148148148148 0.2175925925925926 0.17314814814814813
4 0.07268518518518519 0.48842592592592593 0.14537037037037037 0.1361111111111111
4 0.06944444444444445 0.2638888888888889 0.1388888888888889 0.10925925925925926
9 0.02638888888888889 0.23148148148148148 0.05277777777777778 0.04722222222222222
9 0.09166666666666666 0.2023148148148148 0.03425925925925926 0.030555555555555555
9 0.19768518518518519 0.19027777777777777 0.05462962962962963 0.05277777777777778
9 0.22083333333333333 0.24583333333333332 0.05462962962962963 0.05
9 0.30324074074074076 0.1875 0.04259259259259259 0.041666666666666664
9 0.3958333333333333 0.13935185185185187 0.05185185185185185 0.062037037037037036
9 0.4462962962962963 0.18888888888888888 0.04722222222222222 0.05092592592592592
9 0.5143518518518518 0.09212962962962963 0.06759259259259259 0.05092592592592592
9 0.6578703703703703 0.15 0.06296296296296296 0.07777777777777778
9 0.575925925925926 0.20601851851851852 0.06018518518518518 0.053703703703703705
9 0.5578703703703703 0.2611111111111111 0.05092592592592592 0.04537037037037037
9 0.4666666666666667 0.29814814814814816 0.09074074074074075 0.05740740740740741
9 0.2902777777777778 0.3263888888888889 0.053703703703703705 0.053703703703703705
9 0.3773148148148148 0.31296296296296294 0.044444444444444446 0.03888888888888889
9 0.36203703703703705 0.3680555555555556 0.06666666666666667 0.05092592592592592
9 0.2263888888888889 0.37916666666666665 0.05925925925925926 0.05277777777777778
9 0.15 0.324537037037037 0.1037037037037037 0.09166666666666666
9 0.10925925925925926 0.375 0.06481481481481481 0.05092592592592592
9 0.01574074074074074 0.37546296296296294 0.03148148148148148 0.06388888888888888
9 0.033796296296296297 0.425462962962963 0.05277777777777778 0.03611111111111111
9 0.005092592592592593 0.5023148148148148 0.010185185185185186 0.06944444444444445
9 0.14907407407407408 0.4671296296296296 0.07777777777777778 0.08611111111111111
9 0.20787037037037037 0.4699074074074074 0.049074074074074076 0.04814814814814815
9 0.22268518518518518 0.5328703703703703 0.05092592592592592 0.05092592592592592
9 0.11898148148148148 0.5574074074074075 0.05740740740740741 0.06759259259259259
9 0.02175925925925926 0.600925925925926 0.03796296296296296 0.053703703703703705
9 0.30185185185185187 0.562037037037037 0.06759259259259259 0.05648148148148148
9 0.4134259259259259 0.5439814814814815 0.07314814814814814 0.06111111111111111
9 0.300462962962963 0.6402777777777777 0.07407407407407407 0.0712962962962963
9 0.39814814814814814 0.6171296296296296 0.08055555555555556 0.06296296296296296
9 0.16666666666666666 0.7032407407407407 0.08703703703703704 0.07407407407407407
9 0.07175925925925926 0.7578703703703704 0.04814814814814815 0.06111111111111111
9 0.28935185185185186 0.8342592592592593 0.08611111111111111 0.08611111111111111
9 0.15648148148148147 0.8263888888888888 0.11388888888888889 0.09351851851851851
9 0.14027777777777778 0.887962962962963 0.11018518518518519 0.09444444444444444
9 0.42962962962962964 0.8421296296296297 0.08888888888888889 0.07685185185185185
9 0.5537037037037037 0.7944444444444444 0.09537037037037037 0.08703703703703704
9 0.5138888888888888 0.711574074074074 0.07592592592592592 0.07407407407407407
9 0.49444444444444446 0.5958333333333333 0.06388888888888888 0.06111111111111111
9 0.5643518518518519 0.6134259259259259 0.08518518518518518 0.07685185185185185
9 0.7166666666666667 0.7078703703703704 0.1 0.07407407407407407
9 0.8629629629629629 0.7189814814814814 0.11481481481481481 0.08425925925925926
9 0.8342592592592593 0.6421296296296296 0.0824074074074074 0.08425925925925926
9 0.7833333333333333 0.5935185185185186 0.07037037037037037 0.06666666666666667
9 0.7208333333333333 0.5569444444444445 0.0787037037037037 0.07314814814814814
9 0.7231481481481481 0.48148148148148145 0.058333333333333334 0.06666666666666667
9 0.8194444444444444 0.5078703703703704 0.08333333333333333 0.07222222222222222
9 0.9819444444444444 0.6847222222222222 0.03611111111111111 0.0787037037037037
9 0.9712962962962963 0.6171296296296296 0.05740740740740741 0.07314814814814814
9 0.7435185185185185 0.34953703703703703 0.08148148148148149 0.09907407407407408
9 0.5958333333333333 0.42824074074074076 0.09351851851851851 0.05
9 0.6606481481481481 0.4 0.062037037037037036 0.06111111111111111
9 0.9055555555555556 0.31805555555555554 0.07962962962962963 0.07685185185185185
9 0.5564814814814815 0.38101851851851853 0.06388888888888888 0.05648148148148148
9 0.4634259259259259 0.4162037037037037 0.06296296296296296 0.06111111111111111
9 0.7638888888888888 0.25092592592592594 0.06296296296296296 0.06111111111111111
9 0.8421296296296297 0.2361111111111111 0.075 0.05462962962962963
9 0.8273148148148148 0.1337962962962963 0.07037037037037037 0.08611111111111111
9 0.8782407407407408 0.07546296296296297 0.04814814814814815 0.04814814814814815
9 0.7208333333333333 0.19490740740740742 0.06296296296296296 0.053703703703703705
9 0.6986111111111111 0.09537037037037037 0.06111111111111111 0.058333333333333334
9 0.4203703703703704 0.4615740740740741 0.07222222222222222 0.08703703703703704
9 0.3421296296296296 0.44027777777777777 0.08703703703703704 0.1037037037037037
9 0.9930555555555556 0.4703703703703704 0.013888888888888888 0.04814814814814815
9 0.9226851851851852 0.18333333333333332 0.025925925925925925 0.05