14 0.5 0.5036458333333333 1 0.9927083333333333
7 0.2359375 0.6161458333333333 0.15 0.11875
7 0.7020833333333333 0.26614583333333336 0.14791666666666667 0.09375
7 0.7953125 0.7166666666666667 0.409375 0.50625
7 0.19791666666666666 0.9447916666666667 0.22291666666666668 0.11041666666666666
7 0.0578125 0.6229166666666667 0.10520833333333333 0.12083333333333333
7 0.43645833333333334 0.40208333333333335 0.11145833333333334 0.096875
7 0.30104166666666665 0.3671875 0.08645833333333333 0.08020833333333334
7 0.10885416666666667 0.359375 0.09895833333333333 0.090625
7 0.015104166666666667 0.3828125 0.030208333333333334 0.07395833333333333
7 0.09375 0.29791666666666666 0.06875 0.052083333333333336
7 0.2140625 0.22864583333333333 0.078125 0.06145833333333333
7 0.3026041666666667 0.17864583333333334 0.04791666666666667 0.05416666666666667
7 0.3015625 0.2791666666666667 0.071875 0.05520833333333333
7 0.47552083333333334 0.2838541666666667 0.04895833333333333 0.06145833333333333
7 0.4734375 0.20677083333333332 0.10520833333333333 0.09166666666666666
7 0.43645833333333334 0.15520833333333334 0.059375 0.041666666666666664
7 0.6072916666666667 0.08802083333333334 0.15833333333333333 0.115625
7 0.8067708333333333 0.07447916666666667 0.21979166666666666 0.11354166666666667
7 0.6864583333333333 0.15989583333333332 0.11875 0.08541666666666667
8 0.15520833333333334 0.8265625 0.165625 0.14166666666666666
8 0.29583333333333334 0.4869791666666667 0.134375 0.11041666666666666
8 0.5484375 0.47239583333333335 0.15833333333333333 0.121875
8 0.8541666666666666 0.19947916666666668 0.184375 0.10104166666666667
8 0.8755208333333333 0.2609375 0.16875 0.09166666666666666
8 0.7588541666666667 0.4671875 0.11666666666666667 0.08125
8 0.95625 0.43385416666666665 0.0875 0.10104166666666667
7 0.7619791666666667 0.3776041666666667 0.203125 0.21041666666666667
7 0.5854166666666667 0.1734375 0.09270833333333334 0.07604166666666666
8 0.5359375 0.5604166666666667 0.15625 0.12395833333333334