14 0.5 0.5 1 1
15 0.5023148148148148 0.6892411143131604 0.16574074074074074 0.17579250720461095
15 0.3347222222222222 0.5619596541786743 0.13796296296296295 0.11815561959654179
15 0.5125 0.5456292026897214 0.22592592592592592 0.13928914505283382
15 0.6893518518518519 0.691162343900096 0.12314814814814815 0.08741594620557157
15 0.7625 0.6724303554274735 0.12314814814814815 0.06532180595581172
15 0.7851851851851852 0.5470701248799231 0.09444444444444444 0.06532180595581172
15 0.6916666666666667 0.33621517771373677 0.09722222222222222 0.07780979827089338
15 0.6814814814814815 0.41354466858789624 0.10740740740740741 0.07492795389048991
15 0.5782407407407407 0.41930835734870314 0.1388888888888889 0.1287223823246878
15 0.4203703703703704 0.4058597502401537 0.13148148148148148 0.12199807877041306
15 0.23194444444444445 0.3035542747358309 0.125 0.09606147934678194
15 0.324537037037037 0.18155619596541786 0.1398148148148148 0.12007684918347743
15 0.6273148148148148 0.15369836695485112 0.08611111111111111 0.07684918347742556
15 0.7736111111111111 0.21517771373679154 0.08333333333333333 0.06051873198847262
15 0.8412037037037037 0.3045148895292987 0.11296296296296296 0.11815561959654179
15 0.4305555555555556 0.09990393852065321 0.09444444444444444 0.09221902017291066
15 0.874537037037037 0.42843419788664744 0.08518518518518518 0.08357348703170028
15 0.9527777777777777 0.4553314121037464 0.09444444444444444 0.09221902017291066
15 0.5740740740740741 0.2334293948126801 0.20833333333333334 0.13544668587896252
15 0.4462962962962963 0.2584053794428434 0.07592592592592592 0.08069164265129683
15 0.6050925925925926 0.3227665706051873 0.1 0.07684918347742556