14 0.5 0.5223958333333333 1 0.9552083333333333
7 0.21197916666666666 0.5135416666666667 0.14479166666666668 0.10833333333333334
7 0.7723958333333333 0.3541666666666667 0.14375 0.08333333333333333
7 0.7432291666666667 0.79375 0.478125 0.4125
7 0.0734375 0.8536458333333333 0.146875 0.196875
7 0.04583333333333333 0.4557291666666667 0.09166666666666666 0.115625
7 0.47552083333333334 0.3859375 0.10625 0.08958333333333333
7 0.3619791666666667 0.3046875 0.08229166666666667 0.075
7 0.18541666666666667 0.228125 0.09375 0.08541666666666667
7 0.06822916666666666 0.209375 0.071875 0.06979166666666667
7 0.19322916666666667 0.165625 0.06666666666666667 0.04791666666666667
7 0.3302083333333333 0.14427083333333332 0.075 0.05625
7 0.43072916666666666 0.12916666666666668 0.04479166666666667 0.052083333333333336
7 0.39375 0.22239583333333332 0.06979166666666667 0.05
7 0.5541666666666667 0.2890625 0.04479166666666667 0.058333333333333334
7 0.5802083333333333 0.21666666666666667 0.1 0.084375
7 0.5640625 0.15520833333333334 0.057291666666666664 0.0375
7 0.7479166666666667 0.15416666666666667 0.153125 0.10416666666666667
7 0.9151041666666667 0.2125 0.16979166666666667 0.09583333333333334
7 0.7958333333333333 0.24895833333333334 0.11458333333333333 0.07708333333333334
8 0.0703125 0.68125 0.140625 0.13125
8 0.3140625 0.41458333333333336 0.128125 0.10208333333333333
8 0.5552083333333333 0.49166666666666664 0.15208333333333332 0.11145833333333334
8 0.9234375 0.3458333333333333 0.153125 0.0875
8 0.9265625 0.4114583333333333 0.146875 0.07916666666666666
8 0.753125 0.5619791666666667 0.11354166666666667 0.07291666666666667
8 0.9520833333333333 0.603125 0.08645833333333333 0.09583333333333334
7 0.7885416666666667 0.4796875 0.190625 0.19895833333333332
7 0.696875 0.22552083333333334 0.08854166666666667 0.06979166666666667
8 0.5114583333333333 0.5692708333333333 0.15104166666666666 0.11354166666666667