14 0.5 0.5 1 1
5 0.2875 0.6657407407407407 0.16111111111111112 0.12777777777777777
5 0.3912037037037037 0.49398148148148147 0.11574074074074074 0.10277777777777777
5 0.2574074074074074 0.525 0.12407407407407407 0.0962962962962963
5 0.2796296296296296 0.4638888888888889 0.11944444444444445 0.075
5 0.4912037037037037 0.6754629629629629 0.1287037037037037 0.0824074074074074
5 0.4550925925925926 0.7569444444444444 0.12685185185185185 0.10277777777777777
5 0.5185185185185185 0.5699074074074074 0.11944444444444445 0.10185185185185185
5 0.6217592592592592 0.5574074074074075 0.08518518518518518 0.09351851851851851
5 0.6518518518518519 0.687962962962963 0.14629629629629629 0.12222222222222222
5 0.7689814814814815 0.5532407407407407 0.09537037037037037 0.10185185185185185
5 0.8671296296296296 0.5708333333333333 0.12685185185185185 0.08888888888888889
5 0.7310185185185185 0.1486111111111111 0.0962962962962963 0.12407407407407407
5 0.7347222222222223 0.24444444444444444 0.08796296296296297 0.10092592592592593
5 0.8333333333333334 0.3453703703703704 0.10185185185185185 0.0824074074074074
5 0.8379629629629629 0.42407407407407405 0.09907407407407408 0.10092592592592593
5 0.9199074074074074 0.42962962962962964 0.075 0.10092592592592593
5 0.775 0.4393518518518518 0.08333333333333333 0.08703703703703704
5 0.687037037037037 0.4398148148148148 0.11666666666666667 0.09166666666666666
5 0.5662037037037037 0.41898148148148145 0.11944444444444445 0.08333333333333333
5 0.6574074074074074 0.28935185185185186 0.1037037037037037 0.1675925925925926
5 0.36203703703703705 0.1375 0.08148148148148149 0.0824074074074074
5 0.3037037037037037 0.18425925925925926 0.09537037037037037 0.08796296296296297
5 0.18611111111111112 0.2657407407407407 0.06851851851851852 0.0712962962962963
5 0.40555555555555556 0.2953703703703704 0.1574074074074074 0.10555555555555556
5 0.4930555555555556 0.13703703703703704 0.1962962962962963 0.21296296296296297
5 0.21064814814814814 0.38796296296296295 0.1675925925925926 0.14351851851851852
5 0.14722222222222223 0.5115740740740741 0.13055555555555556 0.11388888888888889
5 0.5967592592592592 0.21944444444444444 0.09444444444444444 0.08703703703703704
5 0.34814814814814815 0.3888888888888889 0.09259259259259259 0.10740740740740741
5 0.5555555555555556 0.28379629629629627 0.1287037037037037 0.10277777777777777
5 0.5310185185185186 0.35185185185185186 0.08703703703703704 0.06111111111111111
5 0.7486111111111111 0.3625 0.08888888888888889 0.07592592592592592