14 0.4689814814814815 0.5402360515021459 0.937962962962963 0.9195278969957081
8 0.21851851851851853 0.6464592274678111 0.14907407407407408 0.1351931330472103
8 0.26990740740740743 0.805793991416309 0.11851851851851852 0.17489270386266095
8 0.43333333333333335 0.8615879828326181 0.07407407407407407 0.07510729613733906
8 0.4305555555555556 0.6062231759656652 0.11203703703703703 0.10836909871244635
8 0.6486111111111111 0.73068669527897 0.19166666666666668 0.20708154506437768
8 0.6458333333333334 0.38090128755364805 0.16574074074074074 0.16523605150214593
8 0.4337962962962963 0.17757510729613735 0.0712962962962963 0.0890557939914163
8 0.3578703703703704 0.3438841201716738 0.1 0.08369098712446352
8 0.15231481481481482 0.45869098712446355 0.06018518518518518 0.07618025751072961
8 0.39861111111111114 0.4978540772532189 0.062037037037037036 0.06437768240343347
8 0.6189814814814815 0.569206008583691 0.05925925925925926 0.06223175965665236
8 0.5208333333333334 0.26180257510729615 0.06944444444444445 0.0536480686695279