14 0.5 0.5078703703703704 1 0.9842592592592593
15 0.5717592592592593 0.7291666666666666 0.25 0.225
15 0.12407407407407407 0.3731481481481482 0.23981481481481481 0.2
15 0.44212962962962965 0.15092592592592594 0.19722222222222222 0.125
7 0.7620370370370371 0.38055555555555554 0.3814814814814815 0.24259259259259258
4 0.36435185185185187 0.42777777777777776 0.25 0.20092592592592592
4 0.22916666666666666 0.674537037037037 0.24351851851851852 0.1527777777777778
4 0.36574074074074076 0.6087962962962963 0.20555555555555555 0.11851851851851852
7 0.5111111111111111 0.5370370370370371 0.09444444444444444 0.10277777777777777
7 0.5675925925925925 0.513425925925926 0.11203703703703703 0.15
7 0.6935185185185185 0.5574074074074075 0.1111111111111111 0.12222222222222222