14 0.5013888888888889 0.49675925925925923 0.9972222222222222 0.9879629629629629
4 0.30277777777777776 0.6300925925925925 0.15925925925925927 0.15833333333333333
4 0.4703703703703704 0.5083333333333333 0.16203703703703703 0.15
4 0.8273148148148148 0.625462962962963 0.2175925925925926 0.11574074074074074
4 0.5726851851851852 0.7055555555555556 0.14907407407407408 0.13703703703703704
4 0.7486111111111111 0.3851851851851852 0.11574074074074074 0.11203703703703703
4 0.1935185185185185 0.3537037037037037 0.1962962962962963 0.16018518518518518
7 0.3263888888888889 0.25462962962962965 0.16111111111111112 0.18425925925925926
7 0.836574074074074 0.34444444444444444 0.19907407407407407 0.2574074074074074
7 0.1300925925925926 0.6032407407407407 0.13425925925925927 0.1638888888888889
7 0.44907407407407407 0.7268518518518519 0.10092592592592593 0.1287037037037037