14 0.4759722222222222 0.4685701021355617 0.9414444444444444 0.8805849582172702
15 0.3707592592592593 0.6126555246053854 0.1605 0.1034447539461467
15 0.27617592592592594 0.4869266480965645 0.07953703703703704 0.1446146703806871
15 0.2866666666666667 0.36827298050139273 0.0874074074074074 0.0848560817084494
15 0.6058333333333333 0.31288765088207987 0.07325 0.04314763231197771
7 0.5864814814814815 0.8323862581244197 0.35587037037037034 0.11876508820798513
7 0.8194351851851852 0.6652367688022285 0.11026851851851852 0.2085979572887651
8 0.7210740740740741 0.43401114206128133 0.09716666666666667 0.08481894150417826
15 0.6915370370370371 0.3480037140204271 0.06332407407407407 0.0633983286908078
15 0.5828888888888889 0.6749210770659239 0.09539814814814815 0.09819870009285052
7 0.11770370370370371 0.517038068709378 0.11937037037037036 0.10433611884865367
7 0.7421666666666666 0.1935376044568245 0.1053148148148148 0.11471680594243268
7 0.21000000000000002 0.14803156917363047 0.08543518518518518 0.07197771587743733
15 0.2976666666666667 0.248941504178273 0.04594444444444444 0.043537604456824516