14 0.4824074074074074 0.43765432098765433 0.9388888888888889 0.8753086419753087
15 0.35 0.5907407407407408 0.20833333333333334 0.18641975308641975
15 0.2523148148148148 0.5203703703703704 0.1287037037037037 0.16790123456790124
15 0.6101851851851852 0.08148148148148149 0.14629629629629629 0.16296296296296298
15 0.20925925925925926 0.2839506172839506 0.1361111111111111 0.18518518518518517
2 0.26944444444444443 0.39814814814814814 0.11574074074074074 0.12962962962962962
2 0.2884259259259259 0.13703703703703704 0.14074074074074075 0.1419753086419753
2 0.4287037037037037 0.09753086419753086 0.06851851851851852 0.12345679012345678
2 0.4041666666666667 0.20617283950617285 0.10277777777777777 0.08395061728395062
2 0.6157407407407407 0.2617283950617284 0.0787037037037037 0.08024691358024691
2 0.5648148148148148 0.12530864197530864 0.06851851851851852 0.12098765432098765
2 0.7027777777777777 0.053703703703703705 0.05925925925925926 0.09135802469135802
2 0.774537037037037 0.2802469135802469 0.09259259259259259 0.11851851851851852
2 0.5597222222222222 0.43950617283950616 0.17037037037037037 0.15308641975308643
2 0.6638888888888889 0.5018518518518519 0.15462962962962962 0.15308641975308643
2 0.48564814814814816 0.5833333333333334 0.1537037037037037 0.2037037037037037
2 0.39861111111111114 0.4185185185185185 0.1287037037037037 0.15432098765432098
4 0.3611111111111111 0.29444444444444445 0.14166666666666666 0.17160493827160495
4 0.49212962962962964 0.35802469135802467 0.14166666666666666 0.13209876543209875
4 0.5212962962962963 0.1925925925925926 0.10648148148148148 0.17407407407407408
4 0.6375 0.19197530864197532 0.10555555555555556 0.09135802469135802
4 0.6736111111111112 0.3530864197530864 0.12222222222222222 0.15308641975308643
4 0.725925925925926 0.15 0.09814814814814815 0.08395061728395062
4 0.6884259259259259 0.24074074074074073 0.07592592592592592 0.07530864197530865
15 0.3472222222222222 0.3314814814814815 0.07314814814814814 0.07777777777777778
15 0.47129629629629627 0.2154320987654321 0.06388888888888888 0.06419753086419754