14 0.5002314814814814 0.5592592592592592 0.999537037037037 0.8814814814814815
15 0.6216203703703704 0.7073148148148148 0.2145462962962963 0.18222222222222223
15 0.10523148148148148 0.4608703703703704 0.21046296296296296 0.15691666666666668
15 0.36516666666666664 0.17276851851851852 0.1831111111111111 0.08536111111111111
7 0.7283333333333334 0.3245648148148148 0.35291666666666666 0.16672222222222222
4 0.35174074074074074 0.45994444444444443 0.22107407407407406 0.15507407407407406
4 0.27535185185185185 0.7311666666666666 0.22571296296296298 0.10491666666666667
4 0.39340740740740743 0.6360555555555556 0.19328703703703703 0.07675
7 0.5189907407407407 0.5335092592592593 0.07748148148148148 0.08800000000000001
7 0.5686851851851852 0.4977037037037037 0.08428703703703704 0.1349074074074074
7 0.7014166666666667 0.5125185185185185 0.09049074074074075 0.10527777777777778