14 0.5 0.5 1 1
15 0.22361111111111112 0.2814533622559653 0.12407407407407407 0.13882863340563992
15 0.25833333333333336 0.21149674620390455 0.08888888888888889 0.09327548806941431
15 0.3685185185185185 0.22288503253796096 0.10462962962962963 0.12039045553145336
15 0.4101851851851852 0.31019522776572667 0.09166666666666666 0.09327548806941431
15 0.31527777777777777 0.306941431670282 0.11481481481481481 0.13232104121475055
15 0.3453703703703704 0.5509761388286334 0.11203703703703703 0.15075921908893708
15 0.48935185185185187 0.6106290672451193 0.1425925925925926 0.1822125813449024
15 0.4527777777777778 0.45281995661605207 0.10555555555555556 0.1193058568329718
15 0.5550925925925926 0.49295010845986986 0.12129629629629629 0.1399132321041215
15 0.5939814814814814 0.420824295010846 0.11944444444444445 0.12255965292841649
15 0.6087962962962963 0.32537960954446854 0.1175925925925926 0.11171366594360087
15 0.6689814814814815 0.39316702819956617 0.049074074074074076 0.08026030368763558
15 0.7601851851851852 0.5054229934924078 0.09074074074074075 0.10412147505422993
15 0.8425925925925926 0.4880694143167028 0.1398148148148148 0.1561822125813449
15 0.8273148148148148 0.618763557483731 0.1287037037037037 0.17462039045553146
15 0.462037037037037 0.1643167028199566 0.15092592592592594 0.1648590021691974
2 0.5217592592592593 0.267353579175705 0.2074074074074074 0.23318872017353579
4 0.7717592592592593 0.3329718004338395 0.15185185185185185 0.1442516268980477
4 0.2962962962962963 0.4511930585683297 0.23148148148148148 0.21366594360086769
4 0.6930555555555555 0.7131236442516269 0.1824074074074074 0.2017353579175705
4 0.6699074074074074 0.5428416485900217 0.15555555555555556 0.21908893709327548
4 0.49907407407407406 0.3703904555314534 0.1425925925925926 0.14099783080260303
4 0.6421296296296296 0.2077006507592191 0.15185185185185185 0.1702819956616052