14 0.5045185185185185 0.3805802469135802 0.8294074074074074 0.7397654320987654
15 0.33774074074074073 0.5398888888888889 0.19028703703703703 0.12833333333333333
15 0.2559537037037037 0.4397037037037037 0.10697222222222222 0.13785185185185184
15 0.6827685185185185 0.1295185185185185 0.1272777777777778 0.12651851851851853
15 0.25703703703703706 0.1965679012345679 0.11222222222222222 0.15362962962962962
2 0.29468518518518516 0.32658024691358023 0.10110185185185185 0.10090123456790125
2 0.3605740740740741 0.07953086419753086 0.1248611111111111 0.10475308641975307
2 0.5039351851851852 0.08653086419753087 0.05045370370370371 0.11050617283950617
2 0.46025925925925926 0.18382716049382716 0.09583333333333334 0.05408641975308642
2 0.6557685185185186 0.30601234567901237 0.07018518518518518 0.05976543209876543
2 0.6307777777777778 0.1570864197530864 0.051055555555555555 0.10758024691358024
2 0.7778333333333333 0.13219753086419753 0.04578703703703704 0.07839506172839507
2 0.8062222222222223 0.3753333333333333 0.07787037037037037 0.09551851851851853
2 0.5687407407407408 0.4606913580246914 0.15537962962962965 0.10575308641975308
2 0.6588518518518518 0.5544938271604938 0.13808333333333334 0.11228395061728395
2 0.4709074074074074 0.5760864197530864 0.12637962962962965 0.16780246913580246
2 0.416287037037037 0.38849382716049385 0.10972222222222222 0.1218395061728395
4 0.40270370370370373 0.2560246913580247 0.11960185185185183 0.1367283950617284
4 0.5181296296296297 0.3599012345679012 0.1282314814814815 0.09346913580246913
4 0.5763055555555555 0.20850617283950615 0.081 0.15280246913580248
4 0.6892592592592592 0.24554320987654318 0.09702777777777778 0.0622716049382716
4 0.6950277777777778 0.41371604938271606 0.1034537037037037 0.12433333333333332
4 0.7825555555555556 0.23348148148148148 0.09068518518518519 0.05662962962962963
4 0.7298611111111111 0.3090493827160494 0.06730555555555555 0.056074074074074075
15 0.3823796296296297 0.287 0.06545370370370371 0.05782716049382716
15 0.5239259259259259 0.21466666666666667 0.057555555555555554 0.04720987654320988