14 0.5444444444444444 0.6138888888888889 0.9111111111111111 0.6777777777777778
2 0.5763888888888888 0.5856481481481481 0.21574074074074073 0.16111111111111112
4 0.2972222222222222 0.6527777777777778 0.12685185185185185 0.1037037037037037
4 0.3787037037037037 0.7296296296296296 0.10740740740740741 0.10555555555555556
4 0.5226851851851851 0.7458333333333333 0.0962962962962963 0.06666666666666667
4 0.6712962962962963 0.6791666666666667 0.09722222222222222 0.0824074074074074
4 0.5675925925925925 0.6504629629629629 0.09537037037037037 0.06666666666666667
4 0.75 0.5722222222222222 0.12777777777777777 0.1037037037037037
4 0.8023148148148148 0.600462962962963 0.10462962962962963 0.06666666666666667
4 0.7875 0.49074074074074076 0.10092592592592593 0.0712962962962963
4 0.6125 0.5347222222222222 0.1398148148148148 0.11203703703703703
4 0.4324074074074074 0.5157407407407407 0.08611111111111111 0.07407407407407407
4 0.3726851851851852 0.5587962962962963 0.08518518518518518 0.07037037037037037
4 0.6185185185185185 0.4375 0.06296296296296296 0.06666666666666667