14 0.5013888888888889 0.4968425925925926 0.9972222222222222 0.9881296296296297
4 0.3026759259259259 0.6302685185185186 0.15997222222222224 0.1586574074074074
4 0.47025 0.508537037037037 0.1617962962962963 0.15041666666666664
4 0.8271666666666667 0.625638888888889 0.21821296296296294 0.1160925925925926
4 0.572787037037037 0.7057037037037037 0.1492777777777778 0.13733333333333334
4 0.7484722222222222 0.38520370370370366 0.11637962962962962 0.11207407407407408
4 0.19364814814814812 0.3537222222222222 0.1965648148148148 0.1602222222222222
7 0.3262777777777778 0.2546759259259259 0.16089814814814815 0.18435185185185185
7 0.8364259259259259 0.3442222222222222 0.19969444444444442 0.25696296296296295
7 0.13023148148148148 0.6034166666666667 0.13453703703703704 0.16424074074074074
7 0.4489537037037037 0.7267592592592592 0.10069444444444445 0.12852777777777777