14 0.511888888888889 0.6230370370370371 0.8191388888888889 0.45812037037037034
2 0.547787037037037 0.6043518518518519 0.19187037037037036 0.11055555555555556
4 0.2612407407407407 0.5867685185185185 0.10951851851851852 0.0753888888888889
4 0.31702777777777774 0.6839629629629629 0.08682407407407407 0.08458333333333333
4 0.4496574074074074 0.7418148148148148 0.08819444444444445 0.042898148148148144
4 0.6114444444444445 0.7212222222222222 0.08307407407407408 0.061879629629629625
4 0.520712962962963 0.6636018518518519 0.08679629629629629 0.04387037037037037
4 0.7179166666666666 0.6423055555555556 0.11083333333333334 0.07535185185185185
4 0.7598148148148148 0.684675925925926 0.09739814814814815 0.03899074074074074
4 0.7776388888888889 0.5749722222222222 0.09137962962962963 0.04716666666666666
4 0.5975555555555556 0.5659444444444445 0.12196296296296297 0.08002777777777778
4 0.4309074074074074 0.49536111111111114 0.07385185185185186 0.054620370370370375
4 0.361 0.5192037037037037 0.07293518518518519 0.05136111111111111
4 0.6318148148148148 0.47476851851851853 0.04974074074074074 0.055092592592592596