14 0.5 0.49025069637883006 1 0.9805013927576601
15 0.35324074074074074 0.5882079851439183 0.17592592592592593 0.12999071494893222
15 0.28194444444444444 0.4480037140204271 0.1037037037037037 0.15598885793871867
15 0.3125 0.3333333333333333 0.10092592592592593 0.09842154131847725
15 0.6365740740740741 0.3342618384401114 0.07962962962962963 0.05478180129990715
7 0.5277777777777778 0.8426183844011143 0.3712962962962963 0.17827298050139276
7 0.7861111111111111 0.7181987000928505 0.14537037037037037 0.22469823584029713
8 0.7291666666666666 0.4735376044568245 0.11018518518518519 0.10027855153203342
15 0.7148148148148148 0.38347260909935005 0.07314814814814814 0.0733519034354689
15 0.5513888888888889 0.6866295264623955 0.1111111111111111 0.11327762302692665
7 0.12037037037037036 0.4503249767873723 0.13518518518518519 0.12349117920148561
7 0.7916666666666666 0.2404828226555246 0.12314814814814815 0.1309192200557103
7 0.27546296296296297 0.10306406685236769 0.0962962962962963 0.08542246982358404
15 0.34444444444444444 0.21773444753946147 0.05277777777777778 0.0510677808727948