14 0.49444444444444446 0.48703703703703705 0.9888888888888889 0.9740740740740741
12 0.2800925925925926 0.2199074074074074 0.11574074074074074 0.06574074074074074
12 0.674537037037037 0.31574074074074077 0.08425925925925926 0.06388888888888888
12 0.40694444444444444 0.41574074074074074 0.12129629629629629 0.049074074074074076
12 0.5439814814814815 0.22453703703703703 0.062037037037037036 0.05462962962962963
12 0.7162037037037037 0.4699074074074074 0.11296296296296296 0.07037037037037037
12 0.21157407407407408 0.5861111111111111 0.1111111111111111 0.06759259259259259
5 0.5412037037037037 0.6078703703703704 0.08611111111111111 0.07222222222222222
5 0.4222222222222222 0.575 0.08333333333333333 0.0824074074074074
5 0.4837962962962963 0.48703703703703705 0.07685185185185185 0.06388888888888888
5 0.5111111111111111 0.3726851851851852 0.08055555555555556 0.07222222222222222
5 0.37962962962962965 0.2912037037037037 0.11296296296296296 0.06666666666666667
5 0.3592592592592593 0.17453703703703705 0.08333333333333333 0.07685185185185185
5 0.43796296296296294 0.1736111111111111 0.0712962962962963 0.06851851851851852
5 0.5212962962962963 0.16342592592592592 0.08055555555555556 0.06111111111111111
5 0.5138888888888888 0.24675925925925926 0.08981481481481482 0.05462962962962963
5 0.6324074074074074 0.3189814814814815 0.08888888888888889 0.09814814814814815
5 0.7925925925925926 0.4125 0.07592592592592592 0.07685185185185185
5 0.7944444444444444 0.5268518518518519 0.08796296296296297 0.06851851851851852
5 0.7175925925925926 0.6337962962962963 0.13703703703703704 0.11018518518518519
5 0.6356481481481482 0.7111111111111111 0.1361111111111111 0.1037037037037037
5 0.5324074074074074 0.7412037037037037 0.10092592592592593 0.10925925925925926
5 0.41574074074074074 0.7083333333333334 0.12777777777777777 0.09907407407407408
5 0.2625 0.5203703703703704 0.09814814814814815 0.09722222222222222
5 0.34120370370370373 0.46064814814814814 0.07777777777777778 0.09166666666666666
5 0.3277777777777778 0.37453703703703706 0.07777777777777778 0.06481481481481481
5 0.23657407407407408 0.26944444444444443 0.09166666666666666 0.09722222222222222
5 0.18287037037037038 0.39814814814814814 0.08425925925925926 0.08703703703703704
5 0.25787037037037036 0.6819444444444445 0.08333333333333333 0.10740740740740741
12 0.21342592592592594 0.5810185185185185 0.09259259259259259 0.05462962962962963
5 0.14027777777777778 0.5180555555555556 0.07962962962962963 0.05648148148148148
5 0.6041666666666666 0.4652777777777778 0.08981481481481482 0.07592592592592592