14 0.5 0.5 1 1
15 0.3449074074074074 0.5724233983286908 0.1824074074074074 0.14391829155060354
15 0.2884259259259259 0.425719591457753 0.11574074074074074 0.1606313834726091
15 0.33101851851851855 0.31429897864438255 0.10740740740740741 0.10584958217270195
15 0.6532407407407408 0.34958217270194986 0.0824074074074074 0.06128133704735376
7 0.49166666666666664 0.8435468895078923 0.375 0.2116991643454039
7 0.7615740740740741 0.7469823584029712 0.1638888888888889 0.23119777158774374
8 0.7305555555555555 0.4976787372330548 0.11666666666666667 0.10770659238625813
15 0.725925925925926 0.40668523676880225 0.07777777777777778 0.07799442896935933
15 0.5314814814814814 0.6912720519962859 0.11851851851851852 0.12070566388115135
7 0.12777777777777777 0.41086350974930363 0.14351851851851852 0.1327762302692665
7 0.8171296296296297 0.2725162488393686 0.13240740740740742 0.1392757660167131
7 0.31805555555555554 0.08170844939647168 0.10185185185185185 0.09285051067780872
15 0.37453703703703706 0.20287836583101207 0.05555555555555555 0.05478180129990715