14 0.5 0.5009259259259259 1 0.9981481481481481
15 0.5638888888888889 0.7319444444444444 0.25462962962962965 0.23148148148148148
15 0.1287037037037037 0.36018518518518516 0.24351851851851852 0.20555555555555555
15 0.4546296296296296 0.14907407407407408 0.19814814814814816 0.13055555555555556
7 0.7657407407407407 0.38981481481481484 0.38425925925925924 0.25277777777777777
4 0.36712962962962964 0.42314814814814816 0.2537037037037037 0.2064814814814815
4 0.22314814814814815 0.6652777777777777 0.24537037037037038 0.15925925925925927
4 0.36203703703703705 0.6037037037037037 0.2064814814814815 0.12407407407407407
7 0.5097222222222222 0.5375 0.09722222222222222 0.10462962962962963
7 0.5671296296296297 0.5157407407407407 0.11574074074074074 0.15185185185185185
7 0.6912037037037037 0.5643518518518519 0.11388888888888889 0.12407407407407407