14 0.513425925925926 0.5032679738562091 0.8888888888888888 0.9095860566448801
2 0.43148148148148147 0.4324618736383442 0.18703703703703703 0.1111111111111111
2 0.5722222222222222 0.39814814814814814 0.11944444444444445 0.1328976034858388
2 0.5106481481481482 0.5234204793028322 0.10833333333333334 0.1568627450980392
4 0.42962962962962964 0.6377995642701525 0.14814814814814814 0.17973856209150327
4 0.6648148148148149 0.6437908496732027 0.15833333333333333 0.1906318082788671
4 0.7319444444444444 0.4651416122004357 0.14629629629629629 0.144880174291939
4 0.5078703703703704 0.369281045751634 0.07962962962962963 0.06535947712418301
4 0.7106481481481481 0.32516339869281047 0.11203703703703703 0.08823529411764706
4 0.48657407407407405 0.24564270152505446 0.12407407407407407 0.11764705882352941
4 0.2777777777777778 0.4357298474945534 0.15648148148148147 0.18082788671023964