14 0.5013888888888889 0.5002314814814814 0.9972222222222222 0.999537037037037
15 0.56075 0.7725740740740741 0.2733425925925926 0.21087962962962964
15 0.8188240740740741 0.5848981481481482 0.2941388888888889 0.18275925925925926
15 0.5239444444444444 0.3625185185185185 0.21363888888888888 0.1315277777777778
15 0.9165092592592593 0.13574074074074075 0.1469074074074074 0.14091666666666666
15 0.6186203703703704 0.17346296296296296 0.17612037037037037 0.1098888888888889
15 0.39340740740740743 0.1320462962962963 0.19328703703703703 0.07798148148148148
15 0.20082407407407407 0.15587962962962962 0.23405555555555554 0.07472222222222223
15 0.27721296296296294 0.048046296296296295 0.08127777777777778 0.0535
15 0.0531574074074074 0.28037962962962965 0.09612962962962962 0.07372222222222223
15 0.3197962962962963 0.5298333333333334 0.24051851851851852 0.13744444444444445
4 0.18091666666666664 0.6987592592592592 0.32941666666666664 0.15862037037037038
4 0.8401203703703705 0.41550925925925924 0.2996851851851852 0.14028703703703702
4 0.5570462962962963 0.5575925925925926 0.17335185185185184 0.19296296296296298
4 0.2519814814814815 0.3590555555555555 0.23913888888888887 0.11995370370370372
4 0.6605092592592593 0.048962962962962965 0.21824074074074074 0.09237962962962963
4 0.8748425925925927 0.24821296296296297 0.2487592592592593 0.09734259259259259
15 0.30446296296296294 0.24269444444444446 0.22250925925925927 0.05452777777777778