14 0.5 0.5 1 1
15 0.6203703703703703 0.7518518518518519 0.3138888888888889 0.26666666666666666
15 0.8296296296296296 0.5111111111111111 0.3277777777777778 0.24444444444444444
15 0.4925925925925926 0.36064814814814816 0.23796296296296296 0.17685185185185184
15 0.8236111111111111 0.06805555555555555 0.175 0.1361111111111111
15 0.5421296296296296 0.1550925925925926 0.1962962962962963 0.14722222222222223
15 0.31342592592592594 0.16527777777777777 0.20555555555555555 0.11944444444444445
15 0.1310185185185185 0.23194444444444445 0.24537037037037038 0.1259259259259259
15 0.1814814814814815 0.10972222222222222 0.09074074074074075 0.07037037037037037
15 0.03518518518518519 0.38657407407407407 0.07037037037037037 0.09351851851851851
15 0.33101851851851855 0.5694444444444444 0.26481481481481484 0.18796296296296297
4 0.2337962962962963 0.7652777777777777 0.35648148148148145 0.22870370370370371
4 0.8125 0.34120370370370373 0.32314814814814813 0.20462962962962963
4 0.5685185185185185 0.5430555555555555 0.21203703703703702 0.22685185185185186
4 0.22685185185185186 0.4185185185185185 0.2601851851851852 0.1712962962962963
4 0.5546296296296296 0.04675925925925926 0.23333333333333334 0.09351851851851851
4 0.8087962962962963 0.17037037037037037 0.26481481481481484 0.15092592592592594
15 0.2513888888888889 0.29305555555555557 0.22870370370370371 0.10277777777777777