14 0.5 0.6310185185185185 1 0.7379629629629629
15 0.3384259259259259 0.5518518518518518 0.125 0.08888888888888889
15 0.4689814814814815 0.5921296296296297 0.12685185185185185 0.10462962962962963
15 0.6277777777777778 0.6337962962962963 0.12037037037037036 0.11388888888888889
15 0.7185185185185186 0.6638888888888889 0.11666666666666667 0.09074074074074075
15 0.5842592592592593 0.737037037037037 0.09351851851851851 0.09259259259259259
15 0.6509259259259259 0.9388888888888889 0.11481481481481481 0.12222222222222222
15 0.925 0.9393518518518519 0.13333333333333333 0.12129629629629629
15 0.40694444444444444 0.9444444444444444 0.16574074074074074 0.1111111111111111
15 0.3421296296296296 0.8328703703703704 0.16944444444444445 0.10462962962962963
15 0.23425925925925925 0.9513888888888888 0.18518518518518517 0.0824074074074074
15 0.0912037037037037 0.8800925925925925 0.09722222222222222 0.14814814814814814
15 0.17962962962962964 0.7050925925925926 0.13148148148148148 0.10833333333333334
15 0.04583333333333333 0.6995370370370371 0.08055555555555556 0.1388888888888889
15 0.13240740740740742 0.4759259259259259 0.1111111111111111 0.07037037037037037
15 0.1865740740740741 0.5611111111111111 0.10277777777777777 0.07037037037037037
15 0.3439814814814815 0.3523148148148148 0.09907407407407408 0.07407407407407407
15 0.3592592592592593 0.4115740740740741 0.14351851851851852 0.06388888888888888
15 0.23472222222222222 0.35462962962962963 0.10277777777777777 0.05555555555555555
0 0.2657407407407407 0.7462962962962963 0.15555555555555556 0.21851851851851853
0 0.7324074074074074 0.7791666666666667 0.10740740740740741 0.18703703703703703
0 0.8472222222222222 0.861574074074074 0.10092592592592593 0.12962962962962962
0 0.0875 0.7865740740740741 0.16018518518518518 0.03518518518518519
0 0.5967592592592592 0.49722222222222223 0.1638888888888889 0.07222222222222222
0 0.4777777777777778 0.33055555555555555 0.10277777777777777 0.058333333333333334
3 0.3851851851851852 0.7611111111111111 0.15833333333333333 0.08148148148148149
3 0.6365740740740741 0.6828703703703703 0.09166666666666666 0.10092592592592593
15 0.5018518518518519 0.44814814814814813 0.09074074074074075 0.10740740740740741