14 0.5 0.5 1 1
2 0.31866666666666665 0.526 0.276 0.16266666666666665
2 0.312 0.2733333333333333 0.2826666666666667 0.10266666666666667
2 0.5846666666666667 0.16866666666666666 0.17066666666666666 0.30266666666666664
2 0.5653333333333334 0.422 0.13333333333333333 0.268
2 0.8253333333333334 0.514 0.228 0.23866666666666667
2 0.668 0.7366666666666667 0.24533333333333332 0.30533333333333335
4 0.45 0.7793333333333333 0.23866666666666667 0.18266666666666667
4 0.2613333333333333 0.6006666666666667 0.24133333333333334 0.2613333333333333
4 0.492 0.5286666666666666 0.17866666666666667 0.176
4 0.7086666666666667 0.3486666666666667 0.19066666666666668 0.11866666666666667
4 0.6726666666666666 0.4673333333333333 0.08 0.09466666666666666
4 0.742 0.5973333333333334 0.12666666666666668 0.116
4 0.40066666666666667 0.38333333333333336 0.176 0.14
4 0.22066666666666668 0.4246666666666667 0.16666666666666666 0.116
4 0.194 0.3413333333333333 0.14533333333333334 0.116
4 0.47 0.21466666666666667 0.112 0.11066666666666666