14 0.5 0.6885185185185185 1 0.6229629629629629
14 0.34444444444444444 0.17962962962962964 0.30925925925925923 0.14074074074074075
4 0.44305555555555554 0.8174074074074074 0.08425925925925926 0.07851851851851852
4 0.5152777777777777 0.49296296296296294 0.09166666666666666 0.054814814814814816
4 0.39861111111111114 0.6270370370370371 0.08148148148148149 0.0437037037037037
8 0.18981481481481483 0.8111111111111111 0.09907407407407408 0.08074074074074074
8 0.3527777777777778 0.7411111111111112 0.10277777777777777 0.0725925925925926
8 0.42685185185185187 0.7 0.075 0.07777777777777778
8 0.5078703703703704 0.7022222222222222 0.08981481481481482 0.09111111111111111
8 0.6231481481481481 0.6922222222222222 0.06388888888888888 0.05407407407407407
8 0.6703703703703704 0.6933333333333334 0.06388888888888888 0.06444444444444444
8 0.2791666666666667 0.5159259259259259 0.10185185185185185 0.05851851851851852
8 0.19398148148148148 0.7144444444444444 0.053703703703703705 0.06592592592592593
8 0.5435185185185185 0.8062962962962963 0.06851851851851852 0.05851851851851852
8 0.6259259259259259 0.7848148148148149 0.07777777777777778 0.061481481481481484
8 0.7125 0.6592592592592592 0.07314814814814814 0.07703703703703704
11 0.27361111111111114 0.15333333333333332 0.07314814814814814 0.03851851851851852
11 0.324537037037037 0.1988888888888889 0.06111111111111111 0.03925925925925926
8 0.587037037037037 0.9085185185185185 0.10555555555555556 0.06666666666666667
8 0.6032407407407407 0.577037037037037 0.09074074074074075 0.042222222222222223
8 0.6902777777777778 0.5762962962962963 0.05648148148148148 0.0362962962962963
8 0.8333333333333334 0.6511111111111111 0.06944444444444445 0.05925925925925926
8 0.7166666666666667 0.49 0.05740740740740741 0.04666666666666667
8 0.36666666666666664 0.5248148148148148 0.06296296296296296 0.037037037037037035
8 0.49583333333333335 0.5396296296296297 0.07407407407407407 0.037037037037037035