14 0.5 0.5 1 1
2 0.04027777777777778 0.6876543209876543 0.08055555555555556 0.17037037037037037
2 0.21712962962962962 0.5574074074074075 0.09907407407407408 0.11358024691358025
2 0.3101851851851852 0.7592592592592593 0.0712962962962963 0.09135802469135802
2 0.6087962962962963 0.8611111111111112 0.1111111111111111 0.1345679012345679
2 0.7902777777777777 0.9333333333333333 0.1361111111111111 0.13333333333333333
2 0.8722222222222222 0.7191358024691358 0.09814814814814815 0.16913580246913582
2 0.7810185185185186 0.4364197530864197 0.05092592592592592 0.07407407407407407
2 0.8930555555555556 0.30925925925925923 0.06574074074074074 0.06172839506172839
2 0.6435185185185185 0.2388888888888889 0.05925925925925926 0.11358024691358025
2 0.49027777777777776 0.3734567901234568 0.07222222222222222 0.11234567901234568
2 0.4462962962962963 0.15864197530864196 0.07407407407407407 0.11604938271604938
2 0.22546296296296298 0.1191358024691358 0.07962962962962963 0.11358024691358025
2 0.19814814814814816 0.29506172839506173 0.0787037037037037 0.13703703703703704
4 0.31203703703703706 0.11604938271604938 0.10092592592592593 0.09506172839506173
4 0.17685185185185184 0.12469135802469136 0.09351851851851851 0.09135802469135802
4 0.12129629629629629 0.34629629629629627 0.10555555555555556 0.15185185185185185
4 0.10740740740740741 0.5376543209876543 0.14074074074074075 0.1617283950617284
4 0.2273148148148148 0.6679012345679012 0.12314814814814815 0.15925925925925927
4 0.36203703703703705 0.582716049382716 0.10462962962962963 0.09753086419753086
4 0.44907407407407407 0.762962962962963 0.10185185185185185 0.1654320987654321
4 0.5972222222222222 0.6395061728395062 0.09537037037037037 0.1345679012345679
4 0.6504629629629629 0.7018518518518518 0.09537037037037037 0.11728395061728394
4 0.7782407407407408 0.7820987654320988 0.09444444444444444 0.14814814814814814
4 0.763425925925926 0.5469135802469136 0.11018518518518519 0.17530864197530865
4 0.8907407407407407 0.6327160493827161 0.12037037037037036 0.145679012345679
4 0.8217592592592593 0.2660493827160494 0.10833333333333334 0.11604938271604938
4 0.8587962962962963 0.37530864197530867 0.075 0.09876543209876543
4 0.7097222222222223 0.304320987654321 0.11574074074074074 0.11604938271604938
4 0.4847222222222222 0.21851851851851853 0.10925925925925926 0.18888888888888888
4 0.5532407407407407 0.2074074074074074 0.06666666666666667 0.09012345679012346
4 0.38981481481481484 0.3734567901234568 0.09537037037037037 0.12469135802469136
4 0.26944444444444443 0.2 0.07407407407407407 0.08271604938271605
4 0.24027777777777778 0.42407407407407405 0.09444444444444444 0.12962962962962962
15 0.28194444444444444 0.2919753086419753 0.06018518518518518 0.07901234567901234
15 0.3472222222222222 0.2765432098765432 0.05462962962962963 0.08148148148148149
15 0.4111111111111111 0.3074074074074074 0.05185185185185185 0.07407407407407407
15 0.4583333333333333 0.33024691358024694 0.03981481481481482 0.04814814814814815
15 0.3347222222222222 0.16790123456790124 0.04259259259259259 0.05555555555555555
15 0.3763888888888889 0.195679012345679 0.05092592592592592 0.07160493827160494
15 0.624537037037037 0.37839506172839504 0.05462962962962963 0.06419753086419754
15 0.6018518518518519 0.4327160493827161 0.05740740740740741 0.07901234567901234
15 0.6453703703703704 0.45 0.044444444444444446 0.04814814814814815
15 0.7296296296296296 0.40617283950617283 0.06944444444444445 0.05555555555555555
15 0.8236111111111111 0.3450617283950617 0.04537037037037037 0.08271604938271605
15 0.7921296296296296 0.295679012345679 0.05 0.0691358024691358
15 0.9541666666666667 0.3993827160493827 0.046296296296296294 0.07037037037037037
15 0.899537037037037 0.43703703703703706 0.044444444444444446 0.04691358024691358
15 0.8893518518518518 0.49074074074074076 0.05555555555555555 0.0691358024691358
15 0.8240740740740741 0.4462962962962963 0.046296296296296294 0.0654320987654321
15 0.8444444444444444 0.6092592592592593 0.053703703703703705 0.06296296296296296
15 0.6833333333333333 0.6790123456790124 0.05462962962962963 0.08888888888888889
15 0.6569444444444444 0.5561728395061728 0.049074074074074076 0.07654320987654321
15 0.6842592592592592 0.6055555555555555 0.06018518518518518 0.06790123456790123
15 0.5115740740740741 0.5944444444444444 0.10462962962962963 0.1037037037037037
15 0.2671296296296296 0.7271604938271605 0.06111111111111111 0.08765432098765433
15 0.2800925925925926 0.5253086419753087 0.06388888888888888 0.07654320987654321
15 0.20694444444444443 0.36728395061728397 0.06388888888888888 0.06049382716049383
15 0.14537037037037037 0.19814814814814816 0.06666666666666667 0.06172839506172839
15 0.2023148148148148 0.19753086419753085 0.04814814814814815 0.06049382716049383
15 0.07175925925925926 0.36419753086419754 0.06111111111111111 0.08148148148148149
15 0.17083333333333334 0.48950617283950615 0.05740740740740741 0.08148148148148149
15 0.008333333333333333 0.671604938271605 0.016666666666666666 0.08641975308641975
15 0.1648148148148148 0.7185185185185186 0.10185185185185185 0.09382716049382717
15 0.32037037037037036 0.40987654320987654 0.05 0.0654320987654321
15 0.7296296296296296 0.8117283950617284 0.058333333333333334 0.0691358024691358
15 0.5814814814814815 0.7240740740740741 0.05185185185185185 0.056790123456790124
15 0.6041666666666666 0.762962962962963 0.032407407407407406 0.050617283950617285
15 0.5268518518518519 0.8753086419753087 0.053703703703703705 0.09135802469135802
15 0.4273148148148148 0.8703703703703703 0.07314814814814814 0.06049382716049383
4 0.10648148148148148 0.6598765432098765 0.06481481481481481 0.11604938271604938
4 0.1574074074074074 0.6216049382716049 0.05925925925925926 0.08395061728395062
4 0.5337962962962963 0.49444444444444446 0.10462962962962963 0.1271604938271605
15 0.4388888888888889 0.4925925925925926 0.03981481481481482 0.0691358024691358