14 0.5002314814814814 0.6310185185185185 0.999537037037037 0.7379629629629629
15 0.3385462962962963 0.5520555555555556 0.12525 0.08929629629629629
15 0.4690925925925926 0.5923148148148148 0.1270740740740741 0.10500925925925926
15 0.6278796296296296 0.6339722222222223 0.12057407407407407 0.11423148148148149
15 0.7186111111111111 0.6640555555555555 0.11685185185185186 0.09107407407407407
15 0.5841296296296297 0.7369537037037037 0.09326851851851853 0.09334259259259259
15 0.6507962962962963 0.9388888888888889 0.11547222222222221 0.12222222222222222
15 0.9250740740740742 0.9393518518518519 0.13348148148148148 0.12129629629629629
15 0.40729629629629627 0.944675925925926 0.16550925925925927 0.11064814814814815
15 0.34225 0.8329814814814814 0.1696851851851852 0.10486111111111111
15 0.23438888888888887 0.9514722222222222 0.18544444444444444 0.08257407407407408
15 0.09112037037037037 0.8799537037037037 0.09797222222222222 0.14787037037037035
15 0.17976851851851852 0.7052407407407407 0.13175925925925927 0.10863888888888888
15 0.04575 0.6994537037037036 0.08131481481481481 0.13872222222222222
15 0.1325462962962963 0.4759259259259259 0.11139814814814815 0.07128703703703704
15 0.1864814814814815 0.5613148148148148 0.10351851851851851 0.07077777777777777
15 0.3441018518518518 0.35235185185185186 0.09932407407407406 0.07413888888888888
15 0.35914814814814816 0.41159259259259257 0.14329629629629628 0.063
15 0.23485185185185184 0.3544351851851852 0.1030462962962963 0.05516666666666666
0 0.26587037037037037 0.7464166666666666 0.15581481481481482 0.21876851851851853
0 0.7325 0.7790555555555555 0.1075925925925926 0.1868148148148148
0 0.8470740740740741 0.8614444444444445 0.10062962962962964 0.12937037037037036
0 0.08763888888888889 0.7864814814814814 0.1604722222222222 0.034999999999999996
0 0.5966296296296296 0.49744444444444447 0.16455555555555557 0.07266666666666667
0 0.4776574074074074 0.33060185185185187 0.10253703703703704 0.05841666666666667
3 0.38507407407407407 0.76125 0.1581111111111111 0.08175925925925925
3 0.6366759259259259 0.6830277777777778 0.09187037037037037 0.10124999999999999
15 0.5019629629629629 0.44814814814814813 0.09096296296296295 0.10833333333333334