14 0.5 0.5541666666666667 1 0.6916666666666667
14 0.225 0.11388888888888889 0.4111111111111111 0.22777777777777777
2 0.538425925925926 0.4703703703703704 0.18981481481481483 0.19166666666666668
2 0.36018518518518516 0.5504629629629629 0.11574074074074074 0.1398148148148148
2 0.1712962962962963 0.5333333333333333 0.17777777777777778 0.1037037037037037
2 0.29907407407407405 0.375 0.15648148148148147 0.10740740740740741
2 0.5180555555555556 0.28888888888888886 0.12685185185185185 0.09259259259259259
2 0.6560185185185186 0.3486111111111111 0.1648148148148148 0.08055555555555556
2 0.7314814814814815 0.48703703703703705 0.12222222222222222 0.0962962962962963
2 0.8092592592592592 0.6449074074074074 0.13703703703703704 0.15092592592592594
2 0.45 0.6787037037037037 0.14444444444444443 0.13518518518518519
2 0.24259259259259258 0.03287037037037037 0.19074074074074074 0.06574074074074074
15 0.3384259259259259 0.28055555555555556 0.18888888888888888 0.08518518518518518
15 0.23055555555555557 0.42407407407407405 0.19537037037037036 0.1388888888888889
15 0.4393518518518518 0.5194444444444445 0.09907407407407408 0.08518518518518518
15 0.7828703703703703 0.412962962962963 0.12962962962962962 0.14166666666666666
15 0.8106481481481481 0.5365740740740741 0.1037037037037037 0.11388888888888889
15 0.7546296296296297 0.5953703703703703 0.07222222222222222 0.09814814814814815
15 0.7083333333333334 0.7425925925925926 0.12129629629629629 0.09074074074074075
15 0.2689814814814815 0.6731481481481482 0.10092592592592593 0.16944444444444445
7 0.1361111111111111 0.060648148148148145 0.13703703703703704 0.12129629629629629
4 0.4097222222222222 0.39305555555555555 0.13703703703703704 0.08055555555555556
4 0.6523148148148148 0.6074074074074074 0.1388888888888889 0.11203703703703703
4 0.6518518518518519 0.4444444444444444 0.10925925925925926 0.08148148148148149