14 0.5 0.5067901234567901 1 0.9864197530864197
2 0.04398148148148148 0.7092592592592593 0.07962962962962963 0.16790123456790124
2 0.21898148148148147 0.5703703703703704 0.09814814814814815 0.10987654320987654
2 0.31712962962962965 0.7679012345679013 0.07037037037037037 0.08888888888888889
2 0.6180555555555556 0.8561728395061728 0.10833333333333334 0.13209876543209875
2 0.8013888888888889 0.921604938271605 0.13425925925925927 0.13333333333333333
2 0.8777777777777778 0.7012345679012346 0.09444444444444444 0.16666666666666666
2 0.7791666666666667 0.42345679012345677 0.049074074074074076 0.0728395061728395
2 0.8875 0.29074074074074074 0.06481481481481481 0.05925925925925926
2 0.6365740740740741 0.23271604938271606 0.05648148148148148 0.11234567901234568
2 0.48703703703703705 0.37407407407407406 0.07037037037037037 0.1111111111111111
2 0.4375 0.1617283950617284 0.07222222222222222 0.11481481481481481
2 0.2152777777777778 0.13209876543209875 0.07777777777777778 0.1111111111111111
2 0.19305555555555556 0.30925925925925923 0.07592592592592592 0.13580246913580246
4 0.30185185185185187 0.12469135802469136 0.1 0.09135802469135802
4 0.1675925925925926 0.14012345679012345 0.09166666666666666 0.08765432098765433
4 0.1175925925925926 0.36419753086419754 0.10277777777777777 0.14938271604938272
4 0.1087962962962963 0.5561728395061728 0.13796296296296295 0.15679012345679014
4 0.23194444444444445 0.6808641975308642 0.12037037037037036 0.15555555555555556
4 0.36435185185185187 0.5888888888888889 0.1037037037037037 0.09382716049382717
4 0.45601851851851855 0.7648148148148148 0.09814814814814815 0.16296296296296298
4 0.600925925925926 0.6345679012345679 0.09259259259259259 0.1308641975308642
4 0.6555555555555556 0.6950617283950618 0.09259259259259259 0.11481481481481481
4 0.7851851851851852 0.7691358024691358 0.09166666666666666 0.145679012345679
4 0.7648148148148148 0.5345679012345679 0.10648148148148148 0.1728395061728395
4 0.8939814814814815 0.6141975308641975 0.1175925925925926 0.1419753086419753
4 0.8157407407407408 0.25123456790123455 0.10648148148148148 0.11234567901234568
4 0.8555555555555555 0.358641975308642 0.07407407407407407 0.0962962962962963
4 0.7041666666666667 0.29444444444444445 0.11481481481481481 0.1111111111111111
4 0.4773148148148148 0.2191358024691358 0.10555555555555556 0.18641975308641975
4 0.5453703703703704 0.20493827160493827 0.06481481481481481 0.08765432098765433
4 0.38657407407407407 0.3790123456790123 0.09351851851851851 0.12222222222222222
4 0.26157407407407407 0.21049382716049383 0.07222222222222222 0.08024691358024691
4 0.23842592592592593 0.4364197530864197 0.09259259259259259 0.1271604938271605
15 0.27685185185185185 0.30246913580246915 0.05925925925925926 0.07777777777777778
15 0.34120370370370373 0.2839506172839506 0.05277777777777778 0.08024691358024691
15 0.4060185185185185 0.3117283950617284 0.05092592592592592 0.07160493827160494
15 0.4537037037037037 0.33209876543209876 0.03888888888888889 0.04691358024691358
15 0.3263888888888889 0.17592592592592593 0.041666666666666664 0.05432098765432099
15 0.3685185185185185 0.20185185185185187 0.05 0.0691358024691358
15 0.6212962962962963 0.3728395061728395 0.053703703703703705 0.06172839506172839
15 0.6 0.4283950617283951 0.05648148148148148 0.07654320987654321
15 0.6439814814814815 0.44320987654320987 0.04351851851851852 0.04691358024691358
15 0.7273148148148149 0.39567901234567904 0.06851851851851852 0.05308641975308642
15 0.8189814814814815 0.3296296296296296 0.04351851851851852 0.08271604938271605
15 0.7865740740740741 0.2820987654320988 0.049074074074074076 0.06790123456790123
15 0.950925925925926 0.37839506172839504 0.04537037037037037 0.0691358024691358
15 0.8976851851851851 0.4185185185185185 0.04351851851851852 0.04567901234567901
15 0.8888888888888888 0.4728395061728395 0.053703703703703705 0.06666666666666667
15 0.8222222222222222 0.4308641975308642 0.04537037037037037 0.06419753086419754
15 0.8472222222222222 0.5932098765432099 0.05185185185185185 0.06049382716049383
15 0.687962962962963 0.6703703703703704 0.05277777777777778 0.08641975308641975
15 0.6583333333333333 0.5487654320987654 0.04814814814814815 0.07530864197530865
15 0.6865740740740741 0.5969135802469135 0.05925925925925926 0.0654320987654321
15 0.5138888888888888 0.5938271604938271 0.1037037037037037 0.1
15 0.27314814814814814 0.7382716049382716 0.06018518518518518 0.08641975308641975
15 0.2810185185185185 0.5351851851851852 0.06296296296296296 0.07530864197530865
15 0.2037037037037037 0.3808641975308642 0.06296296296296296 0.05802469135802469
15 0.13796296296296295 0.21481481481481482 0.06574074074074074 0.05925925925925926
15 0.19444444444444445 0.2111111111111111 0.04722222222222222 0.05802469135802469
15 0.06851851851851852 0.38395061728395063 0.06018518518518518 0.08024691358024691
15 0.17083333333333334 0.504320987654321 0.05555555555555555 0.08024691358024691
15 0.010185185185185186 0.6950617283950618 0.020370370370370372 0.08641975308641975
15 0.17037037037037037 0.7339506172839506 0.10092592592592593 0.09012345679012346
15 0.31805555555555554 0.4185185185185185 0.049074074074074076 0.06296296296296296
15 0.7375 0.8012345679012346 0.05740740740740741 0.06790123456790123
15 0.587037037037037 0.7203703703703703 0.05092592592592592 0.05555555555555555
15 0.6111111111111112 0.7580246913580246 0.03148148148148148 0.04938271604938271
15 0.5365740740740741 0.8740740740740741 0.05185185185185185 0.09012345679012346
15 0.43703703703703706 0.8740740740740741 0.07314814814814814 0.056790123456790124
4 0.1111111111111111 0.678395061728395 0.062037037037037036 0.11481481481481481
4 0.16064814814814815 0.6376543209876543 0.05740740740740741 0.08148148148148149
4 0.5337962962962963 0.4925925925925926 0.10277777777777777 0.12469135802469136
15 0.4388888888888889 0.49506172839506174 0.03796296296296296 0.06790123456790123