14 0.5535555555555556 0.61557478368356 0.8928981481481482 0.7688504326328801
14 0.3895740740740741 0.11053152039555006 0.39273148148148146 0.10898640296662547
9 0.4965277777777778 0.5549814585908529 0.07762037037037037 0.050222496909765144
9 0.6181203703703704 0.5158467243510507 0.0812962962962963 0.06259579728059332
9 0.6579259259259259 0.6103831891223733 0.10537037037037036 0.09096415327564895
9 0.9446018518518519 0.5698022249690977 0.1107962962962963 0.12929542645241038
9 0.7863148148148148 0.453646477132262 0.10287962962962963 0.09477132262051916
9 0.7198055555555556 0.33914709517923364 0.053203703703703704 0.047058096415327565
9 0.5719814814814815 0.3183436341161929 0.04766666666666666 0.042533992583436334
12 0.7988148148148149 0.5621755253399259 0.17416666666666666 0.13466007416563658
12 0.4176759259259259 0.6072805933250928 0.12175925925925926 0.13009888751545118
12 0.3403611111111111 0.5273794808405439 0.08134259259259259 0.10213844252163164
12 0.2724722222222222 0.4480964153275649 0.08136111111111112 0.04657601977750309
12 0.2769444444444445 0.37249690976514216 0.08722222222222223 0.08904820766378245
12 0.64975 0.32761433868974044 0.055064814814814816 0.056946847960444996
12 0.8386203703703704 0.34181705809641527 0.16119444444444445 0.06477132262051916
12 0.9478796296296297 0.46517923362175523 0.07106481481481482 0.06839307787391842
15 0.3973055555555555 0.41060568603213843 0.14275 0.07872682323856613
15 0.5153518518518518 0.5257354758961681 0.11649999999999999 0.06588380716934486
15 0.9168240740740741 0.7310630407911001 0.16635185185185186 0.09336217552533993
5 0.4088425925925926 0.4916563658838072 0.20304629629629628 0.13452410383189123
5 0.553037037037037 0.627070457354759 0.12105555555555557 0.12280593325092706
5 0.5215092592592593 0.3850927070457355 0.14530555555555555 0.126229913473424
5 0.8476018518518518 0.3862669962917182 0.09114814814814814 0.06500618046971571
5 0.8817777777777778 0.6623856613102596 0.1833148148148148 0.08750309023485786