14 0.5020462962962964 0.5484320987654321 0.9479166666666666 0.8614814814814814
2 0.07819444444444444 0.8116666666666668 0.0600925925925926 0.15750617283950616
2 0.23235185185185184 0.6343703703703704 0.08753703703703704 0.09096296296296297
2 0.35456481481481483 0.8061358024691359 0.06036111111111111 0.07645679012345678
2 0.6625555555555555 0.8234074074074075 0.0961111111111111 0.111
2 0.8517407407407407 0.8456172839506173 0.12262037037037038 0.10606172839506173
2 0.8981851851851852 0.6109135802469136 0.07662037037037037 0.15103703703703705
2 0.7650185185185185 0.35976543209876544 0.041777777777777775 0.06438271604938271
2 0.8545185185185186 0.20446913580246914 0.06027777777777777 0.04597530864197531
2 0.5996018518518519 0.20486419753086418 0.04426851851851852 0.1043827160493827
2 0.4706018518518518 0.3788888888888889 0.05787037037037037 0.09851851851851852
2 0.39437037037037037 0.18120987654320989 0.05973148148148149 0.10234567901234569
2 0.17186111111111113 0.2034320987654321 0.06532407407407408 0.09739506172839506
2 0.17278703703703704 0.383 0.06100925925925926 0.12320987654320988
4 0.2561111111111111 0.17648148148148146 0.09185185185185185 0.07232098765432099
4 0.12556481481481482 0.22235802469135804 0.08385185185185186 0.0694074074074074
4 0.10550925925925926 0.4547901234567901 0.08694444444444445 0.13097530864197532
4 0.12201851851851853 0.6458888888888888 0.12304629629629628 0.13044444444444445
4 0.2595092592592592 0.7398888888888888 0.10481481481481482 0.13327160493827162
4 0.37801851851851853 0.6189506172839506 0.09491666666666668 0.0724567901234568
4 0.4912777777777778 0.7711481481481481 0.0807037037037037 0.14641975308641975
4 0.6168888888888889 0.6092716049382716 0.07883333333333334 0.1148395061728395
4 0.6784537037037037 0.655962962962963 0.08160185185185184 0.09712345679012346
4 0.8159444444444445 0.6989506172839506 0.07571296296296295 0.1295925925925926
4 0.7651759259259259 0.472679012345679 0.08837037037037036 0.15441975308641975
4 0.9028148148148147 0.5212345679012346 0.10439814814814814 0.11982716049382716
4 0.7784444444444445 0.18182716049382716 0.09639814814814815 0.09123456790123458
4 0.8316851851851852 0.27830864197530863 0.06398148148148147 0.0825432098765432
4 0.6744444444444444 0.2505308641975309 0.10443518518518519 0.0887283950617284
4 0.4409722222222222 0.22871604938271603 0.08503703703703704 0.16855555555555557
4 0.5063981481481481 0.1991111111111111 0.05539814814814815 0.07641975308641975
4 0.3726111111111111 0.4068641975308642 0.08103703703703703 0.10508641975308643
4 0.22756481481481483 0.27028395061728394 0.06500925925925925 0.06566666666666666
4 0.2342037037037037 0.4979876543209877 0.07889814814814815 0.11038271604938271
15 0.2542592592592593 0.35688888888888887 0.05112037037037037 0.0668641975308642
15 0.3156759259259259 0.3237654320987654 0.044314814814814814 0.07058024691358025
15 0.3829537037037037 0.33611111111111114 0.04307407407407408 0.06234567901234568
15 0.4327962962962963 0.34558024691358025 0.03473148148148148 0.040123456790123455
15 0.2866666666666667 0.22092592592592591 0.03567592592592593 0.04596296296296296
15 0.3315740740740741 0.23655555555555557 0.04215740740740741 0.06076543209876543
15 0.6028425925925927 0.34681481481481485 0.04766666666666666 0.05081481481481481
15 0.5891111111111111 0.40625925925925926 0.04797222222222222 0.06682716049382717
15 0.6341666666666667 0.41058024691358025 0.039324074074074074 0.03844444444444445
15 0.7102407407407407 0.3447530864197531 0.06492592592592593 0.038481481481481485
15 0.7921851851851851 0.25855555555555554 0.03436111111111111 0.07596296296296297
15 0.7540648148148148 0.2192716049382716 0.041462962962962965 0.05912345679012346
15 0.9284351851851852 0.27583950617283953 0.03835185185185185 0.06114814814814815
15 0.8810648148148148 0.3274814814814815 0.03928703703703704 0.03683950617283951
15 0.8792129629629629 0.3830123456790124 0.04792592592592593 0.057382716049382713
15 0.8083796296296296 0.35750617283950614 0.03899074074074074 0.05575308641975308
15 0.8539074074074074 0.5113703703703704 0.04669444444444444 0.050716049382716046
15 0.7073148148148148 0.6240864197530864 0.043638888888888894 0.07862962962962963
15 0.66225 0.5113703703703704 0.039935185185185185 0.06717283950617284
15 0.6965092592592593 0.5522962962962963 0.05289814814814815 0.05439506172839507
15 0.5261481481481481 0.5893209876543211 0.09489814814814815 0.07906172839506173
15 0.30780555555555555 0.787 0.05018518518518519 0.07523456790123456
15 0.2889814814814815 0.5856296296296296 0.055740740740740743 0.0634320987654321
15 0.1928425925925926 0.4513086419753086 0.057916666666666665 0.045814814814814815
15 0.10627777777777778 0.30319753086419754 0.060703703703703704 0.045913580246913575
15 0.16152777777777777 0.2865432098765432 0.04156481481481482 0.049617283950617284
15 0.060138888888888895 0.4856543209876543 0.05176851851851851 0.06924691358024691
15 0.17633333333333334 0.5806913580246914 0.0465 0.07001234567901235
15 0.03776851851851852 0.8067530864197531 0.022453703703703705 0.08180246913580247
15 0.20596296296296296 0.8065432098765432 0.0934074074074074 0.06904938271604938
15 0.3100555555555556 0.461641975308642 0.042509259259259254 0.05437037037037037
15 0.7732962962962963 0.7415308641975309 0.051 0.05685185185185185
15 0.6145462962962963 0.6968395061728396 0.04566666666666667 0.04507407407407407
15 0.6429907407407407 0.7285925925925926 0.025833333333333333 0.04508641975308642
15 0.5847777777777777 0.8597283950617284 0.041694444444444444 0.08159259259259259
15 0.4868888888888889 0.8826543209876544 0.06812962962962962 0.04280246913580247
4 0.14006481481481484 0.7656543209876543 0.04908333333333333 0.10507407407407407
4 0.1839351851851852 0.7139012345679012 0.04953703703703704 0.07212345679012346
4 0.5323055555555556 0.4848641975308642 0.09018518518518519 0.10437037037037038
15 0.43925925925925924 0.5095679012345679 0.031074074074074077 0.062037037037037036