14 0.5146484375 0.5205078125 0.564453125 0.498046875
15 0.5634765625 0.49853515625 0.037109375 0.02734375
15 0.70263671875 0.56298828125 0.0810546875 0.0888671875
15 0.6865234375 0.4072265625 0.044921875 0.0458984375
15 0.57861328125 0.3623046875 0.0556640625 0.052734375
15 0.49462890625 0.52099609375 0.046875 0.05078125
15 0.31689453125 0.36962890625 0.041015625 0.029296875
15 0.42333984375 0.337890625 0.0341796875 0.01953125
10 0.4375 0.36767578125 0.0556640625 0.01953125
10 0.46337890625 0.400390625 0.0244140625 0.046875
10 0.5546875 0.43359375 0.037109375 0.0751953125
10 0.404296875 0.55224609375 0.0693359375 0.0205078125
10 0.41552734375 0.51513671875 0.029296875 0.05859375
10 0.38525390625 0.6162109375 0.0224609375 0.0615234375
10 0.41650390625 0.6162109375 0.044921875 0.0634765625
10 0.6015625 0.6259765625 0.0859375 0.037109375
10 0.65234375 0.67236328125 0.0234375 0.07421875
10 0.591796875 0.6953125 0.0986328125 0.052734375
10 0.6240234375 0.517578125 0.083984375 0.0341796875
10 0.7177734375 0.5048828125 0.103515625 0.033203125
10 0.7607421875 0.5439453125 0.0185546875 0.046875
4 0.5869140625 0.55810546875 0.12109375 0.0810546875
4 0.6240234375 0.44384765625 0.0966796875 0.091796875
4 0.43701171875 0.4521484375 0.1875 0.06640625
4 0.38623046875 0.3828125 0.0732421875 0.0712890625
4 0.50390625 0.63916015625 0.095703125 0.154296875