14 0.500462962962963 0.5092966855295069 0.9990740740740741 0.8843977364591754
4 0.6569444444444444 0.8447857720291027 0.07314814814814814 0.06709781729991916
4 0.3990740740740741 0.7049312853678253 0.06296296296296296 0.056588520614389654
4 0.2861111111111111 0.5254648342764754 0.05092592592592592 0.050121261115602264
4 0.7314814814814815 0.6115602263540825 0.04351851851851852 0.047696038803556995
4 0.8143518518518519 0.47776879547291834 0.05 0.05254648342764753
4 0.8027777777777778 0.35489086499595796 0.058333333333333334 0.04284559417946645
4 0.6606481481481481 0.4070331447049313 0.07962962962962963 0.05901374292643492
4 0.4949074074074074 0.5335489086499596 0.05277777777777778 0.03799514955537591
4 0.4162037037037037 0.423605497170574 0.05092592592592592 0.054163298302344384
4 0.19305555555555556 0.39531123686337916 0.049074074074074076 0.038803556992724336
4 0.11805555555555555 0.502021018593371 0.05740740740740741 0.039611964430072755
4 0.18425925925925926 0.3027485852869846 0.046296296296296294 0.04850444624090541
4 0.3212962962962963 0.28860145513338725 0.06851851851851852 0.034761519805982216
4 0.39305555555555555 0.16491511721907842 0.075 0.04688763136620857
4 0.5324074074074074 0.22069523039611966 0.04722222222222222 0.054163298302344384
4 0.7217592592592592 0.2667744543249798 0.04259259259259259 0.050121261115602264
7 0.33935185185185185 0.5367825383993533 0.05925925925925926 0.05335489086499596
7 0.41435185185185186 0.6216653193209377 0.05462962962962963 0.038803556992724336
7 0.20324074074074075 0.637429264349232 0.05555555555555555 0.050121261115602264
7 0.34444444444444444 0.6786580436540016 0.06574074074074074 0.04688763136620857
7 0.2902777777777778 0.7562651576394502 0.0712962962962963 0.05901374292643492
7 0.39675925925925926 0.2740501212611156 0.04351851851851852 0.050121261115602264
7 0.4898148148148148 0.44543249797898143 0.053703703703703705 0.04688763136620857
7 0.5365740740740741 0.35731608730800324 0.06018518518518518 0.04931285367825384
7 0.39351851851851855 0.3605497170573969 0.05925925925925926 0.04203718674211803
7 0.4537037037037037 0.13136620856911885 0.05277777777777778 0.046079223928860144
7 0.1527777777777778 0.3459983831851253 0.05740740740740741 0.043654001616814875
7 0.18611111111111112 0.4834276475343573 0.06481481481481481 0.0444624090541633
12 0.18333333333333332 0.7206952303961196 0.05277777777777778 0.04284559417946645
12 0.6537037037037037 0.769199676637025 0.062037037037037036 0.046079223928860144
12 0.48148148148148145 0.7210994341147938 0.06296296296296296 0.05335489086499596
12 0.30324074074074076 0.42764753435731606 0.03981481481481482 0.03799514955537591
12 0.33287037037037037 0.3504446240905416 0.07037037037037037 0.05578011317704123
12 0.6134259259259259 0.2324171382376718 0.05740740740740741 0.0274858528698464
12 0.6486111111111111 0.2789005658852061 0.0824074074074074 0.046079223928860144
12 0.7074074074074074 0.5299110751818916 0.058333333333333334 0.05254648342764753
12 0.2759259259259259 0.32012934518997577 0.05740740740740741 0.03152789005658852
12 0.2361111111111111 0.3019401778496362 0.04814814814814815 0.029911075181891674
12 0.2412037037037037 0.39005658852061437 0.041666666666666664 0.03799514955537591
12 0.7828703703703703 0.20412287793047695 0.05462962962962963 0.04284559417946645
12 0.5842592592592593 0.12206952303961197 0.05555555555555555 0.029911075181891674
12 0.8833333333333333 0.3177041228779305 0.03796296296296296 0.02667744543249798
12 0.6425925925925926 0.6827000808407437 0.030555555555555555 0.03233629749393695
4 0.3087962962962963 0.610751818916734 0.14537037037037037 0.10428455941794665
4 0.12824074074074074 0.6147938561034761 0.09444444444444444 0.08811641067097817
4 0.36574074074074076 0.809215844785772 0.125 0.12126111560226355
4 0.8351851851851851 0.6046887631366209 0.12685185185185185 0.08973322554567502
4 0.7652777777777777 0.29668552950687144 0.13518518518518519 0.09377526273241714
4 0.6532407407407408 0.20088924818108328 0.11296296296296296 0.05901374292643492
4 0.4722222222222222 0.3156831042845594 0.12129629629629629 0.060630557801131774
4 0.29259259259259257 0.39126919967663704 0.08796296296296297 0.04284559417946645
4 0.5976851851851852 0.47534357316087306 0.10833333333333334 0.11156022635408246