14 0.51220703125 0.521484375 0.609375 0.55078125
15 0.5634765625 0.50537109375 0.0390625 0.03125
15 0.6953125 0.583984375 0.08984375 0.095703125
15 0.69482421875 0.42724609375 0.048828125 0.0498046875
15 0.59228515625 0.37109375 0.060546875 0.0576171875
15 0.4921875 0.5205078125 0.0517578125 0.0546875
15 0.33154296875 0.35107421875 0.04296875 0.033203125
15 0.44091796875 0.33056640625 0.03515625 0.0234375
10 0.45166015625 0.3623046875 0.0576171875 0.025390625
10 0.4736328125 0.39697265625 0.0283203125 0.048828125
10 0.5615234375 0.439453125 0.0439453125 0.078125
10 0.3994140625 0.5419921875 0.0703125 0.0283203125
10 0.4140625 0.50634765625 0.03515625 0.060546875
10 0.37353515625 0.603515625 0.0283203125 0.0634765625
10 0.40478515625 0.60693359375 0.05078125 0.0673828125
10 0.587890625 0.63623046875 0.0888671875 0.0458984375
10 0.6337890625 0.68701171875 0.0302734375 0.0751953125
10 0.57080078125 0.70361328125 0.1025390625 0.0625
10 0.62158203125 0.5302734375 0.0859375 0.04296875
10 0.7158203125 0.52734375 0.10546875 0.04296875
10 0.75439453125 0.57080078125 0.0224609375 0.0478515625
4 0.58056640625 0.56689453125 0.1279296875 0.0927734375
4 0.62890625 0.45703125 0.10546875 0.1005859375
4 0.4423828125 0.44580078125 0.1923828125 0.0849609375
4 0.39892578125 0.37158203125 0.080078125 0.078125
4 0.48974609375 0.638671875 0.111328125 0.162109375