14 0.5 0.5 1 1
9 0.23657407407407408 0.8441611842105263 0.07685185185185185 0.07401315789473684
9 0.08472222222222223 0.8046875 0.05925925925925926 0.05098684210526316
9 0.17685185185185184 0.7779605263157895 0.09351851851851851 0.08305921052631579
9 0.08611111111111111 0.6722861842105263 0.05648148148148148 0.09292763157894737
9 0.14907407407407408 0.44366776315789475 0.05740740740740741 0.07894736842105263
9 0.13564814814814816 0.5082236842105263 0.058333333333333334 0.03700657894736842
9 0.11342592592592593 0.5678453947368421 0.11666666666666667 0.07072368421052631
9 0.05416666666666667 0.4379111842105263 0.08888888888888889 0.04851973684210526
9 0.01712962962962963 0.5361842105263158 0.03425925925925926 0.06907894736842106
9 0.3800925925925926 0.4925986842105263 0.053703703703703705 0.04194078947368421
9 0.4097222222222222 0.6097861842105263 0.1 0.05263157894736842
9 0.3976851851851852 0.6957236842105263 0.05925925925925926 0.054276315789473686
9 0.4532407407407407 0.717516447368421 0.05740740740740741 0.04111842105263158
9 0.5587962962962963 0.6924342105263158 0.04814814814814815 0.05016447368421053
9 0.6097222222222223 0.6644736842105263 0.05462962962962963 0.046052631578947366
9 0.6916666666666667 0.6221217105263158 0.05185185185185185 0.04851973684210526
9 0.7768518518518519 0.6677631578947368 0.04259259259259259 0.03782894736842105
9 0.6962962962962963 0.7713815789473685 0.04259259259259259 0.06085526315789474
9 0.4949074074074074 0.4798519736842105 0.07962962962962963 0.061677631578947366
9 0.5907407407407408 0.45230263157894735 0.06666666666666667 0.05756578947368421
9 0.6824074074074075 0.5135690789473685 0.08796296296296297 0.10444078947368421
9 0.7828703703703703 0.46587171052631576 0.046296296296296294 0.046052631578947366
9 0.8324074074074074 0.48725328947368424 0.041666666666666664 0.03453947368421053
9 0.8972222222222223 0.4379111842105263 0.053703703703703705 0.04194078947368421
9 0.8921296296296296 0.3926809210526316 0.08796296296296297 0.05098684210526316
9 0.7138888888888889 0.3013980263157895 0.05462962962962963 0.0805921052631579
9 0.7564814814814815 0.30057565789473684 0.03796296296296296 0.046052631578947366
9 0.8023148148148148 0.2553453947368421 0.05740740740740741 0.078125
9 0.6972222222222222 0.19572368421052633 0.04351851851851852 0.04851973684210526
9 0.7134259259259259 0.14802631578947367 0.04814814814814815 0.03453947368421053
9 0.6263888888888889 0.24342105263157895 0.06666666666666667 0.08305921052631579
9 0.625 0.3067434210526316 0.04722222222222222 0.028782894736842105
9 0.5699074074074074 0.31414473684210525 0.04259259259259259 0.05098684210526316
9 0.5532407407407407 0.2635690789473684 0.049074074074074076 0.033717105263157895
9 0.5236111111111111 0.2981085526315789 0.04722222222222222 0.047697368421052634
9 0.5194444444444445 0.35526315789473684 0.08981481481481482 0.05756578947368421
9 0.4861111111111111 0.3984375 0.07407407407407407 0.03700657894736842
9 0.4976851851851852 0.22080592105263158 0.03796296296296296 0.03125
9 0.41574074074074074 0.23684210526315788 0.10833333333333334 0.0625
9 0.350462962962963 0.3125 0.04259259259259259 0.04523026315789474
9 0.4310185185185185 0.3013980263157895 0.06388888888888888 0.054276315789473686
9 0.1726851851851852 0.24177631578947367 0.06666666666666667 0.04523026315789474
9 0.1300925925925926 0.29070723684210525 0.09074074074074075 0.0625
9 0.6402777777777777 0.11307565789473684 0.044444444444444446 0.03536184210526316
9 0.6175925925925926 0.17393092105263158 0.04814814814814815 0.03700657894736842
9 0.5046296296296297 0.13939144736842105 0.07685185185185185 0.03782894736842105
9 0.5300925925925926 0.10279605263157894 0.03611111111111111 0.02549342105263158
8 0.39351851851851855 0.07154605263157894 0.040740740740740744 0.06907894736842106
8 0.4787037037037037 0.039884868421052634 0.10648148148148148 0.07236842105263158
8 0.5435185185185185 0.1796875 0.028703703703703703 0.03125
8 0.5680555555555555 0.21669407894736842 0.05462962962962963 0.04194078947368421
8 0.4398148148148148 0.19284539473684212 0.11944444444444445 0.08881578947368421
8 0.8407407407407408 0.24958881578947367 0.05740740740740741 0.10279605263157894
8 0.725925925925926 0.4284539473684211 0.05462962962962963 0.078125
8 0.6842592592592592 0.7861842105263158 0.16666666666666666 0.14309210526315788
8 0.13240740740740742 0.6698190789473685 0.0962962962962963 0.07319078947368421
4 0.19444444444444445 0.3667763157894737 0.28425925925925927 0.09046052631578948
4 0.27361111111111114 0.2216282894736842 0.1537037037037037 0.2294407894736842
4 0.35555555555555557 0.49300986842105265 0.33240740740740743 0.18009868421052633
4 0.725 0.21710526315789475 0.19537037037037036 0.2944078947368421
4 0.7736111111111111 0.4465460526315789 0.3388888888888889 0.15789473684210525
4 0.6939814814814815 0.602796052631579 0.3398148148148148 0.19325657894736842