14 0.5 0.5625061728395062 1 0.875
15 0.3936296296296296 0.5541111111111111 0.1539814814814815 0.10192592592592593
15 0.21253703703703702 0.3184444444444444 0.09253703703703703 0.08169135802469137
15 0.3535 0.23072839506172838 0.07518518518518519 0.09133333333333334
15 0.41495370370370366 0.29675308641975306 0.11132407407407408 0.05422222222222223
15 0.514712962962963 0.2630246913580247 0.09831481481481483 0.09035802469135802
15 0.6206203703703703 0.178679012345679 0.0947037037037037 0.04891358024691358
15 0.6303796296296296 0.34495061728395066 0.08386111111111111 0.08650617283950617
15 0.7655648148148148 0.4717037037037037 0.11855555555555555 0.09566666666666666
15 0.8750833333333333 0.3381975308641975 0.11205555555555555 0.07108641975308642
4 0.39940740740740743 0.35072839506172837 0.20025 0.032530864197530866
15 0.46591666666666665 0.397962962962963 0.11494444444444445 0.060000000000000005
4 0.4711851851851852 0.4653456790123457 0.16875 0.05604938271604938
4 0.7688703703703703 0.5647654320987654 0.11646296296296296 0.04733333333333334
4 0.8865185185185186 0.4451358024691358 0.09625925925925925 0.10596296296296297
4 0.7136111111111112 0.26292592592592595 0.07962037037037037 0.07783950617283951
4 0.2605462962962963 0.6309259259259259 0.1194351851851852 0.08774074074074073
4 0.18716666666666665 0.419 0.13903703703703704 0.08417283950617285
4 0.6478425925925926 0.4322469135802469 0.1466574074074074 0.09434567901234568
4 0.6447592592592593 0.6227530864197531 0.15636111111111112 0.07325925925925926
4 0.29594444444444445 0.461641975308642 0.06719444444444443 0.11787654320987655