14 0.5 0.5 1 1
7 0.21961932650073207 0.7022132796780685 0.1171303074670571 0.11468812877263582
7 0.3953147877013177 0.670020120724346 0.11566617862371889 0.1267605633802817
7 0.2840409956076135 0.5331991951710262 0.06588579795021962 0.096579476861167
7 0.37042459736456806 0.48390342052313884 0.0951683748169839 0.12072434607645875
7 0.4033674963396779 0.37424547283702214 0.2679355783308931 0.2857142857142857
7 0.7152269399707174 0.41951710261569414 0.06734992679355783 0.07645875251509054
7 0.7115666178623719 0.3591549295774648 0.08052708638360176 0.08450704225352113
7 0.7781844802342606 0.31287726358148893 0.10248901903367497 0.11267605633802817
7 0.6288433382137628 0.09859154929577464 0.06149341142020498 0.08249496981891348
7 0.7569546120058566 0.12575452716297786 0.05710102489019034 0.07243460764587525
7 0.5475841874084919 0.12977867203219315 0.0424597364568082 0.05030181086519115
7 0.6185944363103953 0.2052313883299799 0.05417276720351391 0.0744466800804829
7 0.383601756954612 0.20020120724346077 0.09224011713030747 0.08249496981891348
7 0.46193265007320644 0.19114688128772636 0.04685212298682284 0.04225352112676056
7 0.4458272327964861 0.11066398390342053 0.07174231332357248 0.08853118712273642
7 0.5212298682284041 0.06338028169014084 0.10688140556368961 0.10663983903420524
7 0.2547584187408492 0.23038229376257546 0.0849194729136164 0.10462776659959759
7 0.24377745241581258 0.29074446680080485 0.15226939970717424 0.1227364185110664
7 0.20351390922401172 0.3551307847082495 0.06588579795021962 0.06639839034205232
7 0.07906295754026355 0.4084507042253521 0.12152269399707175 0.08853118712273642
7 0.13030746705710103 0.482897384305835 0.08638360175695461 0.11267605633802817
7 0.07906295754026355 0.5231388329979879 0.0527086383601757 0.07645875251509054
7 0.13030746705710103 0.6388329979879276 0.08931185944363104 0.08853118712273642
7 0.08857979502196194 0.6901408450704225 0.14202049780380674 0.12877263581488935
7 0.37042459736456806 0.2655935613682093 0.07906295754026355 0.06841046277665996
7 0.4904831625183016 0.7414486921529175 0.2108345534407028 0.2012072434607646
3 0.6654465592972182 0.5985915492957746 0.14348462664714495 0.18309859154929578
3 0.3953147877013177 0.562374245472837 0.14641288433382138 0.158953722334004
3 0.31478770131771594 0.7313883299798792 0.2547584187408492 0.28772635814889336
3 0.0849194729136164 0.5814889336016097 0.16691068814055637 0.1529175050301811
3 0.2569546120058565 0.4104627766599598 0.18594436310395315 0.16297786720321933
3 0.12005856515373353 0.31287726358148893 0.0849194729136164 0.10462776659959759
3 0.0849194729136164 0.44567404426559354 0.13030746705710103 0.12072434607645875
3 0.38945827232796487 0.12474849094567404 0.08784773060029283 0.1006036217303823
3 0.7218155197657394 0.16901408450704225 0.16105417276720352 0.2414486921529175
3 0.8265007320644217 0.3933601609657948 0.17130307467057102 0.16901408450704225
3 0.5168374816983895 0.34507042253521125 0.1171303074670571 0.14688128772635814
3 0.5168374816983895 0.22937625754527163 0.08638360175695461 0.096579476861167