14 0.5235668789808917 0.5 0.9528662420382166 1
12 0.8822823779193206 0.4883651804670913 0.13702760084925691 0.2234076433121019
10 0.2521868365180467 0.21579617834394904 0.08562632696390658 0.1687261146496815
10 0.36833333333333335 0.1391507430997877 0.14705944798301487 0.05796178343949045
10 0.39294055201698513 0.2924946921443736 0.19371549893842888 0.06118895966029724
10 0.3639915074309979 0.388864118895966 0.22509554140127389 0.08049893842887473
10 0.7003503184713376 0.1313588110403397 0.07662420382165606 0.14694267515923565
10 0.6355732484076434 0.34794055201698515 0.07969214437367303 0.13381104033970276
10 0.9049681528662421 0.3417515923566879 0.19005307855626327 0.06532908704883227
10 0.7713588110403397 0.5009341825902336 0.0835031847133758 0.2689384288747346
10 0.3237154989384289 0.6930785562632696 0.06291932059447983 0.3012951167728238
10 0.5117728237791932 0.6939702760084926 0.06416135881104033 0.30562632696390657
10 0.4171656050955414 0.8061783439490445 0.12486199575371551 0.07100849256900213
10 0.4179299363057325 0.5767303609341825 0.12129511677282379 0.08134819532908705
12 0.20628450106157112 0.4775265392781316 0.08563694267515924 0.2348832271762208
12 0.6877176220806794 0.7585350318471337 0.20183651804670913 0.12118895966029723
7 0.707611464968153 0.8714437367303609 0.2620063694267516 0.09952229299363058
7 0.16178343949044588 0.6846815286624204 0.17259023354564756 0.16719745222929935
7 0.8750106157112526 0.22795116772823779 0.24997876857749468 0.15971337579617834
7 0.14061571125265393 0.2804246284501062 0.1353715498938429 0.1389384288747346
4 0.5368471337579618 0.37139065817409767 0.12062632696390657 0.11881104033970276
4 0.5445116772823778 0.1363163481953291 0.17135881104033968 0.14053078556263268
4 0.63947983014862 0.5772717622080679 0.17020169851380043 0.21210191082802549
4 0.40649681528662424 0.47697452229299364 0.2704140127388535 0.08936305732484078