14 0.5175925925925926 0.5107113985448666 0.9574074074074074 0.8144704931285368
4 0.6218703703703704 0.8555618431689571 0.06767592592592593 0.06273241713823767
4 0.3788333333333333 0.6963298302344382 0.05800925925925926 0.05275666936135813
4 0.2843425925925926 0.5090784155214229 0.04658333333333334 0.04662085691188359
4 0.7194351851851852 0.6287954729183509 0.03955555555555555 0.045084882780921584
4 0.8152407407407408 0.50178658043654 0.04482407407407407 0.0489248181083266
4 0.8161203703703703 0.3786176232821342 0.05537037037037037 0.038949070331447046
4 0.6693333333333333 0.41967663702506064 0.07471296296296297 0.05352465642683912
4 0.49177777777777776 0.5328698464025868 0.05010185185185185 0.03434114793856103
4 0.42410185185185184 0.4173726758286176 0.04658333333333334 0.0504607922392886
4 0.2047962962962963 0.37248181083265963 0.045703703703703705 0.035877122069523044
4 0.11910185185185185 0.47301535974130965 0.05362037037037037 0.035877122069523044
4 0.20524074074074075 0.2796281325788197 0.04131481481481481 0.045084882780921584
4 0.34324074074074074 0.2757881972514147 0.06592592592592593 0.02973322554567502
4 0.42674074074074075 0.15798706548100244 0.07119444444444445 0.041244947453516576
4 0.5603425925925926 0.224373484236055 0.04306481481481481 0.05122069523039612
4 0.7440462962962964 0.2846160064672595 0.03779629629629629 0.04738884397736459
7 0.3360925925925926 0.5243330638641875 0.05462962962962963 0.04911883589329022
7 0.4025925925925926 0.6145351657235246 0.05106481481481481 0.034607922392886015
7 0.19061111111111112 0.6142764753435732 0.05106481481481481 0.04653193209377526
7 0.3271851851851852 0.6661196443007276 0.061759259259259264 0.04238480194017785
7 0.26572222222222225 0.7392239288601454 0.06590740740740741 0.053791430881164115
7 0.4195185185185185 0.26718674211802745 0.038592592592592595 0.047049312853678256
7 0.4952314814814815 0.4450121261115602 0.04987962962962963 0.04290218270008084
7 0.55075 0.36076798706548097 0.05522222222222222 0.0454890864995958
7 0.4076388888888889 0.35299110751818913 0.05522222222222222 0.038237671786580434
7 0.4904814814814815 0.12928051738075988 0.04869444444444445 0.04290218270008084
7 0.16950925925925925 0.32023443815683106 0.053814814814814815 0.039660468876313665
7 0.18905555555555556 0.45979789814066285 0.06163888888888888 0.040064672594987874
12 0.16246296296296298 0.6959498787388844 0.04962037037037037 0.03916734033953113
12 0.6261018518518519 0.7797736459175425 0.05837037037037037 0.04189975747776879
12 0.4594166666666667 0.7188601455133388 0.058333333333333334 0.04941794664510914
12 0.3112407407407407 0.41294260307194824 0.03607407407407408 0.035812449474535164
12 0.348287037037037 0.3382861762328213 0.06571296296296296 0.05140662894098626
12 0.6396851851851852 0.2420614389652385 0.05590740740740741 0.02387227162489895
12 0.6699351851851851 0.29084882780921584 0.07937037037037037 0.040606305578011315
12 0.7035740740740741 0.5455537590945837 0.054064814814814816 0.04880355699272433
12 0.29457407407407404 0.3037833468067906 0.05458333333333334 0.027671786580436536
12 0.2569166666666667 0.28248989490703313 0.04593518518518518 0.0271301535974131
12 0.253212962962963 0.37089733225545674 0.03852777777777778 0.035788197251414716
12 0.8113055555555556 0.2269684721099434 0.05100925925925926 0.03896523848019402
12 0.6214722222222223 0.12994341147938562 0.052814814814814814 0.025982215036378334
12 0.9002037037037037 0.34745351657235246 0.03621296296296296 0.0244624090541633
12 0.6239351851851852 0.6929830234438157 0.028120370370370372 0.03
4 0.298287037037037 0.5959660468876314 0.13608333333333333 0.09464834276475344
4 0.11801851851851851 0.5862570735650768 0.08664814814814814 0.08170573969280517
4 0.33532407407407405 0.7978415521422797 0.11386111111111111 0.1135974130962005
4 0.8236574074074073 0.6296523848019402 0.12015740740740742 0.08118835893290219
4 0.7844537037037037 0.3175424413904608 0.12693518518518518 0.08428455941794664
4 0.6825925925925926 0.21350040420371869 0.1083888888888889 0.050816491511721906
4 0.49059259259259264 0.31430072756669364 0.11699074074074074 0.05194017784963622
4 0.30414814814814817 0.37602263540824576 0.0848425925925926 0.03632983023443816
4 0.5998611111111112 0.4830315278900566 0.09849074074074074 0.10484236054971706