14 0.5 0.5117219078415521 1 0.8843977364591754
4 0.5861111111111111 0.8633791430881164 0.07314814814814814 0.06709781729991916
4 0.3597222222222222 0.6863379143088116 0.06296296296296296 0.056588520614389654
4 0.28425925925925927 0.4927243330638642 0.05092592592592592 0.050121261115602264
4 0.7055555555555556 0.645109135004042 0.04351851851851852 0.047696038803556995
4 0.8138888888888889 0.5258690379951495 0.05 0.05254648342764753
4 0.8268518518518518 0.4029911075181892 0.058333333333333334 0.04284559417946645
4 0.6768518518518518 0.43290218270008085 0.07962962962962963 0.05901374292643492
4 0.48842592592592593 0.5319320937752627 0.05277777777777778 0.03799514955537591
4 0.43287037037037035 0.4118835893290218 0.05092592592592592 0.054163298302344384
4 0.21851851851851853 0.3504446240905416 0.049074074074074076 0.038803556992724336
4 0.12314814814814815 0.44421988682295876 0.05740740740740741 0.039611964430072755
4 0.22824074074074074 0.25788197251414713 0.046296296296296294 0.04850444624090541
4 0.3662037037037037 0.26475343573160875 0.06851851851851852 0.034761519805982216
4 0.46111111111111114 0.15359741309620048 0.075 0.04688763136620857
4 0.5875 0.2299919159256265 0.04722222222222222 0.054163298302344384
4 0.7648148148148148 0.3039611964430073 0.04259259259259259 0.050121261115602264
7 0.33425925925925926 0.5117219078415521 0.05925925925925926 0.05335489086499596
7 0.39166666666666666 0.6067097817299919 0.05462962962962963 0.038803556992724336
7 0.18055555555555555 0.5901374292643492 0.05555555555555555 0.050121261115602264
7 0.3111111111111111 0.6523848019401779 0.06574074074074074 0.04688763136620857
7 0.24259259259259258 0.7202910266774454 0.0712962962962963 0.05901374292643492
7 0.44305555555555554 0.26192400970088925 0.04351851851851852 0.050121261115602264
7 0.5009259259259259 0.4450282942603072 0.053703703703703705 0.04688763136620857
7 0.5643518518518519 0.36499595796281326 0.06018518518518518 0.04931285367825384
7 0.42268518518518516 0.3464025869037995 0.05925925925925926 0.04203718674211803
7 0.5273148148148148 0.1301535974130962 0.05277777777777778 0.046079223928860144
7 0.18888888888888888 0.29587712206952305 0.05740740740740741 0.043654001616814875
7 0.19444444444444445 0.4361358124494745 0.06481481481481481 0.0444624090541633
12 0.1439814814814815 0.6693613581244947 0.05277777777777778 0.04284559417946645
12 0.5976851851851852 0.788197251414713 0.062037037037037036 0.046079223928860144
12 0.4375 0.7150363783346807 0.06296296296296296 0.05335489086499596
12 0.32083333333333336 0.39894907033144705 0.03981481481481482 0.03799514955537591
12 0.3648148148148148 0.32740501212611156 0.07037037037037037 0.05578011317704123
12 0.6648148148148149 0.253839935327405 0.05740740740740741 0.0274858528698464
12 0.6902777777777778 0.3047696038803557 0.0824074074074074 0.046079223928860144
12 0.6981481481481482 0.561034761519806 0.058333333333333334 0.05254648342764753
12 0.3148148148148148 0.2890056588520614 0.05740740740740741 0.03152789005658852
12 0.2796296296296296 0.26475343573160875 0.04814814814814815 0.029911075181891674
12 0.2671296296296296 0.35246564268391267 0.041666666666666664 0.03799514955537591
12 0.8375 0.25181891673403395 0.05462962962962963 0.04284559417946645
12 0.6578703703703703 0.1406628940986257 0.05555555555555555 0.029911075181891674
12 0.9138888888888889 0.37833468067906223 0.03796296296296296 0.02667744543249798
12 0.6041666666666666 0.7016976556184317 0.030555555555555555 0.03233629749393695
4 0.28935185185185186 0.5804365400161682 0.14537037037037037 0.10428455941794665
4 0.11064814814814815 0.5569927243330639 0.09444444444444444 0.08811641067097817
4 0.3060185185185185 0.7841552142279709 0.125 0.12126111560226355
4 0.8092592592592592 0.6535974130962005 0.12685185185185185 0.08973322554567502
4 0.8013888888888889 0.33993532740501214 0.13518518518518519 0.09377526273241714
4 0.7106481481481481 0.22837510105092967 0.11296296296296296 0.05901374292643492
4 0.5092592592592593 0.3144704931285368 0.12129629629629629 0.060630557801131774
4 0.31712962962962965 0.3617623282134196 0.08796296296296297 0.04284559417946645
4 0.6013888888888889 0.49070331447049315 0.10833333333333334 0.11156022635408246