14 0.5509259259259259 0.6506359300476947 0.7657407407407407 0.581081081081081
15 0.4666666666666667 0.7857710651828299 0.07037037037037037 0.06677265500794913
15 0.5708333333333333 0.8282988871224165 0.07407407407407407 0.06915739268680444
15 0.4222222222222222 0.7011128775834659 0.0787037037037037 0.05961844197138315
15 0.43657407407407406 0.645866454689984 0.06759259259259259 0.05802861685214626
15 0.3861111111111111 0.6001589825119237 0.06666666666666667 0.06120826709062003
15 0.32314814814814813 0.6319554848966613 0.06851851851851852 0.05325914149443561
15 0.4287037037037037 0.544912559618442 0.062037037037037036 0.057233704292527825
15 0.4925925925925926 0.5373608903020668 0.049074074074074076 0.038950715421303655
15 0.5092592592592593 0.5882352941176471 0.05277777777777778 0.04769475357710652
15 0.5402777777777777 0.5528616852146264 0.06296296296296296 0.051669316375198726
15 0.6064814814814815 0.5643879173290938 0.05185185185185185 0.04213036565977742
15 0.6069444444444444 0.5079491255961844 0.062037037037037036 0.04292527821939587
15 0.6777777777777778 0.4598569157392687 0.06944444444444445 0.046104928457869634
15 0.6555555555555556 0.5548489666136724 0.06388888888888888 0.0492845786963434
15 0.6643518518518519 0.6569952305246423 0.0787037037037037 0.07074721780604133
15 0.5800925925925926 0.6446740858505564 0.07777777777777778 0.0643879173290938
15 0.600462962962963 0.6808426073131956 0.07592592592592592 0.05643879173290938
4 0.3490740740740741 0.7313195548489666 0.1175925925925926 0.1287758346581876
4 0.6148148148148148 0.7468203497615262 0.22592592592592592 0.09141494435612083
4 0.7564814814814815 0.6323529411764706 0.13333333333333333 0.14308426073131955
4 0.3523148148148148 0.5369634340222575 0.08611111111111111 0.07233704292527822
4 0.5166666666666667 0.4594594594594595 0.16203703703703703 0.06359300476947535