14 0.5 0.5 1 1
7 0.18594436310395315 0.44466800804828976 0.1171303074670571 0.11670020120724346
7 0.34333821376281115 0.5563380281690141 0.1171303074670571 0.12877263581488935
7 0.3089311859443631 0.35714285714285715 0.06588579795021962 0.096579476861167
7 0.40043923865300146 0.3853118712273642 0.09663250366032211 0.1227364185110664
7 0.47291361639824303 0.3209255533199195 0.26939970717423134 0.289738430583501
7 0.7101024890190337 0.6046277665995976 0.06734992679355783 0.07645875251509054
7 0.7320644216691069 0.5513078470824949 0.08199121522693997 0.08651911468812877
7 0.8060029282576867 0.5653923541247485 0.10248901903367497 0.11468812877263582
7 0.7730600292825769 0.272635814889336 0.0629575402635432 0.08450704225352113
7 0.8667642752562226 0.3963782696177062 0.05710102489019034 0.07243460764587525
7 0.6932650073206442 0.23340040241448692 0.043923865300146414 0.052313883299798795
7 0.7203513909224012 0.352112676056338 0.05417276720351391 0.07645875251509054
7 0.5300146412884333 0.1619718309859155 0.09224011713030747 0.08450704225352113
7 0.5980966325036603 0.21629778672032193 0.04685212298682284 0.04225352112676056
7 0.6178623718887262 0.13883299798792756 0.07174231332357248 0.09054325955734406
7 0.6998535871156661 0.158953722334004 0.10688140556368961 0.10865191146881288
7 0.41142020497803805 0.08551307847082495 0.0849194729136164 0.10663983903420524
7 0.37774524158125916 0.1267605633802817 0.15373352855051245 0.1267605633802817
7 0.31771595900439237 0.14788732394366197 0.06588579795021962 0.06639839034205232
7 0.19326500732064422 0.0925553319919517 0.12152269399707175 0.09054325955734406
7 0.2042459736456808 0.19416498993963782 0.08784773060029283 0.11267605633802817
7 0.14568081991215226 0.18712273641851107 0.0527086383601757 0.07645875251509054
7 0.1390922401171303 0.32293762575452717 0.08931185944363104 0.09054325955734406
7 0.08345534407027819 0.33098591549295775 0.14348462664714495 0.13078470824949698
7 0.49194729136163984 0.2052313883299799 0.07906295754026355 0.06841046277665996
7 0.3916544655929722 0.6901408450704225 0.212298682284041 0.20321931589537223
3 0.5944363103953147 0.7112676056338029 0.14494875549048317 0.1851106639839034
3 0.38799414348462663 0.4688128772635815 0.1478770131771596 0.16096579476861167
3 0.2518301610541728 0.5432595573440644 0.2562225475841874 0.2917505030181087
3 0.1259150805270864 0.23943661971830985 0.16691068814055637 0.15492957746478872
3 0.33821376281112736 0.23541247484909456 0.18594436310395315 0.16700201207243462
3 0.2664714494875549 0.05030181086519115 0.0849194729136164 0.1006036217303823
3 0.18301610541727673 0.12877263581488935 0.13030746705710103 0.1227364185110664
3 0.5658857979502196 0.1056338028169014 0.08931185944363104 0.1006036217303823
3 0.8199121522693997 0.403420523138833 0.16251830161054173 0.24346076458752516
3 0.8118594436310396 0.670020120724346 0.17130307467057102 0.17303822937625754
3 0.5790629575402635 0.386317907444668 0.1171303074670571 0.1488933601609658
3 0.6266471449487555 0.2917505030181087 0.08784773060029283 0.09859154929577464