14 0.5 0.5 1 1
12 0.8651804670912951 0.613588110403397 0.20169851380042464 0.25583864118895966
10 0.35828025477707004 0.15074309978768577 0.13588110403397027 0.18789808917197454
10 0.49309978768577495 0.11571125265392782 0.15711252653927812 0.10191082802547771
10 0.46656050955414013 0.26910828025477707 0.20276008492569003 0.11995753715498939
10 0.40764331210191085 0.3508492569002123 0.23885350318471338 0.14968152866242038
10 0.809447983014862 0.21656050955414013 0.11995753715498939 0.16348195329087048
10 0.6778131634819533 0.4002123142250531 0.11889596602972399 0.15286624203821655
10 0.9166666666666666 0.48142250530785563 0.16666666666666666 0.12420382165605096
10 0.7563694267515924 0.589171974522293 0.16666666666666666 0.2823779193205945
10 0.27070063694267515 0.6252653927813163 0.15817409766454352 0.3057324840764331
10 0.44798301486199577 0.6873673036093418 0.1602972399150743 0.3099787685774947
10 0.3221868365180467 0.7627388535031847 0.14118895966029724 0.10828025477707007
10 0.3975583864118896 0.5456475583864119 0.14118895966029724 0.11677282377919321
12 0.22983014861995754 0.3832271762208068 0.15711252653927812 0.2494692144373673
12 0.5934182590233545 0.8057324840764332 0.23036093418259024 0.18046709129511676
7 0.5753715498938429 0.9145435244161358 0.2802547770700637 0.17091295116772823
7 0.11995753715498939 0.564755838641189 0.21762208067940553 0.21443736730360935
7 0.8996815286624203 0.3641188959660297 0.20063694267515925 0.23142250530785563
7 0.23142250530785563 0.1751592356687898 0.173036093418259 0.1751592356687898
4 0.576963906581741 0.39065817409766457 0.15286624203821655 0.15180467091295116
4 0.6602972399150743 0.17038216560509553 0.208067940552017 0.18895966029723993
4 0.606687898089172 0.6183651804670913 0.23036093418259024 0.25583864118895966
4 0.41932059447983017 0.44798301486199577 0.28450106157112526 0.17197452229299362