14 0.5 0.5 1 1
15 0.41388888888888886 0.5993827160493828 0.17037037037037037 0.1654320987654321
15 0.18333333333333332 0.4604938271604938 0.10833333333333334 0.11851851851851852
15 0.29305555555555557 0.3135802469135803 0.09351851851851851 0.11975308641975309
15 0.3680555555555556 0.3475308641975309 0.11851851851851852 0.10123456790123457
15 0.4532407407407407 0.27037037037037037 0.11574074074074074 0.1308641975308642
15 0.5310185185185186 0.14320987654320988 0.10185185185185185 0.08888888888888889
15 0.5828703703703704 0.29506172839506173 0.10092592592592593 0.11975308641975309
15 0.7421296296296296 0.35246913580246914 0.1361111111111111 0.14444444444444443
15 0.8111111111111111 0.17716049382716048 0.12407407407407407 0.11851851851851852
4 0.36712962962962964 0.40555555555555556 0.1962962962962963 0.12098765432098765
15 0.44166666666666665 0.41975308641975306 0.12314814814814815 0.10864197530864197
4 0.4638888888888889 0.4808641975308642 0.17314814814814813 0.12962962962962962
4 0.7694444444444445 0.4382716049382716 0.12222222222222222 0.09876543209876543
4 0.8490740740740741 0.2722222222222222 0.1175925925925926 0.14320987654320988
4 0.6398148148148148 0.17962962962962964 0.09444444444444444 0.10987654320987654
4 0.3087962962962963 0.7320987654320987 0.13518518518518519 0.13703703703703704
4 0.18518518518518517 0.5666666666666667 0.15185185185185185 0.1419753086419753
4 0.6217592592592592 0.3691358024691358 0.16203703703703703 0.15555555555555556
4 0.6675925925925926 0.5493827160493827 0.16574074074074074 0.13950617283950617
4 0.2986111111111111 0.5567901234567901 0.09351851851851851 0.1419753086419753