14 0.5 0.5 1 1
2 0.2845579078455791 0.6647909967845659 0.12079701120797011 0.1752411575562701
2 0.3038605230386052 0.5233118971061094 0.12204234122042341 0.12861736334405144
2 0.27085927770859275 0.33038585209003213 0.15566625155666253 0.13344051446945338
2 0.40348692403486924 0.34726688102893893 0.0784557907845579 0.1157556270096463
2 0.44458281444582815 0.2202572347266881 0.11581569115815692 0.12057877813504823
2 0.5273972602739726 0.272508038585209 0.09464508094645081 0.13504823151125403
2 0.663760896637609 0.1607717041800643 0.11955168119551682 0.13183279742765272
2 0.773972602739726 0.3890675241157556 0.13449564134495642 0.12540192926045016
2 0.5286425902864259 0.5538585209003215 0.09713574097135741 0.12057877813504823
2 0.6419676214196762 0.6832797427652733 0.06102117061021171 0.10289389067524116
4 0.350560398505604 0.797427652733119 0.08841843088418432 0.09485530546623794
4 0.3437110834371108 0.7307073954983923 0.05977584059775841 0.07717041800643087
4 0.400373599003736 0.6881028938906752 0.10087173100871731 0.1270096463022508
4 0.4066002490660025 0.5691318327974276 0.16936488169364883 0.15112540192926044
4 0.20298879202988793 0.6961414790996785 0.10585305105853052 0.1527331189710611
4 0.1569115815691158 0.5763665594855305 0.0660024906600249 0.08038585209003216
4 0.16811955168119552 0.48392282958199356 0.099626400996264 0.10610932475884244
4 0.21855541718555418 0.43890675241157556 0.07721046077210461 0.08842443729903537
4 0.3312577833125778 0.38102893890675243 0.11083437110834371 0.10771704180064309
4 0.350560398505604 0.3022508038585209 0.07970112079701121 0.08360128617363344
4 0.21170610211706103 0.3135048231511254 0.08468244084682441 0.06109324758842444
4 0.28268991282689915 0.2596463022508039 0.0821917808219178 0.0819935691318328
4 0.40473225404732255 0.20016077170418006 0.1432129514321295 0.1189710610932476
4 0.5834371108343711 0.34807073954983925 0.11457036114570361 0.10289389067524116
4 0.5759651307596513 0.19212218649517684 0.10585305105853052 0.1495176848874598
4 0.5037359900373599 0.8585209003215434 0.0684931506849315 0.11254019292604502
4 0.5965130759651308 0.7668810289389068 0.07970112079701121 0.09163987138263666
4 0.7135740971357409 0.6832797427652733 0.0821917808219178 0.10610932475884244
4 0.8169364881693649 0.5522508038585209 0.06724782067247821 0.07717041800643087
4 0.6961394769613948 0.4903536977491961 0.06724782067247821 0.0932475884244373
4 0.6133250311332503 0.4332797427652733 0.052303860523038606 0.06913183279742766
15 0.5466998754669987 0.6133440514469454 0.33499377334993774 0.3504823151125402
15 0.7285180572851806 0.3834405144694534 0.2129514321295143 0.31189710610932475