14 0.5 0.5 1 1
9 0.26443518518518516 0.8595641447368422 0.07205555555555555 0.07019736842105263
9 0.10967592592592593 0.8297121710526315 0.055546296296296295 0.047195723684210523
9 0.19925925925925925 0.7972697368421052 0.08821296296296297 0.0774013157894737
9 0.10047222222222223 0.6977220394736842 0.049249999999999995 0.09018092105263158
9 0.1453611111111111 0.46540296052631575 0.051787037037037034 0.07597861842105263
9 0.1371851851851852 0.5307894736842106 0.05611111111111111 0.03324013157894737
9 0.11990740740740741 0.591422697368421 0.11170370370370371 0.06402138157894736
9 0.05032407407407408 0.4657401315789474 0.0856851851851852 0.043289473684210523
9 0.018407407407407407 0.56671875 0.036814814814814814 0.06674342105263158
9 0.3799444444444444 0.5000986842105263 0.051370370370370365 0.038601973684210526
9 0.41835185185185186 0.6152549342105263 0.09625925925925925 0.04703125
9 0.41309259259259257 0.7013980263157894 0.055685185185185185 0.05081414473684211
9 0.4705740740740741 0.7199095394736842 0.05475925925925926 0.037796052631578946
9 0.573962962962963 0.6882236842105263 0.044953703703703704 0.047820723684210524
9 0.6224259259259259 0.6573684210526316 0.05171296296296297 0.04283717105263158
9 0.7006481481481482 0.6097532894736842 0.0485 0.04603618421052631
9 0.7892037037037037 0.6503618421052632 0.039657407407407405 0.03550164473684211
9 0.7170833333333334 0.7584375 0.03816666666666667 0.058125
9 0.4933888888888889 0.4800493421052632 0.07539814814814816 0.056891447368421055
9 0.5867314814814815 0.4468585526315789 0.06298148148148147 0.053914473684210526
9 0.6829907407407407 0.5021463815789474 0.08081481481481481 0.0994078947368421
9 0.7794444444444444 0.44852796052631577 0.042666666666666665 0.04390625
9 0.8305277777777778 0.4666282894736842 0.039657407407407405 0.03171875
9 0.891287037037037 0.41347861842105266 0.050351851851851856 0.03885690789473684
9 0.882962962962963 0.3686184210526316 0.0844074074074074 0.04585526315789473
9 0.6979537037037037 0.28871710526315786 0.04875 0.07794407894736842
9 0.7401296296296297 0.28504934210526317 0.034083333333333334 0.04392269736842105
9 0.7824722222222222 0.23701480263157892 0.052500000000000005 0.07463815789473685
9 0.6729814814814815 0.1841529605263158 0.04012037037037037 0.045649671052631575
9 0.6851851851851852 0.13561677631578947 0.04575 0.03200657894736842
9 0.6059259259259259 0.2363486842105263 0.06003703703703704 0.07997532894736842
9 0.6096851851851852 0.2993996710526316 0.045009259259259256 0.025904605263157895
9 0.5549351851851853 0.3104029605263158 0.03882407407407407 0.047911184210526314
9 0.534462962962963 0.26095394736842104 0.04671296296296296 0.030764802631578946
9 0.5075092592592593 0.29722861842105264 0.043527777777777776 0.04491776315789473
9 0.5080648148148148 0.3542598684210526 0.08597222222222221 0.052220394736842105
9 0.4780277777777778 0.3993914473684211 0.07178703703703704 0.03269736842105263
9 0.47576851851851854 0.22164473684210526 0.03639814814814815 0.028889802631578948
9 0.3951851851851852 0.24273848684210528 0.10439814814814814 0.0560608552631579
9 0.3361018518518519 0.3223766447368421 0.03882407407407407 0.04349506578947369
9 0.415462962962963 0.3060279605263158 0.06041666666666667 0.05084703947368421
9 0.15316666666666665 0.2628371710526316 0.06364814814814815 0.04120065789473684
9 0.11475925925925926 0.31420230263157894 0.08637962962962964 0.05717927631578947
9 0.6096851851851852 0.10526315789473684 0.04116666666666667 0.032870065789473685
9 0.5918425925925926 0.16723684210526316 0.04561111111111111 0.034465460526315786
9 0.47649074074074077 0.13988486842105263 0.07415740740740741 0.033717105263157895
9 0.49894444444444447 0.1019407894736842 0.0344537037037037 0.023338815789473683
8 0.3602777777777778 0.07915296052631579 0.03588888888888889 0.06736842105263158
8 0.44243518518518515 0.04217105263157895 0.10149074074074074 0.06662006578947369
8 0.5184166666666666 0.1777796052631579 0.02675 0.029547697368421052
8 0.5454722222222222 0.21323190789473687 0.051583333333333335 0.03827302631578947
8 0.4157592592592592 0.19725328947368423 0.11238888888888889 0.08179276315789473
8 0.8203148148148148 0.22893092105263158 0.05024074074074074 0.10005756578947368
8 0.7197037037037036 0.4145394736842105 0.04858333333333333 0.07500822368421052
8 0.7063333333333334 0.7739226973684211 0.1564537037037037 0.1337171052631579
8 0.14655555555555555 0.6922450657894736 0.09173148148148147 0.0669983552631579
4 0.1847037037037037 0.38608552631578946 0.2792777777777778 0.07370888157894737
4 0.2522962962962963 0.23639802631578946 0.1366851851851852 0.22170230263157892
4 0.3554074074074074 0.5018009868421053 0.3206851851851852 0.16039473684210526
4 0.7020370370370371 0.20377467105263158 0.17322222222222222 0.2847450657894737
4 0.7687222222222222 0.4296875 0.3288055555555556 0.1378865131578947
4 0.7014351851851851 0.5906332236842106 0.32755555555555554 0.17359375