14 0.5 0.5179012345679013 1 0.9641975308641976
15 0.3888888888888889 0.5339506172839507 0.16296296296296298 0.12839506172839507
15 0.23425925925925925 0.26666666666666666 0.1 0.09753086419753086
15 0.38287037037037036 0.20617283950617285 0.08425925925925926 0.10493827160493827
15 0.43703703703703706 0.28271604938271605 0.11574074074074074 0.07407407407407407
15 0.5393518518518519 0.2679012345679012 0.10648148148148148 0.10864197530864197
15 0.6527777777777778 0.204320987654321 0.09907407407407408 0.06666666666666667
15 0.6453703703703704 0.37037037037037035 0.09166666666666666 0.10123456790123457
15 0.7657407407407407 0.5209876543209877 0.12777777777777777 0.11728395061728394
15 0.888425925925926 0.40925925925925927 0.11851851851851852 0.09135802469135802
4 0.41574074074074074 0.3333333333333333 0.20185185185185187 0.0691358024691358
15 0.47685185185185186 0.3925925925925926 0.12037037037037036 0.08148148148148149
4 0.475 0.4604938271604938 0.17314814814814813 0.08765432098765433
4 0.7597222222222222 0.6141975308641975 0.12037037037037036 0.0691358024691358
4 0.888425925925926 0.5172839506172839 0.10648148148148148 0.12222222222222222
4 0.7361111111111112 0.30493827160493825 0.08703703703703704 0.09135802469135802
4 0.2490740740740741 0.5851851851851851 0.12777777777777777 0.10864197530864197
4 0.1986111111111111 0.3617283950617284 0.14629629629629629 0.10864197530864197
4 0.6537037037037037 0.4604938271604938 0.15555555555555556 0.11975308641975309
4 0.6305555555555555 0.6481481481481481 0.16296296296296298 0.10123456790123457
4 0.30185185185185187 0.42407407407407405 0.07962962962962963 0.12962962962962962