14 0.5138888888888888 0.5106111111111111 0.9722222222222222 0.8977592592592593
11 0.6190925925925926 0.8091018518518519 0.08913888888888888 0.08697222222222223
11 0.69675 0.897962962962963 0.09996296296296296 0.09652777777777778
11 0.9303518518518519 0.6837962962962963 0.06325925925925925 0.0964351851851852
11 0.8043888888888889 0.5645370370370371 0.09849999999999999 0.08369444444444445
11 0.9168055555555555 0.4668240740740741 0.09035185185185185 0.07068518518518518
11 0.4028240740740741 0.8347037037037037 0.10271296296296296 0.07858333333333334
11 0.3090185185185185 0.6968703703703704 0.1083888888888889 0.06885185185185184
11 0.28147222222222223 0.5065462962962963 0.09117592592592592 0.07787962962962963
11 0.39443518518518517 0.30407407407407405 0.0805 0.07750925925925925
11 0.633361111111111 0.2146111111111111 0.06349074074074074 0.06293518518518518
11 0.6878148148148149 0.14364814814814814 0.08027777777777778 0.06189814814814814
11 0.8331018518518518 0.24647222222222223 0.0872962962962963 0.07428703703703704
11 0.7102962962962963 0.3147222222222222 0.043972222222222225 0.08074999999999999
11 0.48779629629629634 0.10461111111111111 0.06856481481481481 0.06871296296296296
11 0.3426018518518518 0.11589814814814815 0.07437037037037036 0.03890740740740741
11 0.22105555555555556 0.2575462962962963 0.08775925925925926 0.06753703703703703
3 0.6405277777777778 0.718462962962963 0.08990740740740741 0.07111111111111111
3 0.1450462962962963 0.6276203703703704 0.07806481481481482 0.08300925925925927
11 0.09462962962962963 0.46512037037037035 0.09427777777777777 0.08887037037037038
15 0.5980185185185185 0.2835740740740741 0.07205555555555555 0.07464814814814816
15 0.8537870370370371 0.49811111111111117 0.09510185185185184 0.06630555555555555
3 0.5519444444444445 0.5583518518518519 0.06484259259259259 0.07127777777777779
3 0.36771296296296296 0.47551851851851845 0.0916388888888889 0.037361111111111116
5 0.28144444444444444 0.2111388888888889 0.049435185185185186 0.053518518518518514
5 0.7519166666666667 0.19992592592592592 0.10239814814814815 0.048157407407407406
5 0.5114907407407407 0.18388888888888888 0.03960185185185185 0.04034259259259259
5 0.6632592592592593 0.37348148148148147 0.07477777777777778 0.06621296296296297
5 0.5324537037037037 0.3900925925925926 0.08288888888888889 0.09206481481481482
5 0.4728611111111111 0.5736944444444445 0.05249074074074074 0.060675925925925925
5 0.6151851851851852 0.5659814814814814 0.07186111111111111 0.055712962962962964
5 0.3829444444444444 0.6122685185185185 0.06186111111111111 0.07425
5 0.4103611111111111 0.5517592592592593 0.04678703703703704 0.07456481481481482
5 0.5382314814814815 0.6515185185185185 0.0639537037037037 0.06432407407407408
5 0.3102685185185185 0.39011111111111113 0.06458333333333334 0.04535185185185185
5 0.24136111111111114 0.34314814814814815 0.06250925925925926 0.05012962962962963
5 0.28918518518518516 0.3208611111111111 0.036814814814814814 0.05492592592592593
5 0.3013518518518518 0.36387962962962966 0.07966666666666668 0.02786111111111111
5 0.3829444444444444 0.2319351851851852 0.07008333333333333 0.039546296296296295
5 0.6093611111111111 0.48781481481481487 0.05608333333333333 0.030999999999999996
15 0.6312962962962962 0.4267962962962963 0.07528703703703704 0.07759259259259259
15 0.3877407407407407 0.662324074074074 0.09202777777777778 0.05918518518518519
15 0.5176574074074074 0.2567962962962963 0.03515740740740741 0.08721296296296296
12 0.4381388888888889 0.7360092592592592 0.15306481481481482 0.07631481481481482
12 0.8412592592592593 0.6935 0.10653703703703704 0.12977777777777777
12 0.9268981481481481 0.565962962962963 0.14619444444444443 0.09680555555555555
9 0.5365092592592592 0.8352592592592593 0.056416666666666664 0.0698425925925926
9 0.5975370370370371 0.8681666666666666 0.07562037037037037 0.05339814814814815
9 0.8631944444444445 0.5611574074074074 0.02289814814814815 0.046064814814814815
9 0.883425925925926 0.5693888888888889 0.030444444444444448 0.06252777777777778
9 0.9180462962962963 0.5853333333333333 0.05444444444444444 0.059453703703703696
9 0.20639814814814814 0.39287962962962963 0.041935185185185186 0.046768518518518515
9 0.24238888888888888 0.3915 0.04811111111111111 0.031685185185185184
9 0.11950000000000001 0.34008333333333335 0.051166666666666666 0.03988888888888889
9 0.35105555555555557 0.3669907407407408 0.05156481481481481 0.042305555555555555
9 0.2948425925925926 0.2646574074074074 0.05018518518518519 0.05768518518518518
5 0.824462962962963 0.6646944444444445 0.06882407407407408 0.07216666666666667
5 0.4981203703703704 0.8164074074074075 0.07423148148148148 0.09383333333333334
5 0.6076481481481482 0.34196296296296297 0.060888888888888895 0.04160185185185185
5 0.3411203703703704 0.2531759259259259 0.04402777777777778 0.03676851851851852