14 0.5 0.5 1 1
4 0.4400871459694989 0.32625272331154687 0.17320261437908496 0.14705882352941177
4 0.17592592592592593 0.45751633986928103 0.22549019607843138 0.12091503267973856
4 0.19444444444444445 0.6677559912854031 0.20915032679738563 0.18627450980392157
4 0.43191721132897604 0.6350762527233116 0.1503267973856209 0.18191721132897604
4 0.6171023965141612 0.3055555555555556 0.13398692810457516 0.11982570806100218
4 0.2761437908496732 0.10675381263616558 0.10893246187363835 0.13398692810457516
4 0.17973856209150327 0.22549019607843138 0.13507625272331156 0.0664488017429194
4 0.0920479302832244 0.8921568627450981 0.1840958605664488 0.17429193899782136
4 0.24128540305010893 0.940631808278867 0.10457516339869281 0.09803921568627451
4 0.44389978213507625 0.8850762527233116 0.1056644880174292 0.11220043572984749
4 0.6258169934640523 0.8071895424836601 0.10675381263616558 0.1786492374727669
4 0.7734204793028322 0.8676470588235294 0.1514161220043573 0.2037037037037037
4 0.7249455337690632 0.5484749455337691 0.13071895424836602 0.1111111111111111
4 0.8006535947712419 0.4591503267973856 0.10021786492374728 0.1111111111111111
4 0.9400871459694989 0.5582788671023965 0.1187363834422658 0.08496732026143791
4 0.8360566448801743 0.1781045751633987 0.08169934640522876 0.08932461873638345
4 0.8398692810457516 0.27342047930283225 0.08169934640522876 0.10784313725490197
4 0.9705882352941176 0.2837690631808279 0.058823529411764705 0.06862745098039216
4 0.656318082788671 0.15577342047930284 0.08823529411764706 0.10893246187363835
4 0.45806100217864926 0.19335511982570805 0.12636165577342048 0.0860566448801743
4 0.9019607843137255 0.7162309368191722 0.17973856209150327 0.12636165577342048
4 0.47549019607843135 0.4542483660130719 0.05228758169934641 0.08387799564270153
4 0.39923747276688454 0.5201525054466231 0.10348583877995643 0.0457516339869281
4 0.477124183006536 0.5234204793028322 0.046840958605664486 0.044662309368191724
4 0.5533769063180828 0.4912854030501089 0.08169934640522876 0.09368191721132897
4 0.5953159041394336 0.46568627450980393 0.06971677559912855 0.0664488017429194
4 0.6808278867102396 0.4084967320261438 0.05991285403050109 0.06971677559912855
4 0.8376906318082789 0.37363834422657954 0.04357298474945534 0.06318082788671024
4 0.8747276688453159 0.4215686274509804 0.04793028322440087 0.09041394335511982
4 0.7608932461873639 0.29901960784313725 0.06209150326797386 0.04357298474945534
4 0.9880174291938998 0.39433551198257083 0.023965141612200435 0.05664488017429194
4 0.9869281045751634 0.4923747276688453 0.026143790849673203 0.0392156862745098
4 0.9106753812636166 0.5032679738562091 0.0784313725490196 0.05119825708061002
4 0.9613289760348583 0.630718954248366 0.06753812636165578 0.05991285403050109
4 0.7832244008714597 0.6002178649237473 0.07407407407407407 0.06971677559912855
4 0.8845315904139434 0.6290849673202614 0.06535947712418301 0.06100217864923747
4 0.9248366013071896 0.8921568627450981 0.12200435729847495 0.21568627450980393
4 0.8649237472766884 0.8425925925925926 0.07734204793028322 0.07298474945533769
4 0.644880174291939 0.9411764705882353 0.07407407407407407 0.08823529411764706
4 0.5223311546840959 0.9738562091503268 0.12309368191721133 0.05228758169934641
4 0.5288671023965141 0.7271241830065359 0.09041394335511982 0.10239651416122005
4 0.4711328976034858 0.7854030501089324 0.07298474945533769 0.049019607843137254
4 0.5985838779956427 0.6889978213507625 0.0784313725490196 0.06971677559912855
4 0.6857298474945533 0.6857298474945533 0.08169934640522876 0.07625272331154684
4 0.03376906318082789 0.7020697167755992 0.06753812636165578 0.11220043572984749
4 0.24237472766884532 0.27450980392156865 0.10457516339869281 0.06209150326797386
4 0.2173202614379085 0.3431372549019608 0.07298474945533769 0.09477124183006536
4 0.1383442265795207 0.3627450980392157 0.05228758169934641 0.09259259259259259
4 0.332244008714597 0.36655773420479304 0.09694989106753812 0.0718954248366013
4 0.34967320261437906 0.24128540305010893 0.05773420479302832 0.06862745098039216
4 0.35348583877995643 0.15305010893246188 0.06971677559912855 0.05555555555555555
15 0.340958605664488 0.19172113289760348 0.058823529411764705 0.04357298474945534
15 0.1388888888888889 0.2946623093681917 0.06862745098039216 0.03812636165577342
15 0.16176470588235295 0.3142701525054466 0.05228758169934641 0.04139433551198257
15 0.2690631808278867 0.34694989106753815 0.03812636165577342 0.06535947712418301
15 0.49019607843137253 0.16775599128540306 0.05010893246187364 0.04139433551198257
15 0.3431372549019608 0.19335511982570805 0.05337690631808279 0.042483660130718956
15 0.5321350762527233 0.16884531590413943 0.03594771241830065 0.05555555555555555
15 0.684640522875817 0.19498910675381265 0.044662309368191724 0.03812636165577342
15 0.7396514161220044 0.2374727668845316 0.03594771241830065 0.05119825708061002
15 0.7979302832244008 0.12091503267973856 0.049019607843137254 0.03812636165577342
15 0.8398692810457516 0.539760348583878 0.05773420479302832 0.05119825708061002
15 0.7701525054466231 0.7031590413943355 0.05664488017429194 0.0718954248366013
15 0.5381263616557734 0.8910675381263616 0.049019607843137254 0.08823529411764706
15 0.39923747276688454 0.9526143790849673 0.058823529411764705 0.046840958605664486
4 0.5386710239651417 0.6252723311546841 0.08823529411764706 0.09368191721132897