14 0.5 0.5 1 1
12 0.06036111111111111 0.6325555555555555 0.12072222222222222 0.13354629629629627
12 0.5218888888888888 0.7599814814814815 0.13927777777777778 0.09125925925925926
12 0.531425925925926 0.8736666666666666 0.18024074074074073 0.15362962962962962
12 0.7978796296296297 0.552675925925926 0.13766666666666666 0.13328703703703704
12 0.4371388888888889 0.57175 0.10113888888888889 0.10262962962962963
12 0.24827777777777776 0.34574074074074074 0.10547222222222222 0.055092592592592596
12 0.06393518518518518 0.15223148148148147 0.09226851851851853 0.0907037037037037
12 0.33767592592592593 0.09722222222222222 0.08141666666666668 0.052055555555555556
12 0.396 0.06266666666666668 0.053425925925925925 0.04306481481481481
12 0.5510462962962963 0.03465740740740741 0.07987962962962962 0.06931481481481482
12 0.8 0.2593611111111111 0.07626851851851853 0.06695370370370371
12 0.6982037037037037 0.3232777777777778 0.07553703703703704 0.059009259259259254
12 0.6440092592592592 0.3847777777777778 0.11930555555555555 0.0862037037037037
12 0.7539814814814815 0.4490925925925926 0.07064814814814814 0.06268518518518519
12 0.5104722222222222 0.43510185185185185 0.036314814814814814 0.07414814814814814
12 0.46905555555555556 0.38740740740740737 0.11313888888888889 0.07643518518518519
12 0.1357685185185185 0.32994444444444443 0.0645462962962963 0.04416666666666667
12 0.22667592592592592 0.40262037037037035 0.0435 0.03549074074074074
12 0.17812037037037037 0.45613888888888887 0.1285925925925926 0.048601851851851854
12 0.2881851851851852 0.6156574074074074 0.10077777777777779 0.05394444444444444
12 0.08571296296296296 0.7510833333333333 0.08653703703703704 0.04492592592592593
12 0.6420462962962963 0.5817962962962964 0.08719444444444445 0.05761111111111111
12 0.903425925925926 0.25355555555555553 0.11415740740740742 0.07471296296296297
12 0.8256851851851852 0.16692592592592592 0.044842592592592594 0.04298148148148148
12 0.8764537037037038 0.4063333333333333 0.04175925925925926 0.05616666666666666
4 0.15987962962962962 0.24297222222222226 0.09986111111111111 0.05970370370370371
4 0.36283333333333334 0.043759259259259255 0.056546296296296296 0.061259259259259256
4 0.5408611111111111 0.13337037037037036 0.1336388888888889 0.039462962962962964
4 0.704537037037037 0.1824814814814815 0.11638888888888889 0.07409259259259258
4 0.4481574074074074 0.304287037037037 0.12052777777777776 0.06335185185185185
4 0.8858611111111111 0.34396296296296297 0.118 0.08732407407407408
4 0.9688148148148148 0.4702222222222222 0.06237037037037037 0.08137962962962964
4 0.5224074074074074 0.5899722222222222 0.08031481481481481 0.08294444444444445
4 0.13382407407407407 0.5504351851851852 0.13391666666666666 0.10026851851851852
4 0.1516574074074074 0.81825 0.1655185185185185 0.14495370370370372
7 0.7181759259259259 0.7441851851851852 0.20724074074074073 0.1616203703703704
7 0.2745092592592593 0.7429537037037037 0.18577777777777776 0.15534259259259262
7 0.6003888888888889 0.2532037037037037 0.10905555555555556 0.09378703703703704
7 0.7397685185185185 0.10300925925925926 0.1169351851851852 0.08627777777777779
7 0.21353703703703705 0.10408333333333333 0.12614814814814815 0.0995462962962963
7 0.052861111111111116 0.4668981481481482 0.10572222222222223 0.11091666666666668
7 0.058916666666666666 0.250537037037037 0.10340740740740742 0.09684259259259259
7 0.3836111111111111 0.22372222222222224 0.13361111111111112 0.08719444444444445
9 0.45694444444444443 0.16737037037037036 0.05338888888888889 0.044620370370370366
4 0.03549074074074074 0.3396203703703704 0.07099074074074074 0.055324074074074074