14 0.5 0.5282224094355518 1 0.7868576242628476
6 0.3537037037037037 0.2952822240943555 0.1398148148148148 0.09856781802864364
6 0.7125 0.36604886267902276 0.1361111111111111 0.07413647851727043
6 0.6699074074074074 0.5893007582139849 0.1175925925925926 0.13732097725358045
6 0.7662037037037037 0.5930918281381634 0.08981481481481482 0.14406065711878685
6 0.21574074074074073 0.5345408593091828 0.125 0.11204717775905644
6 0.49444444444444446 0.6630160067396799 0.04537037037037037 0.031171019376579612
6 0.48842592592592593 0.571609098567818 0.019444444444444445 0.02106149957877001
6 0.5041666666666667 0.4717775905644482 0.04351851851851852 0.04296545914069082
6 0.425 0.44397641112047176 0.06574074074074074 0.04212299915754002
6 0.5421296296296296 0.6794439764111204 0.03148148148148148 0.02527379949452401
6 0.5921296296296297 0.6600673967986521 0.03888888888888889 0.03454085930918281
6 0.5638888888888889 0.7459983150800337 0.046296296296296294 0.03622577927548441
4 0.40879629629629627 0.5951979780960405 0.19166666666666668 0.2468407750631845
4 0.2564814814814815 0.3871103622577928 0.16111111111111112 0.10783487784330244
4 0.6694444444444444 0.4759898904802022 0.24537037037037038 0.15164279696714406
4 0.4875 0.3125526537489469 0.15185185185185185 0.09435551811288964