14 0.5 0.6236749116607774 1 0.7526501766784452
14 0.7125 0.1351590106007067 0.575 0.2703180212014134
4 0.39166666666666666 0.6051236749116607 0.14444444444444443 0.10335689045936396
4 0.41759259259259257 0.8012367491166078 0.12962962962962962 0.10424028268551237
4 0.5060185185185185 0.9443462897526502 0.175 0.11130742049469965
4 0.09537037037037037 0.9204946996466431 0.14722222222222223 0.10600706713780919
4 0.19398148148148148 0.8418727915194346 0.13148148148148148 0.09098939929328621
4 0.24768518518518517 0.5132508833922261 0.12777777777777777 0.08480565371024736
4 0.537962962962963 0.4924911660777385 0.19444444444444445 0.12455830388692579
2 0.625462962962963 0.5795053003533569 0.1037037037037037 0.04770318021201413
2 0.48194444444444445 0.6709363957597173 0.21481481481481482 0.13162544169611307
2 0.25555555555555554 0.659452296819788 0.18611111111111112 0.10247349823321555
2 0.012037037037037037 0.8431978798586572 0.024074074074074074 0.12279151943462897
2 0.6398148148148148 0.5026501766784452 0.05555555555555555 0.044169611307420496
2 0.4444444444444444 0.4801236749116608 0.1425925925925926 0.10247349823321555
2 0.2023148148148148 0.6033568904593639 0.05740740740740741 0.08745583038869258
2 0.4300925925925926 0.8705830388692579 0.16296296296296298 0.06537102473498234
2 0.15648148148148147 0.8065371024734982 0.13055555555555556 0.11749116607773852
4 0.711574074074074 0.681095406360424 0.25092592592592594 0.17402826855123674
4 0.6837962962962963 0.8878091872791519 0.15648148148148147 0.1687279151943463
4 0.6986111111111111 0.12765017667844522 0.062037037037037036 0.03445229681978799
4 0.6259259259259259 0.15680212014134276 0.062037037037037036 0.022968197879858657
4 0.6675925925925926 0.10777385159010601 0.05092592592592592 0.061837455830388695
4 0.7861111111111111 0.09187279151943463 0.05185185185185185 0.03268551236749117
4 0.8976851851851851 0.12985865724381626 0.12222222222222222 0.045936395759717315
4 0.8768518518518519 0.08436395759717315 0.08981481481481482 0.030035335689045935
4 0.8486111111111111 0.16563604240282687 0.040740740740740744 0.019434628975265017
4 0.6953703703703704 0.18153710247349825 0.06574074074074074 0.03268551236749117
4 0.7375 0.5185512367491166 0.08703703703703704 0.05565371024734982
4 0.23148148148148148 0.6780035335689046 0.225 0.14045936395759717
4 0.043055555555555555 0.6735865724381626 0.08611111111111111 0.11042402826855123
2 0.8009259259259259 0.13869257950530034 0.07314814814814814 0.053003533568904596