14 0.5 0.5 1 1
11 0.32523148148148145 0.24479166666666666 0.12037037037037036 0.10648148148148148
11 0.4791666666666667 0.19039351851851852 0.11574074074074074 0.09722222222222222
11 0.5318287037037037 0.08796296296296297 0.11689814814814815 0.09953703703703703
11 0.4068287037037037 0.11053240740740741 0.09375 0.07407407407407407
11 0.1255787037037037 0.28587962962962965 0.11226851851851852 0.09953703703703703
11 0.28587962962962965 0.14930555555555555 0.09606481481481481 0.07523148148148148
11 0.06770833333333333 0.40914351851851855 0.13310185185185186 0.11342592592592593
11 0.08275462962962964 0.5642361111111112 0.15625 0.13773148148148148
11 0.13541666666666666 0.6846064814814815 0.16435185185185186 0.1574074074074074
11 0.3055555555555556 0.5347222222222222 0.15162037037037038 0.14583333333333334
11 0.23958333333333334 0.35648148148148145 0.125 0.11226851851851852
11 0.4241898148148148 0.5931712962962963 0.125 0.1423611111111111
11 0.296875 0.7546296296296297 0.17592592592592593 0.15856481481481483
11 0.6278935185185185 0.6475694444444444 0.15046296296296297 0.14351851851851852
11 0.7355324074074074 0.5335648148148148 0.16319444444444445 0.15162037037037038
11 0.9450231481481481 0.5515046296296297 0.1099537037037037 0.1284722222222222
11 0.8784722222222222 0.7054398148148148 0.14583333333333334 0.13541666666666666
11 0.8645833333333334 0.24189814814814814 0.14467592592592593 0.13425925925925927
11 0.7100694444444444 0.13252314814814814 0.11689814814814815 0.10532407407407407
11 0.5011574074074074 0.8339120370370371 0.15856481481481483 0.16782407407407407
11 0.6915509259259259 0.8269675925925926 0.1840277777777778 0.20601851851851852
4 0.44560185185185186 0.3177083333333333 0.31828703703703703 0.20023148148148148
4 0.6857638888888888 0.24594907407407407 0.2569444444444444 0.2916666666666667
4 0.5127314814814815 0.5017361111111112 0.3275462962962963 0.29050925925925924
4 0.19907407407407407 0.5561342592592593 0.16319444444444445 0.2800925925925926
4 0.4710648148148148 0.7100694444444444 0.21064814814814814 0.1550925925925926
4 0.8020833333333334 0.6197916666666666 0.22106481481481483 0.13541666666666666
4 0.8402777777777778 0.4548611111111111 0.13541666666666666 0.18518518518518517
11 0.6047453703703703 0.4652777777777778 0.12384259259259259 0.14467592592592593
11 0.5028935185185185 0.47685185185185186 0.13310185185185186 0.15625
11 0.6822916666666666 0.3744212962962963 0.13773148148148148 0.1076388888888889
11 0.4149305555555556 0.3616898148148148 0.13657407407407407 0.10532407407407407
11 0.5734953703703703 0.32060185185185186 0.09953703703703703 0.0775462962962963
11 0.6487268518518519 0.21122685185185186 0.08217592592592593 0.06365740740740741