14 0.3243865030674847 0.7101226993865031 0.6487730061349694 0.5797546012269938
10 0.1901840490797546 0.808282208588957 0.12423312883435583 0.049079754601226995
10 0.2093558282208589 0.8872699386503068 0.1549079754601227 0.04447852760736196
10 0.44785276073619634 0.7469325153374233 0.1196319018404908 0.05061349693251534
10 0.46549079754601225 0.8174846625766872 0.1273006134969325 0.06134969325153374
10 0.3473926380368098 0.7745398773006135 0.11349693251533742 0.07668711656441718
10 0.379601226993865 0.6863496932515337 0.1901840490797546 0.06748466257668712
10 0.4279141104294479 0.6150306748466258 0.1196319018404908 0.03374233128834356
10 0.32285276073619634 0.5529141104294478 0.09969325153374232 0.05061349693251534
10 0.1664110429447853 0.5506134969325154 0.05061349693251534 0.06901840490797546
10 0.14493865030674846 0.6188650306748467 0.05521472392638037 0.03680981595092025
10 0.024539877300613498 0.5789877300613497 0.049079754601226995 0.02607361963190184
10 0.13190184049079753 0.7661042944785276 0.06441717791411043 0.04294478527607362
10 0.20015337423312884 0.7400306748466258 0.04754601226993865 0.06595092024539877
10 0.16180981595092025 0.9424846625766872 0.04447852760736196 0.06901840490797546
10 0.04524539877300614 0.8964723926380368 0.09049079754601227 0.10429447852760736