14 0.5037407407407407 0.49903345724907067 0.9297037037037037 0.9369268897149938
2 0.5321574074074075 0.3654275092936803 0.14854629629629632 0.17053283767038416
4 0.3087314814814815 0.2123791821561338 0.1819351851851852 0.06319702602230483
4 0.5495833333333333 0.24121437422552663 0.15653703703703703 0.05676579925650558
4 0.5933240740740741 0.15848822800495663 0.03976851851851852 0.06096654275092937
4 0.7113518518518518 0.18599752168525402 0.07299074074074074 0.07828996282527881
4 0.7476203703703703 0.40741016109045847 0.14692592592592593 0.1952168525402726
4 0.41338888888888886 0.6371003717472119 0.20248148148148148 0.04925650557620818
4 0.22725925925925924 0.44971499380421315 0.13307407407407407 0.13513011152416357
12 0.6533425925925926 0.20824039653035936 0.06085185185185185 0.14701363073110285
12 0.4557407407407407 0.17004956629491944 0.15968518518518518 0.08623296158612144
12 0.2193425925925926 0.30734820322180917 0.09471296296296297 0.12102850061957869
12 0.42510185185185184 0.25064436183395294 0.06811111111111111 0.08213135068153656
12 0.6568425925925926 0.5410408921933085 0.08648148148148149 0.1717100371747212
12 0.35286111111111107 0.5471995043370508 0.11938888888888889 0.1357001239157373
4 0.36694444444444446 0.3677571251548946 0.14041666666666666 0.17847583643122678
4 0.507175925925926 0.5253283767038414 0.14574074074074075 0.11835192069392814
4 0.5717685185185185 0.6628500619578686 0.08181481481481481 0.10306071871127634