14 0.5 0.5402777777777777 1 0.9194444444444444
11 0.40756944444444443 0.20494212962962963 0.10054398148148148 0.08071759259259259
11 0.5707175925925926 0.19813657407407406 0.0994212962962963 0.07149305555555556
11 0.6508101851851852 0.11498842592592592 0.09918981481481481 0.07440972222222222
11 0.5247916666666667 0.10016203703703705 0.08229166666666667 0.05134259259259259
11 0.2043287037037037 0.18572916666666667 0.09398148148148149 0.07524305555555556
11 0.3976851851851852 0.10204861111111112 0.08516203703703704 0.052557870370370366
11 0.11336805555555556 0.28677083333333336 0.11429398148148148 0.08396990740740741
11 0.08216435185185185 0.43944444444444447 0.13091435185185185 0.10364583333333333
11 0.09710648148148149 0.570150462962963 0.13443287037037038 0.12333333333333334
11 0.30375 0.4764583333333334 0.12363425925925925 0.11394675925925926
11 0.29309027777777774 0.2866666666666667 0.10451388888888889 0.0859375
11 0.40010416666666665 0.5671180555555556 0.09438657407407407 0.1194675925925926
11 0.23113425925925923 0.683761574074074 0.14759259259259258 0.11983796296296297
11 0.5791782407407408 0.6788194444444444 0.12292824074074073 0.11215277777777778
11 0.7157291666666666 0.600949074074074 0.1345486111111111 0.11680555555555555
11 0.9261226851851851 0.6839814814814815 0.1180324074074074 0.09831018518518518
11 0.8019791666666666 0.8071180555555556 0.12025462962962964 0.1050462962962963
11 0.9241435185185186 0.35952546296296295 0.11847222222222221 0.10421296296296297
11 0.8085648148148148 0.20988425925925927 0.09827546296296295 0.07961805555555557
11 0.4033912037037037 0.8198263888888889 0.12295138888888889 0.1370486111111111
11 0.5875231481481481 0.868587962962963 0.13961805555555554 0.17305555555555557
4 0.5011458333333333 0.309849537037037 0.2968287037037037 0.11927083333333333
4 0.7522222222222221 0.31125 0.19380787037037037 0.2444097222222222
4 0.5118981481481482 0.5055671296296297 0.27533564814814815 0.2196875
4 0.19576388888888888 0.4658796296296296 0.08950231481481481 0.2659722222222222
4 0.41074074074074074 0.6924305555555555 0.18877314814814813 0.10399305555555555
4 0.7541435185185186 0.7029050925925925 0.2075925925925926 0.07864583333333333
4 0.8384722222222223 0.5559953703703704 0.09186342592592593 0.1651273148148148
11 0.6102777777777777 0.4972800925925926 0.09180555555555554 0.12376157407407408
11 0.5096759259259259 0.47854166666666664 0.09894675925925925 0.13256944444444446
11 0.7111458333333333 0.4333333333333333 0.12159722222222223 0.0752199074074074
11 0.4592476851851852 0.34292824074074074 0.12042824074074074 0.07297453703703703
11 0.6226736111111111 0.3500925925925926 0.08684027777777778 0.05423611111111111
11 0.7265856481481481 0.26711805555555557 0.07309027777777778 0.04372685185185185