14 0.5 0.527379949452401 1 0.8289806234203876
6 0.3699074074074074 0.2864363942712721 0.1425925925925926 0.10446503791069923
6 0.7222222222222222 0.37952822240943557 0.1361111111111111 0.08087615838247683
6 0.662962962962963 0.5998315080033698 0.12407407407407407 0.13900589721988205
6 0.7587962962962963 0.6099410278011794 0.09814814814814815 0.14406065711878685
6 0.21342592592592594 0.5164279696714406 0.12962962962962962 0.11625947767481044
6 0.48194444444444445 0.6621735467565291 0.04537037037037037 0.03285593934288121
6 0.48333333333333334 0.5707666385846673 0.020370370370370372 0.02106149957877001
6 0.5060185185185185 0.4721988205560236 0.04537037037037037 0.04465037910699242
6 0.42916666666666664 0.43934288121314236 0.06666666666666667 0.04549283909014322
6 0.5282407407407408 0.6815501263689975 0.032407407407407406 0.02611625947767481
6 0.5796296296296296 0.6655433866891323 0.03981481481481482 0.03622577927548441
6 0.5449074074074074 0.7493681550126369 0.04722222222222222 0.037910699241786014
4 0.40185185185185185 0.5893007582139849 0.20462962962962963 0.2502106149957877
4 0.2657407407407407 0.37194608256107836 0.16296296296296298 0.11541701769165964
4 0.6708333333333333 0.4869418702611626 0.24814814814814815 0.16343723673125526
4 0.5018518518518519 0.3125526537489469 0.1537037037037037 0.10109519797809605