14 0.4072085889570552 0.6871165644171779 0.808282208588957 0.6257668711656442
10 0.31441717791411045 0.8957055214723927 0.1334355828220859 0.08895705521472393
10 0.3581288343558282 0.9578220858895705 0.16104294478527606 0.0843558282208589
10 0.5352760736196319 0.75 0.1303680981595092 0.08895705521472393
10 0.575920245398773 0.8105828220858896 0.1411042944785276 0.10122699386503067
10 0.45015337423312884 0.8105828220858896 0.1334355828220859 0.11042944785276074
10 0.45015337423312884 0.7162576687116564 0.20245398773006135 0.12883435582822086
10 0.47162576687116564 0.6326687116564417 0.12423312883435583 0.07208588957055215
10 0.35199386503067487 0.6104294478527608 0.11042944785276074 0.08128834355828221
10 0.20398773006134968 0.661042944785276 0.0705521472392638 0.08128834355828221
10 0.20705521472392638 0.7331288343558282 0.06441717791411043 0.05368098159509203
10 0.08052147239263803 0.7369631901840491 0.05521472392638037 0.04141104294478527
10 0.24539877300613497 0.8765337423312883 0.07515337423312883 0.06288343558282208
10 0.29984662576687116 0.8282208588957055 0.06748466257668712 0.07822085889570553
10 0.20782208588957055 0.9815950920245399 0.12116564417177914 0.03680981595092025