14 0.5 0.5405092592592593 1 0.9189814814814815
11 0.4074074074074074 0.2048611111111111 0.10069444444444445 0.08101851851851852
11 0.5706018518518519 0.19791666666666666 0.09953703703703703 0.07175925925925926
11 0.6510416666666666 0.11516203703703703 0.09953703703703703 0.07407407407407407
11 0.5248842592592593 0.10011574074074074 0.08217592592592593 0.052083333333333336
11 0.2042824074074074 0.1857638888888889 0.09375 0.07523148148148148
11 0.3975694444444444 0.10185185185185185 0.08449074074074074 0.05324074074074074
11 0.11342592592592593 0.28703703703703703 0.11342592592592593 0.08449074074074074
11 0.08217592592592593 0.4392361111111111 0.13194444444444445 0.10300925925925926
11 0.09722222222222222 0.5700231481481481 0.13425925925925927 0.12384259259259259
11 0.3038194444444444 0.47627314814814814 0.12384259259259259 0.11458333333333333
11 0.29282407407407407 0.2864583333333333 0.10416666666666667 0.08564814814814815
11 0.39988425925925924 0.5671296296296297 0.09375 0.12037037037037036
11 0.2309027777777778 0.6840277777777778 0.14699074074074073 0.12037037037037036
11 0.5792824074074074 0.6788194444444444 0.12384259259259259 0.11226851851851852
11 0.7158564814814815 0.6006944444444444 0.13541666666666666 0.11689814814814815
11 0.9259259259259259 0.6840277777777778 0.11805555555555555 0.09837962962962964
11 0.8020833333333334 0.8072916666666666 0.12037037037037036 0.10532407407407407
11 0.9241898148148148 0.359375 0.11921296296296297 0.10416666666666667
11 0.8084490740740741 0.21006944444444445 0.09837962962962964 0.0798611111111111
11 0.40335648148148145 0.8200231481481481 0.12384259259259259 0.13773148148148148
11 0.5873842592592593 0.8686342592592593 0.1400462962962963 0.1724537037037037
4 0.5011574074074074 0.30960648148148145 0.2962962962962963 0.11921296296296297
4 0.7523148148148148 0.3113425925925926 0.19444444444444445 0.24537037037037038
4 0.5121527777777778 0.5057870370370371 0.27546296296296297 0.2199074074074074
4 0.19560185185185186 0.46585648148148145 0.09027777777777778 0.2650462962962963
4 0.41087962962962965 0.6927083333333334 0.1886574074074074 0.10416666666666667
4 0.7540509259259259 0.703125 0.20717592592592593 0.0787037037037037
4 0.8385416666666666 0.5561342592592593 0.09143518518518519 0.16550925925925927
11 0.6105324074074074 0.49710648148148145 0.09143518518518519 0.12384259259259259
11 0.5098379629629629 0.47858796296296297 0.09837962962962964 0.13310185185185186
11 0.7112268518518519 0.43344907407407407 0.12152777777777778 0.07523148148148148
11 0.45949074074074076 0.3431712962962963 0.12037037037037036 0.07291666666666667
11 0.6226851851851852 0.35011574074074076 0.08796296296296297 0.05439814814814815
11 0.7268518518518519 0.2673611111111111 0.07291666666666667 0.04398148148148148