14 0.46574074074074073 0.5115740740740741 0.9314814814814815 0.937962962962963
2 0.449537037037037 0.6856481481481481 0.12129629629629629 0.1648148148148148
2 0.26296296296296295 0.5518518518518518 0.12777777777777777 0.14537037037037037
2 0.24351851851851852 0.3875 0.08981481481481482 0.14814814814814814
2 0.4476851851851852 0.4777777777777778 0.1175925925925926 0.08148148148148149
2 0.44907407407407407 0.5513888888888889 0.09259259259259259 0.1
2 0.5805555555555556 0.5166666666666667 0.10277777777777777 0.17777777777777778
2 0.7023148148148148 0.500462962962963 0.13796296296296295 0.09537037037037037
2 0.5287037037037037 0.3490740740740741 0.053703703703703705 0.07314814814814814
2 0.35648148148148145 0.21296296296296297 0.12037037037037036 0.1287037037037037
2 0.6300925925925925 0.2763888888888889 0.1111111111111111 0.08333333333333333
2 0.46111111111111114 0.2800925925925926 0.0787037037037037 0.06481481481481481
7 0.3958333333333333 0.7509259259259259 0.06666666666666667 0.08055555555555556
7 0.524074074074074 0.6152777777777778 0.07407407407407407 0.06388888888888888
7 0.6671296296296296 0.5935185185185186 0.05185185185185185 0.05185185185185185
7 0.5143518518518518 0.5162037037037037 0.05092592592592592 0.058333333333333334
7 0.3013888888888889 0.4236111111111111 0.06759259259259259 0.06574074074074074
7 0.2759259259259259 0.2388888888888889 0.04722222222222222 0.04814814814814815
7 0.37777777777777777 0.3023148148148148 0.05740740740740741 0.032407407407407406
7 0.48842592592592593 0.33611111111111114 0.03425925925925926 0.02962962962962963
7 0.562962962962963 0.2671296296296296 0.041666666666666664 0.05092592592592592
7 0.6217592592592592 0.362962962962963 0.04259259259259259 0.03611111111111111
7 0.46435185185185185 0.17777777777777778 0.06944444444444445 0.05462962962962963
4 0.3888888888888889 0.37777777777777777 0.19166666666666668 0.13240740740740742
4 0.6444444444444445 0.36898148148148147 0.18518518518518517 0.15555555555555556
4 0.5148148148148148 0.4125 0.10648148148148148 0.09537037037037037
4 0.5268518518518519 0.24351851851851852 0.16111111111111112 0.12314814814814815
4 0.5254629629629629 0.6810185185185185 0.12222222222222222 0.12962962962962962
4 0.33101851851851855 0.6462962962962963 0.24814814814814815 0.2222222222222222
4 0.25046296296296294 0.399537037037037 0.14166666666666666 0.22777777777777777
4 0.6925925925925925 0.5282407407407408 0.17592592592592593 0.19444444444444445