14 0.5 0.5 1 1
11 0.17698019801980197 0.40470297029702973 0.09900990099009901 0.09158415841584158
11 0.17017326732673269 0.5352722772277227 0.10396039603960396 0.09777227722772278
11 0.619430693069307 0.6188118811881188 0.10767326732673267 0.10272277227722772
11 0.7629950495049505 0.7271039603960396 0.12252475247524752 0.12623762376237624
11 0.5340346534653465 0.7431930693069307 0.09282178217821782 0.10767326732673267
11 0.6633663366336634 0.8025990099009901 0.09777227722772278 0.10643564356435643
11 0.8273514851485149 0.37995049504950495 0.0853960396039604 0.08168316831683169
11 0.8044554455445545 0.2400990099009901 0.08044554455445545 0.07425742574257425
11 0.5612623762376238 0.27660891089108913 0.07054455445544554 0.08292079207920793
11 0.619430693069307 0.17945544554455445 0.0853960396039604 0.07797029702970297
11 0.4659653465346535 0.1707920792079208 0.09282178217821782 0.07178217821782178
11 0.4368811881188119 0.49195544554455445 0.11138613861386139 0.13366336633663367
11 0.3180693069306931 0.41398514851485146 0.09653465346534654 0.07797029702970297
11 0.6089108910891089 0.49257425742574257 0.0891089108910891 0.08292079207920793
11 0.2716584158415842 0.7091584158415841 0.11014851485148515 0.0891089108910891
11 0.32301980198019803 0.7722772277227723 0.0594059405940594 0.07797029702970297
0 0.28032178217821785 0.5903465346534653 0.1905940594059406 0.14975247524752475
0 0.4430693069306931 0.3149752475247525 0.16955445544554457 0.17698019801980197
0 0.32116336633663367 0.22772277227722773 0.16955445544554457 0.10148514851485149
0 0.6472772277227723 0.3780940594059406 0.19801980198019803 0.14975247524752475
0 0.7803217821782178 0.5346534653465347 0.17945544554455445 0.20668316831683167
0 0.4152227722772277 0.7431930693069307 0.13613861386138615 0.18688118811881188
0 0.9412128712871287 0.530940594059406 0.11757425742574257 0.18316831683168316
4 0.6881188118811881 0.21844059405940594 0.15594059405940594 0.09777227722772278
4 0.5185643564356436 0.46844059405940597 0.0853960396039604 0.11757425742574257
4 0.9084158415841584 0.650990099009901 0.10024752475247525 0.08787128712871287
4 0.27722772277227725 0.3613861386138614 0.1188118811881188 0.08044554455445545
0 0.2834158415841584 0.30136138613861385 0.15099009900990099 0.08663366336633663
0 0.4832920792079208 0.6175742574257426 0.15346534653465346 0.13366336633663367
11 0.6695544554455446 0.5396039603960396 0.07797029702970297 0.08168316831683169
11 0.7580445544554455 0.2834158415841584 0.09282178217821782 0.09777227722772278
11 0.8948019801980198 0.349009900990099 0.055693069306930694 0.08415841584158416
11 0.8669554455445545 0.5866336633663366 0.06188118811881188 0.039603960396039604
11 0.9077970297029703 0.5030940594059405 0.12623762376237624 0.0952970297029703
11 0.45792079207920794 0.49876237623762376 0.06311881188118812 0.08415841584158416