14 0.47314814814814815 0.5713623725671918 0.8703703703703703 0.6895273401297498
7 0.1625 0.46617238183503246 0.0787037037037037 0.060240963855421686
7 0.22962962962962963 0.6061167747914736 0.09722222222222222 0.08063021316033364
7 0.3111111111111111 0.6691380908248378 0.07592592592592592 0.0685820203892493
7 0.475 0.654772937905468 0.07037037037037037 0.07599629286376275
7 0.47129629629629627 0.5852641334569045 0.0712962962962963 0.060240963855421686
7 0.3824074074074074 0.5611677479147359 0.08796296296296297 0.06209453197405004
7 0.37175925925925923 0.4508804448563485 0.062037037037037036 0.05838739573679333
7 0.375 0.39990732159406855 0.05925925925925926 0.05560704355885079
7 0.32407407407407407 0.33781278962001854 0.06666666666666667 0.051899907321594066
7 0.26481481481481484 0.3943466172381835 0.06666666666666667 0.056533827618164965
7 0.4888888888888889 0.4522706209453197 0.06851851851851852 0.05097312326227989
7 0.5319444444444444 0.4221501390176089 0.05555555555555555 0.04819277108433735
7 0.6175925925925926 0.4267840593141798 0.06018518518518518 0.05375347544022243
7 0.6611111111111111 0.5236329935125116 0.06481481481481481 0.05468025949953661
7 0.5657407407407408 0.5083410565338277 0.06666666666666667 0.061167747914735865
7 0.5291666666666667 0.5574606116774792 0.0712962962962963 0.061167747914735865
7 0.674537037037037 0.6867469879518072 0.08518518518518518 0.08063021316033364
7 0.7212962962962963 0.4351251158480074 0.062037037037037036 0.04170528266913809
7 0.7384259259259259 0.48007414272474513 0.06296296296296296 0.047265987025023166
7 0.6685185185185185 0.3911028730305839 0.06111111111111111 0.05282669138090825
7 0.41898148148148145 0.3025949953660797 0.06481481481481481 0.05004633920296571
7 0.5722222222222222 0.3257645968489342 0.06851851851851852 0.04448563484708063
15 0.49027777777777776 0.3938832252085264 0.09444444444444444 0.06302131603336422
15 0.23055555555555557 0.5472659870250232 0.15092592592592594 0.08433734939759036
15 0.44583333333333336 0.7455977757182577 0.13703703703703704 0.10379981464318813
15 0.6319444444444444 0.7284522706209453 0.12314814814814815 0.1195551436515292
15 0.4166666666666667 0.5171455050973123 0.12962962962962962 0.08433734939759036
4 0.26342592592592595 0.47868396663577384 0.09814814814814815 0.082483781278962
4 0.4023148148148148 0.6218721037998146 0.07685185185185185 0.0639481000926784
4 0.49675925925925923 0.35032437442076 0.08333333333333333 0.05560704355885079
4 0.6689814814814815 0.6209453197405005 0.12222222222222222 0.05931417979610751