14 0.5 0.5 1 1
11 0.16584158415841585 0.4560643564356436 0.10767326732673267 0.10148514851485149
11 0.18007425742574257 0.5860148514851485 0.11386138613861387 0.10891089108910891
11 0.6367574257425742 0.5983910891089109 0.11757425742574257 0.11386138613861387
11 0.7951732673267327 0.6831683168316832 0.1349009900990099 0.13861386138613863
11 0.5717821782178217 0.7351485148514851 0.10396039603960396 0.1150990099009901
11 0.7091584158415841 0.7735148514851485 0.10891089108910891 0.11633663366336634
11 0.8044554455445545 0.32982673267326734 0.09282178217821782 0.0891089108910891
11 0.7599009900990099 0.19554455445544555 0.08663366336633663 0.08292079207920793
11 0.5253712871287128 0.2698019801980198 0.07920792079207921 0.0891089108910891
11 0.568069306930693 0.16522277227722773 0.09158415841584158 0.08663366336633663
11 0.4152227722772277 0.18007425742574257 0.09900990099009901 0.08292079207920793
11 0.43626237623762376 0.5018564356435643 0.12623762376237624 0.14232673267326731
11 0.3069306930693069 0.4430693069306931 0.10272277227722772 0.0891089108910891
11 0.6064356435643564 0.47586633663366334 0.09653465346534654 0.09158415841584158
11 0.30754950495049505 0.7419554455445545 0.11757425742574257 0.10148514851485149
11 0.36757425742574257 0.7970297029702971 0.06806930693069307 0.08292079207920793
0 0.297029702970297 0.6237623762376238 0.20173267326732675 0.1707920792079208
0 0.4152227722772277 0.3261138613861386 0.18688118811881188 0.19183168316831684
0 0.28094059405940597 0.25866336633663367 0.17574257425742573 0.12252475247524752
0 0.6262376237623762 0.3564356435643564 0.20915841584158415 0.17202970297029702
0 0.7821782178217822 0.4907178217821782 0.20173267326732675 0.22277227722772278
0 0.4542079207920792 0.7537128712871287 0.15717821782178218 0.1967821782178218
0 0.9350247524752475 0.4603960396039604 0.12995049504950495 0.1905940594059406
4 0.6417079207920792 0.19245049504950495 0.1608910891089109 0.11757425742574257
4 0.5136138613861386 0.46534653465346537 0.09900990099009901 0.12376237623762376
4 0.926980198019802 0.5847772277227723 0.10767326732673267 0.09777227722772278
4 0.25866336633663367 0.3978960396039604 0.12376237623762376 0.09405940594059406
0 0.25495049504950495 0.3378712871287129 0.1547029702970297 0.10643564356435643
0 0.5018564356435643 0.6188118811881188 0.1646039603960396 0.14975247524752475
11 0.6732673267326733 0.5123762376237624 0.08663366336633663 0.0891089108910891
11 0.7209158415841584 0.24566831683168316 0.10272277227722772 0.10643564356435643
11 0.8663366336633663 0.28898514851485146 0.06683168316831684 0.08787128712871287
11 0.8756188118811881 0.5278465346534653 0.06435643564356436 0.04702970297029703
11 0.9034653465346535 0.43935643564356436 0.13366336633663367 0.11014851485148515
11 0.45792079207920794 0.505569306930693 0.07301980198019802 0.0891089108910891