14 0.4857592592592593 0.57483781278962 0.7850648148148148 0.5620111214087118
7 0.16175925925925924 0.5252826691380909 0.07144444444444444 0.04794253938832252
7 0.2522037037037037 0.6515569972196478 0.08712962962962963 0.06715477293790546
7 0.34348148148148144 0.6991658943466172 0.06744444444444445 0.057284522706209456
7 0.5024166666666667 0.6567933271547729 0.059564814814814813 0.06679332715477293
7 0.4865185185185186 0.5888600556070436 0.06327777777777778 0.049925857275254865
7 0.39478703703703705 0.5805097312326228 0.08050925925925927 0.04867469879518073
7 0.3653425925925926 0.4737442075996293 0.054037037037037036 0.04994439295644115
7 0.3596574074074074 0.4231881371640408 0.05193518518518519 0.0477386468952734
7 0.29859259259259263 0.3709545875810936 0.05949074074074074 0.04215940685820204
7 0.2501296296296296 0.43688600556070434 0.05982407407407407 0.047303058387395736
7 0.48073148148148154 0.4549953660797034 0.0625 0.040268767377201115
7 0.5181759259259259 0.4179240037071362 0.04938888888888889 0.04029657089898053
7 0.6031018518518518 0.4074235403151066 0.05250925925925926 0.04556997219647822
7 0.6629722222222222 0.49540315106580163 0.057435185185185186 0.045931417979610756
7 0.5661851851851852 0.4967377201112141 0.0589537037037037 0.05112140871177016
7 0.5385000000000001 0.5516867469879518 0.06378703703703703 0.051288229842446714
7 0.7044259259259259 0.6537349397590362 0.07450925925925926 0.06841519925857274
7 0.7067407407407407 0.39773864689527344 0.05752777777777778 0.03238183503243744
7 0.7314444444444445 0.4388507877664504 0.05753703703703704 0.03887859128822985
7 0.6471851851851852 0.36333642261353105 0.054203703703703705 0.04392029657089898
7 0.3858333333333333 0.3197312326227989 0.05798148148148148 0.04015755329008341
7 0.5407777777777777 0.31569045412418906 0.06371296296296297 0.03363299351251158
15 0.47199074074074077 0.39742354031510657 0.08671296296296296 0.048739573679332716
15 0.2426574074074074 0.5932437442075996 0.1421574074074074 0.06025023169601483
15 0.4891944444444445 0.7514365152919369 0.12420370370370369 0.08302131603336423
15 0.6696851851851852 0.7020389249304912 0.10692592592592592 0.10321594068582021
15 0.42089814814814813 0.5311399443929564 0.12038888888888889 0.06430027803521779
4 0.2635 0.5200834105653382 0.08812037037037038 0.06844300278035217
4 0.425 0.6371362372567192 0.06837962962962962 0.05220574606116775
4 0.4708333333333333 0.3529749768303985 0.07667592592592593 0.04329008341056534
4 0.6873703703703704 0.5897034291010195 0.11760185185185186 0.03924930491195552