14 0.5 0.48589814814814813 1 0.9718055555555555
2 0.6918703703703704 0.4136759259259259 0.24821296296296297 0.12912037037037036
2 0.4090462962962963 0.17905555555555555 0.24547222222222223 0.09824074074074074
2 0.6191944444444445 0.20993518518518517 0.12788888888888889 0.16676851851851854
2 0.45517592592592593 0.06368518518518519 0.14828703703703705 0.12737037037037038
11 0.47477777777777774 0.4127592592592592 0.14352777777777778 0.12250000000000001
11 0.4330277777777778 0.6105648148148148 0.15812962962962962 0.1595462962962963
11 0.7018518518518518 0.6154814814814815 0.12746296296296297 0.16937962962962963
11 0.929 0.5656851851851853 0.14199074074074072 0.15097222222222223
11 0.9433796296296296 0.3710185185185185 0.11324074074074074 0.1371388888888889
11 0.24363888888888888 0.40491666666666665 0.14806481481481482 0.14064814814814816
11 0.07296296296296297 0.5713518518518518 0.14592592592592593 0.14552777777777776
11 0.06788888888888889 0.4314351851851852 0.13577777777777778 0.1294074074074074
11 0.11752777777777779 0.2462962962962963 0.1394074074074074 0.09402777777777778
4 0.28285185185185185 0.6455833333333334 0.14225 0.21955555555555556
4 0.5791851851851851 0.6008148148148148 0.09787037037037037 0.21521296296296297
4 0.8119259259259259 0.586925925925926 0.09669444444444444 0.1837222222222222
4 0.8125462962962963 0.3062962962962963 0.12756481481481483 0.12247222222222223
4 0.838787037037037 0.09082407407407407 0.2652407407407407 0.15818518518518518
4 0.16740740740740742 0.12910185185185186 0.1854351851851852 0.10881481481481481
4 0.39367592592592593 0.2933425925925926 0.3009351851851852 0.10639814814814814