14 0.5 0.5 1 1
11 0.7449074074074075 0.5819444444444445 0.14166666666666666 0.14537037037037037
11 0.7902777777777777 0.46435185185185185 0.14907407407407408 0.14814814814814814
11 0.8921296296296296 0.7703703703703704 0.20462962962962963 0.21388888888888888
11 0.5726851851851852 0.7787037037037037 0.19444444444444445 0.16944444444444445
11 0.3773148148148148 0.7907407407407407 0.18333333333333332 0.20092592592592592
11 0.3768518518518518 0.5541666666666667 0.175 0.13333333333333333
11 0.45694444444444443 0.37407407407407406 0.08148148148148149 0.11388888888888889
11 0.16712962962962963 0.500462962962963 0.1814814814814815 0.13148148148148148
11 0.02361111111111111 0.5856481481481481 0.04722222222222222 0.11944444444444445
11 0.06805555555555555 0.11157407407407408 0.11203703703703703 0.08518518518518518
11 0.1675925925925926 0.0625 0.1537037037037037 0.10555555555555556
11 0.2222222222222222 0.1625 0.11203703703703703 0.07222222222222222
11 0.4773148148148148 0.22268518518518518 0.1111111111111111 0.08611111111111111
11 0.39490740740740743 0.07037037037037037 0.09166666666666666 0.05277777777777778
11 0.7842592592592592 0.17777777777777778 0.08425925925925926 0.05740740740740741
11 0.687037037037037 0.35138888888888886 0.13333333333333333 0.06574074074074074
11 0.49537037037037035 0.48657407407407405 0.0787037037037037 0.11574074074074074
8 0.5740740740740741 0.5634259259259259 0.12222222222222222 0.09166666666666666
8 0.11805555555555555 0.649537037037037 0.18888888888888888 0.1111111111111111
8 0.36898148148148147 0.6537037037037037 0.18981481481481483 0.0824074074074074
8 0.6236111111111111 0.6611111111111111 0.08518518518518518 0.07685185185185185
8 0.8342592592592593 0.9120370370370371 0.06851851851851852 0.08888888888888889
8 0.9291666666666667 0.6185185185185185 0.13703703703703704 0.10092592592592593
8 0.9407407407407408 0.3773148148148148 0.11851851851851852 0.1287037037037037
8 0.8685185185185185 0.274537037037037 0.12314814814814815 0.07592592592592592
8 0.6583333333333333 0.08703703703703704 0.0962962962962963 0.06574074074074074
8 0.7138888888888889 0.29814814814814816 0.06851851851851852 0.04722222222222222
8 0.32407407407407407 0.33055555555555555 0.14537037037037037 0.07777777777777778
8 0.06111111111111111 0.24166666666666667 0.10833333333333334 0.11203703703703703
8 0.09166666666666666 0.3527777777777778 0.17685185185185184 0.11944444444444445
8 0.175 0.2518518518518518 0.12222222222222222 0.06388888888888888
8 0.3685185185185185 0.22175925925925927 0.06296296296296296 0.041666666666666664
8 0.5064814814814815 0.28935185185185186 0.062037037037037036 0.049074074074074076
8 0.2490740740740741 0.40370370370370373 0.1 0.0787037037037037
8 0.10972222222222222 0.4444444444444444 0.05648148148148148 0.06481481481481481
8 0.5990740740740741 0.45787037037037037 0.07777777777777778 0.06574074074074074
8 0.6824074074074075 0.4115740740740741 0.05555555555555555 0.06944444444444445
8 0.7421296296296296 0.45601851851851855 0.05925925925925926 0.07314814814814814
8 0.8157407407407408 0.34120370370370373 0.07962962962962963 0.05462962962962963
8 0.7560185185185185 0.23703703703703705 0.05648148148148148 0.05740740740740741
8 0.6398148148148148 0.29074074074074074 0.03518518518518519 0.05
8 0.5995370370370371 0.20694444444444443 0.030555555555555555 0.04722222222222222
11 0.6791666666666667 0.20601851851851852 0.09444444444444444 0.09074074074074075
11 0.8375 0.3333333333333333 0.13148148148148148 0.08333333333333333
11 0.9689814814814814 0.19768518518518519 0.062037037037037036 0.14907407407407408
11 0.8314814814814815 0.05 0.09166666666666666 0.07962962962962963
11 0.07685185185185185 0.6935185185185185 0.1537037037037037 0.11481481481481481