14 0.5 0.48564814814814816 1 0.9712962962962963
6 0.5587962962962963 0.46805555555555556 0.03518518518518519 0.037037037037037035
6 0.586574074074074 0.44814814814814813 0.05092592592592592 0.04814814814814815
6 0.7402777777777778 0.7287037037037037 0.05092592592592592 0.04259259259259259
6 0.45601851851851855 0.5194444444444445 0.03518518518518519 0.032407407407407406
6 0.7583333333333333 0.28564814814814815 0.02962962962962963 0.032407407407407406
6 0.763425925925926 0.31805555555555554 0.040740740740740744 0.02962962962962963
6 0.75 0.24444444444444444 0.03611111111111111 0.03518518518518519
6 0.8694444444444445 0.2828703703703704 0.019444444444444445 0.03425925925925926
6 0.7134259259259259 0.07453703703703704 0.040740740740740744 0.03611111111111111
6 0.4185185185185185 0.03564814814814815 0.03796296296296296 0.028703703703703703
6 0.512962962962963 0.14166666666666666 0.03981481481481482 0.03888888888888889
6 0.3875 0.1574074074074074 0.030555555555555555 0.027777777777777776
6 0.3976851851851852 0.2 0.026851851851851852 0.025925925925925925
6 0.23425925925925925 0.19490740740740742 0.04722222222222222 0.04259259259259259
6 0.15694444444444444 0.3907407407407407 0.03148148148148148 0.03518518518518519
6 0.4986111111111111 0.38472222222222224 0.03796296296296296 0.03611111111111111
6 0.5254629629629629 0.300462962962963 0.025925925925925925 0.03148148148148148
6 0.33287037037037037 0.2861111111111111 0.022222222222222223 0.022222222222222223
7 0.6796296296296296 0.6509259259259259 0.11018518518518519 0.11296296296296296
7 0.7592592592592593 0.5023148148148148 0.11944444444444445 0.09537037037037037
7 0.7111111111111111 0.3861111111111111 0.10462962962962963 0.10092592592592593
7 0.9412037037037037 0.5981481481481481 0.08796296296296297 0.10462962962962963
7 0.7550925925925925 0.10694444444444444 0.08055555555555556 0.10092592592592593
7 0.5064814814814815 0.1125 0.09074074074074075 0.08703703703703704
4 0.2712962962962963 0.5319444444444444 0.1287037037037037 0.18981481481481483
4 0.46574074074074073 0.6615740740740741 0.2796296296296296 0.2564814814814815
4 0.5708333333333333 0.4305555555555556 0.23425925925925925 0.22777777777777777
4 0.41759259259259257 0.3199074074074074 0.1712962962962963 0.1935185185185185
4 0.6310185185185185 0.13518518518518519 0.1787037037037037 0.18425925925925926
4 0.6736111111111112 0.02638888888888889 0.13796296296296295 0.05277777777777778
4 0.8134259259259259 0.08888888888888889 0.15648148148148147 0.17777777777777778
4 0.8944444444444445 0.6782407407407407 0.19814814814814816 0.29259259259259257
4 0.6425925925925926 0.25601851851851853 0.20092592592592592 0.11296296296296296