14 0.49537037037037035 0.5518518518518518 0.9907407407407407 0.8962962962962963
12 0.5416666666666666 0.8416666666666667 0.1574074074074074 0.2861111111111111
12 0.587037037037037 0.6680555555555555 0.09814814814814815 0.12777777777777777
12 0.7074074074074074 0.7310185185185185 0.15555555555555556 0.15092592592592594
12 0.3439814814814815 0.8324074074074074 0.2824074074074074 0.20925925925925926
12 0.525 0.6777777777777778 0.11944444444444445 0.1175925925925926
12 0.35694444444444445 0.6222222222222222 0.16296296296296298 0.09814814814814815
12 0.19444444444444445 0.7199074074074074 0.2490740740740741 0.14537037037037037
12 0.21296296296296297 0.49074074074074076 0.1527777777777778 0.2
12 0.30462962962962964 0.40185185185185185 0.1537037037037037 0.2037037037037037
12 0.3486111111111111 0.5226851851851851 0.10462962962962963 0.13518518518518519
12 0.44074074074074077 0.47175925925925927 0.08333333333333333 0.16018518518518518
12 0.5527777777777778 0.38796296296296295 0.13796296296296295 0.08148148148148149
12 0.513425925925926 0.3023148148148148 0.08148148148148149 0.08425925925925926
2 0.5185185185185185 0.2518518518518518 0.06296296296296296 0.062037037037037036
2 0.7578703703703704 0.45925925925925926 0.12037037037037036 0.12037037037037036
2 0.6171296296296296 0.7680555555555556 0.13425925925925927 0.13148148148148148
2 0.26666666666666666 0.7648148148148148 0.13240740740740742 0.15925925925925927
2 0.44814814814814813 0.5736111111111111 0.1259259259259259 0.1287037037037037
2 0.3578703703703704 0.4236111111111111 0.10092592592592593 0.10462962962962963
12 0.6032407407407407 0.5953703703703703 0.09074074074074075 0.11666666666666667
12 0.6027777777777777 0.4976851851851852 0.13333333333333333 0.0824074074074074
12 0.6578703703703703 0.4083333333333333 0.14907407407407408 0.10833333333333334
12 0.7143518518518519 0.6402777777777777 0.20277777777777778 0.2712962962962963
11 0.7907407407407407 0.5606481481481481 0.06481481481481481 0.06574074074074074
11 0.6472222222222223 0.4587962962962963 0.062037037037037036 0.05462962962962963
11 0.6824074074074075 0.25324074074074077 0.058333333333333334 0.06111111111111111
11 0.42268518518518516 0.34953703703703703 0.05185185185185185 0.05277777777777778
11 0.30925925925925923 0.3148148148148148 0.05555555555555555 0.058333333333333334
11 0.21481481481481482 0.42268518518518516 0.06574074074074074 0.04722222222222222
11 0.1625 0.5430555555555555 0.06574074074074074 0.07592592592592592
11 0.13425925925925927 0.6481481481481481 0.06944444444444445 0.075
11 0.3523148148148148 0.7560185185185185 0.05277777777777778 0.05555555555555555
11 0.4791666666666667 0.8194444444444444 0.08333333333333333 0.07777777777777778
11 0.5222222222222223 0.9236111111111112 0.062037037037037036 0.07037037037037037
11 0.39166666666666666 0.49953703703703706 0.05555555555555555 0.053703703703703705
7 0.3111111111111111 0.7662037037037037 0.2675925925925926 0.20925925925925926
7 0.3939814814814815 0.2708333333333333 0.15 0.11851851851851852
7 0.5921296296296297 0.262037037037037 0.11296296296296296 0.10833333333333334