14 0.5003148148148149 0.570287037037037 0.9993703703703704 0.7929907407407407
5 0.5517592592592593 0.5813611111111111 0.10226851851851852 0.07698148148148148
5 0.4240462962962963 0.5841481481481482 0.08450925925925926 0.09094444444444444
5 0.7003796296296296 0.41418518518518516 0.0834074074074074 0.10388888888888889
5 0.4829814814814815 0.40575925925925926 0.06691666666666667 0.11556481481481481
5 0.7905555555555556 0.4386388888888889 0.095 0.1171574074074074
4 0.7483425925925926 0.6076111111111111 0.1769351851851852 0.20657407407407408
4 0.30724074074074076 0.3933611111111111 0.22436111111111112 0.22253703703703703
14 0.08499074074074074 0.10626851851851851 0.16998148148148148 0.2112962962962963
14 0.8616296296296296 0.05438888888888889 0.19980555555555554 0.1075462962962963
14 0.9771574074074073 0.11398148148148148 0.045675925925925925 0.22797222222222224