14 0.5 0.5 1 1
2 0.6606481481481481 0.36435185185185187 0.2740740740740741 0.1925925925925926
2 0.32407407407407407 0.21666666666666667 0.26296296296296295 0.16203703703703703
2 0.5347222222222222 0.1884259259259259 0.1685185185185185 0.19537037037037036
2 0.33611111111111114 0.09305555555555556 0.17777777777777778 0.16296296296296298
11 0.45185185185185184 0.42314814814814816 0.1712962962962963 0.1574074074074074
11 0.46620370370370373 0.624537037037037 0.1962962962962963 0.19722222222222222
11 0.725925925925926 0.5555555555555556 0.16944444444444445 0.19814814814814816
11 0.9208333333333333 0.4449074074074074 0.15833333333333333 0.18425925925925926
11 0.8907407407407407 0.2537037037037037 0.14629629629629629 0.16296296296296298
11 0.2273148148148148 0.4791666666666667 0.1814814814814815 0.17592592592592593
11 0.1087962962962963 0.6856481481481481 0.17962962962962964 0.17962962962962964
11 0.07407407407407407 0.5527777777777778 0.14814814814814814 0.16111111111111112
11 0.07083333333333333 0.36157407407407405 0.14166666666666666 0.1287037037037037
4 0.3314814814814815 0.7 0.19722222222222222 0.25
4 0.6037037037037037 0.575 0.1527777777777778 0.23333333333333334
4 0.8236111111111111 0.4976851851851852 0.14351851851851852 0.20277777777777778
4 0.7472222222222222 0.22777777777777777 0.15555555555555556 0.1527777777777778
4 0.7129629629629629 0.06296296296296296 0.29814814814814816 0.1259259259259259
4 0.0912037037037037 0.2351851851851852 0.1824074074074074 0.15555555555555556
4 0.34074074074074073 0.33055555555555555 0.31851851851851853 0.18518518518518517