14 0.4634259259259259 0.5125 0.9268518518518518 0.9268518518518518
2 0.4527777777777778 0.6865740740740741 0.11944444444444445 0.1638888888888889
2 0.2638888888888889 0.5555555555555556 0.1259259259259259 0.14444444444444443
2 0.24166666666666667 0.3921296296296296 0.08796296296296297 0.14722222222222223
2 0.44722222222222224 0.47824074074074074 0.11666666666666667 0.08055555555555556
2 0.45 0.5523148148148148 0.09166666666666666 0.09907407407407408
2 0.5805555555555556 0.5152777777777777 0.10092592592592593 0.17685185185185184
2 0.7023148148148148 0.49675925925925923 0.13796296296296295 0.09351851851851851
2 0.5259259259259259 0.3486111111111111 0.05277777777777778 0.07222222222222222
2 0.35138888888888886 0.21574074074074073 0.11851851851851852 0.12777777777777777
2 0.6259259259259259 0.2740740740740741 0.11018518518518519 0.0824074074074074
2 0.45740740740740743 0.2810185185185185 0.07777777777777778 0.06388888888888888
7 0.40046296296296297 0.7523148148148148 0.06574074074074074 0.07962962962962963
7 0.5263888888888889 0.6148148148148148 0.07314814814814814 0.06296296296296296
7 0.6685185185185185 0.5907407407407408 0.05185185185185185 0.05092592592592592
7 0.5143518518518518 0.5157407407407407 0.05 0.058333333333333334
7 0.300462962962963 0.42685185185185187 0.06666666666666667 0.06481481481481481
7 0.2712962962962963 0.24259259259259258 0.046296296296296294 0.04814814814814815
7 0.37453703703703706 0.30462962962962964 0.05740740740740741 0.03148148148148148
7 0.48564814814814816 0.3365740740740741 0.03425925925925926 0.028703703703703703
7 0.5587962962962963 0.2662037037037037 0.040740740740740744 0.05
7 0.6194444444444445 0.3611111111111111 0.04259259259259259 0.03611111111111111
7 0.4587962962962963 0.1787037037037037 0.06851851851851852 0.053703703703703705
4 0.38657407407407407 0.37962962962962965 0.19074074074074074 0.12962962962962962
4 0.6421296296296296 0.3662037037037037 0.18425925925925926 0.1537037037037037
4 0.512962962962963 0.4125 0.10555555555555556 0.09444444444444444
4 0.5226851851851851 0.24305555555555555 0.16018518518518518 0.12129629629629629
4 0.5287037037037037 0.6805555555555556 0.12037037037037036 0.1287037037037037
4 0.3337962962962963 0.649537037037037 0.24537037037037038 0.21944444444444444
4 0.24861111111111112 0.40370370370370373 0.13796296296296295 0.22685185185185186
4 0.6930555555555555 0.525 0.17314814814814813 0.1925925925925926