14 0.48518518518518516 0.5587962962962963 0.9703703703703703 0.8824074074074074
12 0.5236111111111111 0.8435185185185186 0.14537037037037037 0.2861111111111111
12 0.5782407407407407 0.6722222222222223 0.09351851851851851 0.1259259259259259
12 0.6949074074074074 0.7412037037037037 0.15185185185185185 0.14629629629629629
12 0.32685185185185184 0.8236111111111111 0.27870370370370373 0.19814814814814816
12 0.5157407407407407 0.6787037037037037 0.11666666666666667 0.11388888888888889
12 0.350462962962963 0.6143518518518518 0.16296296296296298 0.09074074074074075
12 0.18333333333333332 0.7037037037037037 0.2490740740740741 0.13518518518518519
12 0.21388888888888888 0.475462962962963 0.14537037037037037 0.19722222222222222
12 0.3101851851851852 0.39166666666666666 0.14629629629629629 0.20092592592592592
12 0.3476851851851852 0.5148148148148148 0.1 0.13333333333333333
12 0.4425925925925926 0.4685185185185185 0.07592592592592592 0.16111111111111112
12 0.5583333333333333 0.3907407407407407 0.13796296296296295 0.07592592592592592
12 0.5236111111111111 0.30324074074074076 0.07962962962962963 0.0824074074074074
2 0.5314814814814814 0.25324074074074077 0.06111111111111111 0.06018518518518518
2 0.7597222222222222 0.4726851851851852 0.11666666666666667 0.11666666666666667
2 0.6027777777777777 0.774074074074074 0.13055555555555556 0.12685185185185185
2 0.25324074074074077 0.7523148148148148 0.12777777777777777 0.15648148148148147
2 0.4444444444444444 0.5708333333333333 0.12222222222222222 0.125
2 0.36203703703703705 0.4162037037037037 0.09814814814814815 0.10185185185185185
12 0.5981481481481481 0.600462962962963 0.08611111111111111 0.11574074074074074
12 0.6027777777777777 0.5027777777777778 0.13333333333333333 0.07685185185185185
12 0.6625 0.41712962962962963 0.14722222222222223 0.10277777777777777
12 0.7069444444444445 0.6513888888888889 0.1925925925925926 0.26851851851851855
11 0.7875 0.575462962962963 0.06296296296296296 0.06388888888888888
11 0.649074074074074 0.4666666666666667 0.06111111111111111 0.05277777777777778
11 0.6949074074074074 0.26342592592592595 0.05648148148148148 0.05925925925925926
11 0.4305555555555556 0.3453703703703704 0.05 0.05092592592592592
11 0.3189814814814815 0.3050925925925926 0.053703703703703705 0.05648148148148148
11 0.21898148148148147 0.4078703703703704 0.06481481481481481 0.04537037037037037
11 0.16064814814814815 0.5254629629629629 0.06296296296296296 0.07407407407407407
11 0.12731481481481483 0.6287037037037037 0.06666666666666667 0.07314814814814814
11 0.3388888888888889 0.7476851851851852 0.05092592592592592 0.05462962962962963
11 0.462037037037037 0.8175925925925925 0.08148148148148149 0.075
11 0.5 0.924074074074074 0.05925925925925926 0.06944444444444445
11 0.39166666666666666 0.49398148148148147 0.053703703703703705 0.05185185185185185
7 0.2972222222222222 0.7560185185185185 0.26296296296296295 0.19907407407407407
7 0.4060185185185185 0.2657407407407407 0.14722222222222223 0.11388888888888889
7 0.6046296296296296 0.2671296296296296 0.11018518518518519 0.10555555555555556