14 0.4268796296296296 0.5993796296296297 0.8537592592592592 0.8012314814814815
12 0.4341481481481481 0.8378796296296296 0.07646296296296295 0.2765370370370371
12 0.5307962962962963 0.6865 0.06682407407407408 0.11273148148148149
12 0.6259166666666667 0.7836018518518518 0.12503703703703703 0.11722222222222221
12 0.2489074074074074 0.767824074074074 0.25212962962962965 0.1381111111111111
12 0.4689814814814815 0.67675 0.09599074074074074 0.093
12 0.3260648148148148 0.5717777777777777 0.15460185185185185 0.05343518518518518
12 0.14148148148148149 0.6146944444444444 0.23728703703703702 0.07630555555555556
12 0.22975925925925925 0.4023148148148148 0.10272222222222221 0.17746296296296296
12 0.3445833333333333 0.3464351851851852 0.10275 0.1805277777777778
12 0.34921296296296295 0.47485185185185186 0.07126851851851852 0.11884259259259258
12 0.45262037037037034 0.45478703703703705 0.037342592592592594 0.1565
12 0.5847407407407407 0.40970370370370374 0.13121296296296298 0.04410185185185186
12 0.5736203703703704 0.31616666666666665 0.06452777777777778 0.06814814814814814
2 0.5943055555555555 0.2698611111111111 0.050333333333333334 0.049601851851851855
2 0.7579074074074074 0.5409166666666667 0.09606481481481481 0.09540740740740741
2 0.5285555555555556 0.7912777777777779 0.10774074074074073 0.10354629629629629
2 0.19641666666666666 0.6798425925925926 0.09530555555555556 0.13622222222222222
2 0.42792592592592593 0.5541944444444444 0.09906481481481481 0.10344444444444445
2 0.3884166666666667 0.3834722222222222 0.07930555555555556 0.08423148148148148
12 0.5686851851851852 0.6224166666666667 0.062064814814814816 0.10285185185185185
12 0.5986296296296296 0.5294907407407408 0.1256574074074074 0.04662962962962963
12 0.6785833333333333 0.46187962962962964 0.1337037037037037 0.07067592592592592
12 0.6606759259259259 0.6996111111111112 0.13493518518518519 0.2424259259259259
11 0.7579074074074074 0.6474166666666668 0.051611111111111115 0.05285185185185185
11 0.6526481481481482 0.5063333333333334 0.052203703703703704 0.04106481481481482
11 0.7495740740740741 0.3217222222222222 0.04605555555555556 0.04962037037037037
11 0.4729907407407407 0.33284259259259263 0.041046296296296296 0.042222222222222223
11 0.37575925925925924 0.26492592592592595 0.04287962962962963 0.047129629629629625
11 0.2525925925925926 0.33839814814814817 0.05951851851851852 0.031111111111111114
11 0.1655462962962963 0.43656481481481485 0.04837962962962963 0.06449074074074075
11 0.1065925925925926 0.5279444444444444 0.05268518518518518 0.062064814814814816
11 0.28037962962962965 0.6977314814814815 0.041 0.04608333333333334
11 0.38131481481481483 0.7971388888888888 0.06880555555555556 0.05971296296296296
11 0.3902685185185185 0.9098148148148149 0.04596296296296296 0.05913888888888889
11 0.39705555555555555 0.46620370370370373 0.04473148148148148 0.042277777777777775
7 0.23810185185185184 0.6946574074074074 0.23422222222222222 0.14363888888888887
7 0.4699074074074074 0.24949074074074074 0.13118518518518518 0.08293518518518518
7 0.6612870370370371 0.3019722222222222 0.09171296296296295 0.08419444444444445