14 0.5 0.5013888888888889 1 0.9972222222222222
11 0.8763888888888889 0.7962962962962963 0.21851851851851853 0.17685185185185184
11 0.625 0.7736111111111111 0.19444444444444445 0.18888888888888888
11 0.7490740740740741 0.5467592592592593 0.16666666666666666 0.11851851851851852
11 0.9458333333333333 0.5296296296296297 0.10833333333333334 0.12222222222222222
11 0.5615740740740741 0.5893518518518519 0.2 0.1361111111111111
11 0.38657407407407407 0.537962962962963 0.19444444444444445 0.12129629629629629
11 0.2050925925925926 0.6074074074074074 0.21203703703703702 0.12962962962962962
11 0.37962962962962965 0.6805555555555556 0.2361111111111111 0.16111111111111112
11 0.09027777777777778 0.48194444444444445 0.18055555555555555 0.09907407407407408
11 0.16296296296296298 0.28703703703703703 0.14629629629629629 0.08055555555555556
11 0.324537037037037 0.3189814814814815 0.15092592592592594 0.0787037037037037
11 0.3296296296296296 0.40370370370370373 0.16944444444444445 0.1037037037037037
11 0.5476851851851852 0.40694444444444444 0.15648148148148147 0.08425925925925926
11 0.7087962962962963 0.4425925925925926 0.16203703703703703 0.08425925925925926
11 0.8652777777777778 0.39166666666666666 0.14629629629629629 0.07222222222222222
11 0.8800925925925925 0.30462962962962964 0.14351851851851852 0.09074074074074075
11 0.950462962962963 0.24259259259259258 0.09907407407407408 0.07962962962962963
11 0.9078703703703703 0.12129629629629629 0.1037037037037037 0.06296296296296296
11 0.5550925925925926 0.1087962962962963 0.10925925925925926 0.05648148148148148
11 0.7101851851851851 0.1699074074074074 0.12037037037037036 0.05925925925925926
11 0.7375 0.23287037037037037 0.13703703703703704 0.06018518518518518
11 0.5675925925925925 0.1837962962962963 0.12222222222222222 0.05555555555555555
11 0.4583333333333333 0.21064814814814814 0.13425925925925927 0.06666666666666667
11 0.5203703703703704 0.3060185185185185 0.15 0.08148148148148149
11 0.36666666666666664 0.25092592592592594 0.13425925925925927 0.07037037037037037
11 0.32314814814814813 0.17222222222222222 0.125 0.06666666666666667
11 0.1986111111111111 0.22361111111111112 0.16111111111111112 0.07407407407407407
11 0.42314814814814816 0.13194444444444445 0.07592592592592592 0.07222222222222222
11 0.7129629629629629 0.3143518518518518 0.12037037037037036 0.08148148148148149