14 0.5 0.5234375 1 0.6796875
7 0.79596174282678 0.4225260416666667 0.20828905419766205 0.09375
7 0.6413390010626993 0.5533854166666666 0.2454835281615303 0.15494791666666666
7 0.35812964930924546 0.5553385416666666 0.255047821466525 0.11458333333333333
7 0.31562167906482463 0.2799479166666667 0.1636556854410202 0.07682291666666667
7 0.46493092454835283 0.22395833333333334 0.12646121147715197 0.0625
7 0.6184909670563231 0.2526041666666667 0.1126461211477152 0.0546875
7 0.7231668437832094 0.326171875 0.10626992561105207 0.09375
7 0.20669500531349627 0.4563802083333333 0.11689691817215728 0.15104166666666666
4 0.3145589798087141 0.40234375 0.08076514346439957 0.07161458333333333
4 0.36822529224229544 0.435546875 0.048884165781083955 0.04296875
4 0.4909670563230606 0.4153645833333333 0.11052072263549416 0.0546875
4 0.49946865037194477 0.5299479166666666 0.052072263549415514 0.046875
4 0.6057385759829969 0.6028645833333334 0.0669500531349628 0.046875
4 0.22157279489904358 0.5748697916666666 0.1381509032943677 0.048177083333333336
4 0.32518597236981933 0.2981770833333333 0.03400637619553666 0.022135416666666668
4 0.44155154091392135 0.3385416666666667 0.07332624867162593 0.052083333333333336
4 0.5430393198724761 0.3079427083333333 0.04782146652497343 0.018229166666666668
4 0.5759829968119022 0.375 0.07332624867162593 0.059895833333333336
4 0.6184909670563231 0.322265625 0.04357066950053135 0.033854166666666664
4 0.6865037194473964 0.427734375 0.04250797024442083 0.11979166666666667
4 0.08076514346439957 0.14192708333333334 0.16153028692879914 0.09114583333333333
14 0.15568544102019127 0.162109375 0.31137088204038255 0.24348958333333334
4 0.5765143464399575 0.4544270833333333 0.07438894792773645 0.03515625