14 0.5266203703703703 0.507183908045977 0.7986111111111112 0.985632183908046
15 0.4333148148148148 0.3465977011494253 0.08847222222222222 0.12163218390804596
15 0.1864537037037037 0.3873448275862069 0.06468518518518518 0.07557471264367815
15 0.26208333333333333 0.6211724137931034 0.05232407407407407 0.0732183908045977
15 0.4161944444444445 0.5727471264367816 0.08466666666666667 0.09211494252873563
15 0.34247222222222223 0.6270689655172413 0.05898148148148148 0.06377011494252874
15 0.3814722222222222 0.6813908045977011 0.09132407407407407 0.11101149425287356
15 0.30394444444444446 0.6825747126436782 0.05232407407407407 0.08502298850574712
15 0.5607962962962962 0.6430114942528735 0.09227777777777778 0.124
15 0.6102592592592593 0.608183908045977 0.07705555555555556 0.0944712643678161
15 0.6920740740740742 0.6920229885057471 0.1075 0.14406896551724138
15 0.6407037037037038 0.4729655172413793 0.10178703703703704 0.12635632183908047
15 0.7044444444444444 0.5337816091954023 0.06374074074074075 0.09919540229885057
15 0.7391666666666666 0.4050574712643678 0.07039814814814815 0.08974712643678161
15 0.787675925925926 0.3200344827586207 0.08562037037037037 0.09919540229885057
15 0.6630555555555556 0.2621609195402299 0.06849074074074074 0.07557471264367815
4 0.6637314814814815 0.14217241379310344 0.11656481481481482 0.10682758620689654
4 0.6969166666666666 0.18017241379310345 0.12428703703703703 0.07937931034482759
4 0.5973703703703703 0.352632183908046 0.10112037037037036 0.13310344827586207
4 0.8209074074074074 0.42417241379310344 0.08213888888888889 0.14590804597701149
4 0.7146666666666667 0.6170574712643678 0.1567037037037037 0.1638850574712644
4 0.2593611111111111 0.27822988505747126 0.10412037037037038 0.15670114942528737
4 0.2794259259259259 0.4062873563218391 0.11338888888888889 0.1561264367816092
4 0.46514814814814814 0.7307586206896551 0.10828703703703704 0.19203448275862067
4 0.5001296296296296 0.5895862068965518 0.07331481481481482 0.06295402298850575
4 0.25730555555555557 0.5713908045977012 0.11235185185185186 0.11467816091954022