14 0.5 0.5 1 1
15 0.7208333333333333 0.7642698295033358 0.1537037037037037 0.11489992587101557
15 0.8078703703703703 0.6489992587101556 0.1388888888888889 0.10971089696071164
15 0.9523148148148148 0.5518902891030393 0.09537037037037037 0.08524833209785027
15 0.812962962962963 0.5455893254262416 0.15648148148148147 0.10303928836174944
15 0.8064814814814815 0.46849518161601184 0.08796296296296297 0.06968124536693847
15 0.8268518518518518 0.2605633802816901 0.08888888888888889 0.09562638991845812
15 0.9115740740740741 0.2601927353595256 0.10185185185185185 0.1134173461823573
15 0.7314814814814815 0.2761304670126019 0.12037037037037036 0.10971089696071164
15 0.6407407407407407 0.1067457375833951 0.09814814814814815 0.10007412898443291
15 0.7296296296296296 0.15011119347664936 0.11296296296296296 0.06226834692364715
15 0.5 0.11712379540400296 0.1259259259259259 0.09933283914010378
15 0.5416666666666666 0.21200889547813195 0.11666666666666667 0.07042253521126761
15 0.3921296296296296 0.11045218680504076 0.10925925925925926 0.061527057079318014
15 0.10462962962962963 0.21830985915492956 0.10092592592592593 0.07857672349888807
15 0.06388888888888888 0.2916975537435137 0.08518518518518518 0.09933283914010378
15 0.0412037037037037 0.4429206819866568 0.0824074074074074 0.08228317272053373
15 0.037037037037037035 0.5522609340252038 0.07407407407407407 0.056338028169014086
15 0.05925925925925926 0.6275018532246108 0.11851851851851852 0.09562638991845812
15 0.32314814814814813 0.7405485544848036 0.13796296296296295 0.134173461823573
15 0.5856481481481481 0.7001482579688658 0.11481481481481481 0.12824314306893997
15 0.4023148148148148 0.43995552260934023 0.15 0.09785025945144551
15 0.4101851851851852 0.31319495922905854 0.13240740740740742 0.08821349147516679
15 0.5222222222222223 0.30133432171979246 0.13055555555555556 0.08228317272053373
15 0.7282407407407407 0.37731653076352856 0.12037037037037036 0.09414381022979985
15 0.5638888888888889 0.4988880652335063 0.12685185185185185 0.08821349147516679
15 0.2875 0.3876945885841364 0.11203703703703703 0.08005930318754632
15 0.24166666666666667 0.312824314306894 0.12777777777777777 0.08450704225352113
15 0.28935185185185186 0.5841363973313566 0.08703703703703704 0.08154188287620459
15 0.4050925925925926 0.5704225352112676 0.0787037037037037 0.07042253521126761
7 0.3486111111111111 0.19421793921423278 0.175 0.11712379540400296
7 0.9097222222222222 0.42772424017790955 0.18055555555555555 0.15122312824314307
7 0.1648148148148148 0.39251297257227574 0.11203703703703703 0.11712379540400296
7 0.1375 0.5600444773906598 0.1787037037037037 0.10081541882876205
7 0.4699074074074074 0.7320237212750186 0.12685185185185185 0.06745737583395107
7 0.5018518518518519 0.5600444773906598 0.125 0.06597479614529281
15 0.5356481481481481 0.4251297257227576 0.1287037037037037 0.07042253521126761
7 0.6800925925925926 0.45441067457375833 0.1425925925925926 0.07412898443291327
7 0.45185185185185184 0.2038547071905115 0.08611111111111111 0.07116382505559674
7 0.2865740740740741 0.6189770200148258 0.10648148148148148 0.0770941438102298
7 0.15416666666666667 0.7094143810229799 0.12685185185185185 0.10600444773906598
7 0.9296296296296296 0.6200889547813195 0.08981481481481482 0.06300963676797627
7 0.6425925925925926 0.6197183098591549 0.08425925925925926 0.08821349147516679