14 0.5 0.5 1 1
15 0.6787037037037037 0.7839140103780579 0.16574074074074074 0.12601927353595255
15 0.7828703703703703 0.6779095626389918 0.15092592592592594 0.11934766493699037
15 0.9416666666666667 0.5959970348406227 0.10648148148148148 0.09191994069681246
15 0.8037037037037037 0.5759822090437361 0.16666666666666666 0.11489992587101557
15 0.8087962962962963 0.4985174203113417 0.09537037037037037 0.07561156412157154
15 0.8611111111111112 0.29429206819866566 0.10092592592592593 0.10081541882876205
15 0.9435185185185185 0.30207561156412155 0.11296296296296296 0.11934766493699037
15 0.7638888888888888 0.3002223869532987 0.13240740740740742 0.1178650852483321
15 0.6995370370370371 0.12305411415863603 0.11018518518518519 0.10600444773906598
15 0.7814814814814814 0.17494440326167532 0.11851851851851852 0.07190511489992588
15 0.5583333333333333 0.12008895478131949 0.1361111111111111 0.10822831727205337
15 0.5851851851851851 0.21830985915492956 0.12314814814814815 0.0793180133432172
15 0.45231481481481484 0.10303928836174944 0.11481481481481481 0.06968124536693847
15 0.15046296296296297 0.18198665678280207 0.10925925925925926 0.08598962194217939
15 0.09907407407407408 0.2509266123054114 0.09722222222222222 0.10452186805040771
15 0.05324074074074074 0.39918458117123795 0.09259259259259259 0.08747220163083766
15 0.03611111111111111 0.5063009636767977 0.07222222222222222 0.06375092661230541
15 0.05324074074074074 0.5819125277983692 0.10648148148148148 0.1067457375833951
15 0.2875 0.7216456634544107 0.1537037037037037 0.1430689399555226
15 0.5546296296296296 0.7071905114899926 0.13055555555555556 0.13491475166790215
15 0.41203703703703703 0.43106004447739066 0.15925925925925927 0.10971089696071164
15 0.4393518518518518 0.30578206078576725 0.14074074074074075 0.09859154929577464
15 0.5523148148148148 0.3046701260192735 0.13796296296296295 0.09266123054114159
15 0.7453703703703703 0.40066716085989623 0.13055555555555556 0.10303928836174944
15 0.5634259259259259 0.5051890289103039 0.1361111111111111 0.09785025945144551
15 0.3060185185185185 0.36767976278724984 0.12037037037037036 0.08821349147516679
15 0.2722222222222222 0.28910303928836173 0.1361111111111111 0.09414381022979985
15 0.2777777777777778 0.5630096367679763 0.0962962962962963 0.08747220163083766
15 0.39490740740740743 0.5607857672349889 0.08703703703703704 0.07561156412157154
7 0.3962962962962963 0.18198665678280207 0.18611111111111112 0.13046701260192736
7 0.9092592592592592 0.46886582653817643 0.1814814814814815 0.1653076352853966
7 0.1837962962962963 0.36063750926612304 0.1259259259259259 0.12379540400296515
7 0.1310185185185185 0.5244625648628614 0.18796296296296297 0.11489992587101557
7 0.43472222222222223 0.7272053372868792 0.13333333333333333 0.07783543365455893
7 0.4925925925925926 0.5600444773906598 0.13055555555555556 0.07635285396590066
15 0.5467592592592593 0.42920681986656783 0.13425925925925927 0.08080059303187546
7 0.6856481481481481 0.47220163083765754 0.14907407407407408 0.08598962194217939
7 0.49722222222222223 0.20126019273535953 0.09444444444444444 0.0770941438102298
7 0.26990740740740743 0.5971089696071163 0.11481481481481481 0.08524833209785027
7 0.125 0.6742031134173462 0.13796296296296295 0.11489992587101557
7 0.9083333333333333 0.6608598962194218 0.09722222222222222 0.06968124536693847
7 0.6231481481481481 0.6326908821349148 0.09444444444444444 0.09340252038547071