14 0.5 0.5237239583333334 1 0.6365755208333334
7 0.7978002125398512 0.4352734375 0.20615302869287994 0.08419270833333332
7 0.6395642933049948 0.5592447916666666 0.24145589798087141 0.143671875
7 0.3565037194473964 0.5492057291666667 0.25280552603613177 0.10350260416666666
7 0.32214665249734326 0.2719010416666667 0.16139213602550478 0.06951822916666667
7 0.4728161530286929 0.22246093749999998 0.12482465462274175 0.05716145833333333
7 0.6256960680127523 0.2576041666666667 0.11158342189160468 0.050208333333333334
7 0.7281402763018066 0.335625 0.10465462274176408 0.09037760416666667
7 0.2083528161530287 0.44415364583333333 0.11284803400637619 0.14522135416666668
4 0.31741764080765145 0.39471354166666667 0.07879914984059512 0.06796875000000001
4 0.37037194473963864 0.4302473958333333 0.048544102019128586 0.04016927083333333
4 0.4933049946865037 0.4151822916666667 0.10906482465462274 0.050208333333333334
4 0.4983528161530287 0.5298958333333333 0.05106269925611052 0.044804687499999996
4 0.6026886291179596 0.6071354166666666 0.06556854410201914 0.044804687499999996
4 0.2193836344314559 0.5627213541666667 0.13742826780021253 0.04248697916666667
4 0.33128586609989374 0.2908203125 0.03341126461211477 0.020859375
4 0.4463443145589798 0.336015625 0.07187035069075451 0.049440104166666665
4 0.5484697130712008 0.3101302083333333 0.04791710945802338 0.016223958333333333
4 0.5796811902231669 0.3784895833333333 0.07124335812964931 0.05716145833333333
4 0.6234962805526036 0.32751302083333333 0.04286928799149841 0.03244791666666667
4 0.6884272051009563 0.4356510416666666 0.039086078639744955 0.11895833333333333
4 0.08863974495217852 0.12440104166666667 0.1641339001062699 0.0838671875
14 0.15914984059511159 0.1488671875 0.31829968119022317 0.23055989583333333
4 0.5775451647183847 0.457734375 0.07315621679064825 0.0325390625