14 0.512962962962963 0.5814159292035398 0.6601851851851852 0.7150442477876107
12 0.5203703703703704 0.7035398230088495 0.06018518518518518 0.08849557522123894
12 0.6125 0.6345132743362832 0.08425925925925926 0.06017699115044248
12 0.6763888888888889 0.504424778761062 0.025925925925925925 0.049557522123893805
12 0.7069444444444445 0.45663716814159294 0.018518518518518517 0.03008849557522124
12 0.5601851851851852 0.4920353982300885 0.018518518518518517 0.03008849557522124
12 0.600925925925926 0.41238938053097346 0.030555555555555555 0.033628318584070796
12 0.6305555555555555 0.38849557522123895 0.022222222222222223 0.033628318584070796
12 0.6583333333333333 0.3407079646017699 0.023148148148148147 0.03185840707964602
11 0.6773148148148148 0.38849557522123895 0.05277777777777778 0.0584070796460177
11 0.5203703703703704 0.5238938053097345 0.04537037037037037 0.06017699115044248
11 0.5578703703703703 0.4389380530973451 0.05 0.047787610619469026
11 0.6027777777777777 0.3805309734513274 0.041666666666666664 0.04601769911504425
11 0.6564814814814814 0.3292035398230089 0.04814814814814815 0.05486725663716814
11 0.7425925925925926 0.46371681415929206 0.05 0.06371681415929203
11 0.6361111111111111 0.4353982300884956 0.04537037037037037 0.05663716814159292
11 0.6166666666666667 0.5194690265486726 0.05925925925925926 0.05663716814159292
11 0.6162037037037037 0.5778761061946903 0.06018518518518518 0.07256637168141593
11 0.674074074074074 0.6628318584070797 0.06759259259259259 0.07787610619469026
11 0.7342592592592593 0.5707964601769911 0.06296296296296296 0.07964601769911504
11 0.6060185185185185 0.7407079646017699 0.06944444444444445 0.08849557522123894
11 0.48842592592592593 0.7380530973451327 0.06759259259259259 0.09380530973451327
11 0.3851851851851852 0.7221238938053097 0.06759259259259259 0.07787610619469026
11 0.44166666666666665 0.6141592920353982 0.058333333333333334 0.07964601769911504
15 0.37222222222222223 0.5451327433628319 0.028703703703703703 0.05309734513274336
15 0.4398148148148148 0.4327433628318584 0.027777777777777776 0.047787610619469026
15 0.5444444444444444 0.36194690265486723 0.02962962962962963 0.03716814159292035
15 0.5018518518518519 0.31504424778761064 0.026851851851851852 0.04247787610619469
15 0.4078703703703704 0.3911504424778761 0.032407407407407406 0.047787610619469026
15 0.3763888888888889 0.36106194690265486 0.023148148148148147 0.04070796460176991
15 0.29398148148148145 0.4504424778761062 0.04814814814814815 0.04247787610619469
0 0.30416666666666664 0.5460176991150443 0.1 0.1256637168141593
0 0.38564814814814813 0.46371681415929206 0.07685185185185185 0.10265486725663717
0 0.45740740740740743 0.3530973451327434 0.06574074074074074 0.09380530973451327
8 0.5662037037037037 0.5628318584070796 0.032407407407407406 0.06902654867256637
8 0.4925925925925926 0.6026548672566372 0.044444444444444446 0.05663716814159292
8 0.6791666666666667 0.6026548672566372 0.04722222222222222 0.06017699115044248
8 0.7546296296296297 0.5654867256637168 0.044444444444444446 0.04424778761061947
8 0.638425925925926 0.46106194690265484 0.09166666666666666 0.06902654867256637
7 0.4675925925925926 0.4778761061946903 0.08888888888888889 0.07787610619469026