14 0.5 0.44 1 0.8207407407407408
9 0.5087222222222222 0.45434074074074077 0.07286111111111111 0.05516296296296296
9 0.806675925925926 0.36274074074074075 0.08587037037037036 0.06557777777777778
9 0.4397685185185185 0.23835555555555554 0.07286111111111111 0.049962962962962966
9 0.25566666666666665 0.5599851851851853 0.07155555555555555 0.049962962962962966
5 0.38657407407407407 0.33563703703703707 0.13475925925925925 0.09475555555555555
5 0.13225925925925927 0.3275777777777778 0.08113888888888889 0.0806962962962963
5 0.2972222222222222 0.46368148148148153 0.05118518518518519 0.04853333333333333
5 0.1706111111111111 0.6544666666666666 0.1809814814814815 0.09489629629629631
5 0.3604351851851852 0.7100074074074074 0.13389814814814816 0.07435555555555555
5 0.4718425925925926 0.7220074074074074 0.0945 0.11481481481481481
5 0.6072407407407407 0.5365333333333334 0.10310185185185185 0.08524444444444444
5 0.6929444444444445 0.28934814814814813 0.11512037037037037 0.04742962962962963
9 0.6948703703703704 0.3503703703703704 0.0547037037037037 0.041970370370370366
4 0.5800370370370371 0.20159259259259257 0.16951851851851854 0.09401481481481481
4 0.3357962962962963 0.2495851851851852 0.1488888888888889 0.07483703703703704
4 0.591388888888889 0.3747185185185185 0.1279537037037037 0.06186666666666667
4 0.8964814814814815 0.5260814814814815 0.14174074074074075 0.09107407407407407
4 0.8562037037037038 0.661837037037037 0.13315740740740742 0.07056296296296297
4 0.14747222222222223 0.415 0.1809814814814815 0.06222222222222222
5 0.21646296296296297 0.17450370370370372 0.1801388888888889 0.0892
5 0.3951388888888889 0.13114074074074072 0.16218518518518518 0.1238074074074074
5 0.7715740740740741 0.5158 0.08986111111111111 0.12397777777777778
5 0.7398611111111111 0.646237037037037 0.07785185185185185 0.07432592592592593
9 0.566324074074074 0.7196 0.08381481481481481 0.05790370370370371