14 0.5 0.5 1 1
7 0.4305555555555556 0.17446393762183235 0.12314814814814815 0.12573099415204678
7 0.21574074074074073 0.4615009746588694 0.12777777777777777 0.12280701754385964
7 0.7023148148148148 0.17007797270955166 0.1 0.13352826510721247
7 0.6222222222222222 0.3645224171539961 0.1111111111111111 0.10136452241715399
7 0.799537037037037 0.4098440545808967 0.13518518518518519 0.1267056530214425
4 0.43796296296296294 0.46832358674463936 0.30462962962962964 0.361598440545809
4 0.41712962962962963 0.7046783625730995 0.4537037037037037 0.19005847953216373
4 0.24259259259259258 0.5916179337231969 0.1935185185185185 0.1530214424951267
4 0.6671296296296296 0.5053606237816765 0.1648148148148148 0.17738791423001948
4 0.7578703703703704 0.2855750487329435 0.16111111111111112 0.1276803118908382
4 0.5837962962962963 0.2548732943469786 0.13333333333333333 0.11695906432748537