14 0.5 0.5 1 1
4 0.4361111111111111 0.4527777777777778 0.16203703703703703 0.11203703703703703
4 0.7805555555555556 0.4722222222222222 0.1287037037037037 0.10740740740740741
4 0.7578703703703704 0.6365740740740741 0.1398148148148148 0.12314814814814815
4 0.24305555555555555 0.5060185185185185 0.21481481481481482 0.1527777777777778
4 0.4027777777777778 0.29305555555555557 0.1537037037037037 0.1287037037037037
8 0.3416666666666667 0.3490740740740741 0.09351851851851851 0.10185185185185185
8 0.13287037037037036 0.42083333333333334 0.07407407407407407 0.06574074074074074
8 0.2800925925925926 0.37453703703703706 0.1 0.08611111111111111
8 0.3907407407407407 0.7842592592592592 0.12222222222222222 0.07962962962962963
8 0.39444444444444443 0.5921296296296297 0.08796296296296297 0.13703703703703704
8 0.7601851851851852 0.7564814814814815 0.09907407407407408 0.06944444444444445
8 0.6171296296296296 0.4476851851851852 0.09444444444444444 0.0712962962962963
8 0.5023148148148148 0.33935185185185185 0.07407407407407407 0.075
8 0.6046296296296296 0.1837962962962963 0.11944444444444445 0.09814814814814815
8 0.4324074074074074 0.23842592592592593 0.09074074074074075 0.09351851851851851
8 0.5828703703703704 0.275 0.07592592592592592 0.06944444444444445
8 0.6824074074074075 0.3453703703703704 0.10555555555555556 0.09259259259259259
15 0.5648148148148148 0.35694444444444445 0.08333333333333333 0.09537037037037037
15 0.49074074074074076 0.5560185185185185 0.08611111111111111 0.08981481481481482
15 0.562962962962963 0.7328703703703704 0.09166666666666666 0.08148148148148149
15 0.8949074074074074 0.6365740740740741 0.04814814814814815 0.04814814814814815
15 0.8175925925925925 0.6078703703703704 0.06388888888888888 0.06111111111111111
15 0.39351851851851855 0.387037037037037 0.06111111111111111 0.05092592592592592