14 0.5 0.5 1 1
7 0.5675925925925925 0.1739766081871345 0.12685185185185185 0.12962962962962962
7 0.25787037037037036 0.33869395711500977 0.13148148148148148 0.1276803118908382
7 0.8157407407407408 0.2909356725146199 0.10462962962962963 0.1364522417153996
7 0.6652777777777777 0.43128654970760233 0.11388888888888889 0.10526315789473684
7 0.8078703703703703 0.5516569200779727 0.1388888888888889 0.13255360623781676
4 0.4564814814814815 0.4439571150097466 0.3175925925925926 0.3713450292397661
4 0.3425925925925926 0.648635477582846 0.4537037037037037 0.2134502923976608
4 0.2300925925925926 0.46832358674463936 0.19722222222222222 0.1608187134502924
4 0.649537037037037 0.5794346978557505 0.17037037037037037 0.18323586744639375
4 0.8199074074074074 0.42056530214424953 0.1638888888888889 0.13450292397660818
4 0.674537037037037 0.3153021442495127 0.13703703703703704 0.12183235867446393