14 0.5169722222222223 0.5023148148148148 0.9660462962962962 0.8348796296296296
4 0.42608333333333337 0.4708333333333333 0.14722222222222223 0.07747222222222222
4 0.7637777777777778 0.40075925925925926 0.1115 0.08176851851851852
4 0.7844537037037037 0.5653055555555555 0.11952777777777777 0.09603703703703703
4 0.25322222222222224 0.5724074074074075 0.19410185185185186 0.10653703703703704
4 0.3526111111111111 0.3251296296296296 0.13362037037037036 0.09716666666666667
8 0.30815740740740744 0.3952037037037037 0.0743425925925926 0.08546296296296296
8 0.12480555555555554 0.5186851851851851 0.06318518518518518 0.050944444444444445
8 0.25506481481481486 0.4356388888888889 0.08667592592592592 0.06634259259259259
8 0.46805555555555556 0.803 0.11265740740740741 0.052925925925925925
8 0.42175 0.6162407407407408 0.05708333333333333 0.1275462962962963
8 0.817787037037037 0.6804444444444444 0.08990740740740741 0.048546296296296296
8 0.5998611111111112 0.41927777777777775 0.08367592592592593 0.052138888888888894
8 0.46064814814814814 0.34425925925925926 0.06079629629629629 0.06136111111111111
8 0.5192962962962964 0.16737037037037036 0.10402777777777777 0.07425
8 0.36680555555555555 0.26492592592592595 0.07312037037037036 0.07676851851851851
8 0.5217685185185185 0.26122222222222224 0.06451851851851853 0.05453703703703704
8 0.636287037037037 0.3032037037037037 0.08986111111111111 0.0718425925925926
15 0.5254722222222222 0.34519444444444447 0.06451851851851853 0.08174074074074074
15 0.505712962962963 0.5563518518518519 0.06945370370370371 0.07442592592592592
15 0.6211574074074074 0.7085370370370371 0.07812962962962963 0.06399074074074074
15 0.9168703703703704 0.5294907407407408 0.03991666666666666 0.03922222222222222
15 0.8347685185185185 0.5217685185185185 0.05348148148148148 0.04971296296296296
15 0.3680462962962963 0.41835185185185186 0.053370370370370374 0.03916666666666666