14 0.5 0.5 1 1
11 0.9162037037037037 0.649537037037037 0.1675925925925926 0.21388888888888888
11 0.7111111111111111 0.7143518518518519 0.22407407407407406 0.22037037037037038
11 0.75 0.4587962962962963 0.1824074074074074 0.14722222222222223
11 0.9300925925925926 0.37453703703703706 0.13148148148148148 0.1388888888888889
11 0.5884259259259259 0.562962962962963 0.21851851851851853 0.1712962962962963
11 0.4064814814814815 0.5745370370370371 0.20925925925925926 0.15555555555555556
11 0.25972222222222224 0.7013888888888888 0.22870370370370371 0.1675925925925926
11 0.4486111111111111 0.7106481481481481 0.25833333333333336 0.20185185185185187
11 0.10787037037037037 0.6231481481481481 0.19537037037037036 0.13240740740740742
11 0.11018518518518519 0.4152777777777778 0.15555555555555556 0.10648148148148148
11 0.27314814814814814 0.38981481481481484 0.15925925925925927 0.10648148148148148
11 0.30694444444444446 0.46805555555555556 0.1824074074074074 0.13425925925925927
11 0.512962962962963 0.3962962962962963 0.16666666666666666 0.11296296296296296
11 0.6763888888888889 0.37453703703703706 0.1712962962962963 0.11388888888888889
11 0.8060185185185185 0.27314814814814814 0.15462962962962962 0.09907407407407408
11 0.7902777777777777 0.1865740740740741 0.15462962962962962 0.11666666666666667
11 0.8453703703703703 0.10092592592592593 0.13055555555555556 0.10092592592592593
11 0.7532407407407408 0.022685185185185187 0.11203703703703703 0.04537037037037037
11 0.41805555555555557 0.11388888888888889 0.11574074074074074 0.07685185185185185
11 0.5847222222222223 0.11805555555555555 0.12685185185185185 0.08148148148148149
11 0.6319444444444444 0.16805555555555557 0.14351851851851852 0.08611111111111111
11 0.4550925925925926 0.17962962962962964 0.12777777777777777 0.0787037037037037
11 0.36203703703703705 0.24212962962962964 0.14166666666666666 0.09074074074074075
11 0.4527777777777778 0.3106481481481482 0.15925925925925927 0.10833333333333334
11 0.28935185185185186 0.31157407407407406 0.1425925925925926 0.09444444444444444
11 0.22175925925925927 0.2523148148148148 0.13240740740740742 0.08981481481481482
11 0.12222222222222222 0.34305555555555556 0.1685185185185185 0.1037037037037037
11 0.30185185185185187 0.18055555555555555 0.08703703703703704 0.08425925925925926
11 0.6365740740740741 0.25277777777777777 0.13148148148148148 0.10185185185185185