14 0.5 0.5 1 0.9462962962962963
4 0.42314814814814816 0.48009259259259257 0.15555555555555556 0.09444444444444444
4 0.749537037037037 0.36944444444444446 0.12037037037037036 0.09444444444444444
4 0.7902777777777777 0.5300925925925926 0.13055555555555556 0.10925925925925926
4 0.2638888888888889 0.6018518518518519 0.20555555555555555 0.12962962962962962
4 0.33240740740740743 0.34444444444444444 0.14444444444444443 0.11296296296296296
8 0.2967592592592593 0.41944444444444445 0.08425925925925926 0.09351851851851851
8 0.1300925925925926 0.5643518518518519 0.06851851851851852 0.058333333333333334
8 0.2490740740740741 0.46574074074074073 0.09351851851851851 0.07592592592592592
8 0.5050925925925925 0.8046296296296296 0.1175925925925926 0.06574074074074074
8 0.43657407407407406 0.625 0.0712962962962963 0.13333333333333333
8 0.8375 0.6402777777777777 0.09537037037037037 0.05925925925925926
8 0.5893518518518519 0.4078703703703704 0.08888888888888889 0.062037037037037036
8 0.44212962962962965 0.35 0.06759259259259259 0.06851851851851852
8 0.4787037037037037 0.1675925925925926 0.11203703703703703 0.08611111111111111
8 0.33935185185185185 0.2828703703703704 0.0824074074074074 0.08518518518518518
8 0.4925925925925926 0.2601851851851852 0.07037037037037037 0.062037037037037036
8 0.6111111111111112 0.287962962962963 0.09814814814814815 0.08148148148148149
15 0.5064814814814815 0.34305555555555556 0.07314814814814814 0.08888888888888889
15 0.5125 0.5550925925925926 0.07777777777777778 0.0824074074074074
15 0.6458333333333334 0.6921296296296297 0.08518518518518518 0.07314814814814814
15 0.9171296296296296 0.47824074074074074 0.044444444444444446 0.04351851851851852
15 0.8347222222222223 0.4810185185185185 0.058333333333333334 0.05555555555555555
15 0.3592592592592593 0.4351851851851852 0.05740740740740741 0.04537037037037037