14 0.524074074074074 0.5 0.912962962962963 1
15 0.4532407407407407 0.335632183908046 0.10277777777777777 0.1367816091954023
15 0.20462962962962963 0.3275862068965517 0.07314814814814814 0.08735632183908046
15 0.24953703703703703 0.5735632183908046 0.06018518518518518 0.08160919540229886
15 0.4078703703703704 0.5557471264367816 0.09537037037037037 0.10689655172413794
15 0.3282407407407407 0.5948275862068966 0.06666666666666667 0.0735632183908046
15 0.36018518518518516 0.6563218390804598 0.1037037037037037 0.12643678160919541
15 0.2833333333333333 0.6425287356321839 0.06296296296296296 0.09425287356321839
15 0.5421296296296296 0.6528735632183909 0.10648148148148148 0.14022988505747128
15 0.5953703703703703 0.6281609195402299 0.08888888888888889 0.10804597701149425
15 0.6657407407407407 0.7270114942528736 0.12407407407407407 0.1632183908045977
15 0.6425925925925926 0.5005747126436781 0.11666666666666667 0.14367816091954022
15 0.6976851851851852 0.5729885057471265 0.07592592592592592 0.11149425287356322
15 0.7481481481481481 0.4528735632183908 0.08055555555555556 0.10229885057471265
15 0.8069444444444445 0.3781609195402299 0.09722222222222222 0.11494252873563218
15 0.6912037037037037 0.296551724137931 0.07685185185185185 0.08850574712643679
4 0.7069444444444445 0.1781609195402299 0.1287037037037037 0.12873563218390804
4 0.7347222222222223 0.22241379310344828 0.13240740740740742 0.10229885057471265
4 0.6148148148148148 0.3735632183908046 0.11666666666666667 0.15172413793103448
4 0.8263888888888888 0.48735632183908045 0.1 0.15977011494252874
4 0.6972222222222222 0.6574712643678161 0.175 0.19195402298850575
4 0.2902777777777778 0.23448275862068965 0.12222222222222222 0.17471264367816092
4 0.29398148148148145 0.364367816091954 0.13148148148148148 0.17586206896551723
4 0.43657407407407406 0.7212643678160919 0.13148148148148148 0.2103448275862069
4 0.4888888888888889 0.5885057471264368 0.08055555555555556 0.07586206896551724
4 0.2513888888888889 0.5235632183908046 0.1259259259259259 0.135632183908046