14 0.5 0.48074074074074075 1 0.9614814814814815
9 0.5268518518518519 0.45925925925925926 0.09166666666666666 0.07111111111111111
9 0.8458333333333333 0.45 0.10833333333333334 0.08444444444444445
9 0.549537037037037 0.23703703703703705 0.08888888888888889 0.06666666666666667
9 0.24444444444444444 0.49296296296296294 0.08888888888888889 0.06666666666666667
5 0.4597222222222222 0.3151851851851852 0.16574074074074074 0.12444444444444444
5 0.22268518518518518 0.2411111111111111 0.11018518518518519 0.09777777777777778
5 0.32314814814814813 0.412962962962963 0.06851851851851852 0.05925925925925926
5 0.1259259259259259 0.5603703703703704 0.20925925925925926 0.13703703703703704
5 0.2824074074074074 0.6622222222222223 0.1574074074074074 0.10592592592592592
5 0.38287037037037036 0.7025925925925925 0.1361111111111111 0.13333333333333333
5 0.586574074074074 0.5625925925925926 0.13148148148148148 0.10740740740740741
5 0.7680555555555556 0.3511111111111111 0.1287037037037037 0.07481481481481482
9 0.7453703703703703 0.40925925925925927 0.06851851851851852 0.05333333333333334
4 0.6972222222222222 0.23851851851851852 0.19814814814814816 0.13333333333333333
4 0.44675925925925924 0.22037037037037038 0.1712962962962963 0.10962962962962963
4 0.6375 0.4051851851851852 0.14629629629629629 0.09185185185185185
4 0.8643518518518518 0.6277777777777778 0.1712962962962963 0.12296296296296297
4 0.7708333333333334 0.7459259259259259 0.15462962962962962 0.10148148148148148
4 0.2013888888888889 0.3277777777777778 0.1962962962962963 0.10592592592592592
5 0.36435185185185187 0.11851851851851852 0.2064814814814815 0.13111111111111112
5 0.5509259259259259 0.12407407407407407 0.2037037037037037 0.16
5 0.750462962962963 0.5855555555555556 0.13518518518518519 0.14074074074074075
5 0.6671296296296296 0.7007407407407408 0.1037037037037037 0.09111111111111111
9 0.47314814814814815 0.7248148148148148 0.1037037037037037 0.07703703703703704