14 0.5 0.4843304843304843 1 0.8420417853751186
11 0.555675925925926 0.7088224121557455 0.14362037037037037 0.18981006647673315
11 0.2780833333333333 0.6559354226020893 0.1898888888888889 0.17102564102564102
11 0.17012962962962963 0.4681006647673315 0.12434259259259259 0.15916429249762581
11 0.17687037037037037 0.33167141500474834 0.14939814814814814 0.08205128205128205
11 0.40000925925925923 0.34452991452991455 0.16578703703703704 0.11764482431149097
11 0.3007314814814815 0.19525166191832857 0.09446296296296296 0.1295061728395062
11 0.5600185185185186 0.1838841405508072 0.09446296296296296 0.12654320987654322
11 0.7118240740740741 0.2580246913580247 0.13398148148148148 0.07315289648622982
11 0.6000185185185185 0.3381006647673314 0.11855555555555555 0.10479582146248813
11 0.7836388888888889 0.38851851851851854 0.15037037037037038 0.12654320987654322
11 0.695925925925926 0.5679487179487179 0.16193518518518518 0.16113960113960116
15 0.9378611111111111 0.44783475783475785 0.10410185185185186 0.09886039886039885
15 0.05398148148148148 0.4982526115859449 0.1079537037037037 0.12456790123456789
15 0.18025 0.2441880341880342 0.1310925925925926 0.08897435897435897
15 0.39423148148148146 0.1690503323836657 0.09253703703703703 0.08699905033238367
15 0.7498981481481481 0.18140550807217476 0.12145370370370369 0.07612535612535612
11 0.44675925925925924 0.5036942070275403 0.14747222222222223 0.12555555555555556
4 0.5754814814814815 0.5294586894586895 0.10527777777777778 0.1383760683760684
4 0.3053888888888889 0.47309591642924975 0.11694444444444445 0.1092212725546059
4 0.43162962962962964 0.7700949667616334 0.09907407407407408 0.09542260208926875
2 0.3797777777777778 0.8156885090218423 0.15091666666666667 0.1030389363722697
2 0.6890740740740741 0.6770180436847103 0.19173148148148147 0.25115859449192784
2 0.9094722222222222 0.4845014245014245 0.1510462962962963 0.10923076923076923
2 0.7983425925925927 0.24480531813865145 0.0843425925925926 0.08949667616334282
2 0.5625092592592592 0.1124596391263058 0.08675 0.05270655270655271
2 0.39428703703703705 0.2584235517568851 0.09474074074074074 0.07493827160493827
2 0.2917962962962963 0.3648148148148148 0.08237037037037036 0.1129724596391263
2 0.11955555555555555 0.6257075023741691 0.11566666666666667 0.09535612535612535
2 0.2908796296296296 0.5278727445394112 0.13607407407407407 0.09341880341880342