14 0.5 0.5092592592592593 1 0.9135833333333333
12 0.7286944444444444 0.6313425925925926 0.12337962962962963 0.16578703703703704
12 0.9291851851851851 0.51375 0.1079537037037037 0.12337962962962963
12 0.3614537037037037 0.3961574074074074 0.08867592592592592 0.17157407407407407
12 0.22362037037037036 0.4525462962962963 0.17157407407407407 0.10506481481481482
12 0.26554629629629634 0.6655648148148148 0.14747222222222223 0.14939814814814814
12 0.6096574074074074 0.474712962962963 0.28049074074074076 0.09927777777777777
12 0.4959166666666667 0.3161574074074074 0.1706111111111111 0.11566666666666667
12 0.5749537037037038 0.20868518518518517 0.06650925925925925 0.09735185185185186
12 0.6911018518518518 0.13012037037037036 0.09831481481481483 0.09831481481481483
12 0.5523055555555556 0.09398148148148149 0.07518518518518519 0.049157407407407414
8 0.6033888888888889 0.8400277777777778 0.09638888888888889 0.08963888888888889
8 0.3344722222222222 0.7219537037037037 0.08867592592592592 0.12915740740740742
6 0.7441203703703704 0.34025000000000005 0.03662962962962963 0.04048148148148148
6 0.16000925925925927 0.5301388888888888 0.05975925925925926 0.032768518518518516
6 0.08915740740740741 0.49110185185185184 0.03180555555555556 0.022166666666666668
6 0.056388888888888884 0.6197777777777778 0.03373148148148148 0.03662962962962963
6 0.0959074074074074 0.7306203703703704 0.04337037037037037 0.04434259259259259
6 0.2197685185185185 0.31952777777777774 0.03662962962962963 0.037592592592592594
6 0.44772222222222224 0.3604907407407407 0.022166666666666668 0.028916666666666667
6 0.6308611111111111 0.24675 0.1012037037037037 0.046268518518518514
6 0.9809814814814816 0.34073148148148147 0.0380462962962963 0.041444444444444443
6 0.9824259259259259 0.7682129629629629 0.03514814814814815 0.046268518518518514
12 0.28453703703703703 0.22756481481481483 0.10042592592592592 0.06196296296296296
12 0.600175925925926 0.6100740740740741 0.12503703703703703 0.13742592592592592
12 0.9447500000000001 0.4344074074074074 0.11049074074074074 0.07869444444444444