14 0.5 0.4986111111111111 1 0.9972222222222222
0 0.6657407407407407 0.47638888888888886 0.3148148148148148 0.28055555555555556
0 0.28055555555555556 0.5777777777777777 0.175 0.2898148148148148
0 0.175 0.5277777777777778 0.23055555555555557 0.2574074074074074
0 0.33425925925925926 0.24722222222222223 0.20462962962962963 0.38425925925925924
0 0.47129629629629627 0.08472222222222223 0.14814814814814814 0.14814814814814814
0 0.6467592592592593 0.19768518518518519 0.09074074074074075 0.11851851851851852
0 0.7430555555555556 0.07268518518518519 0.3435185185185185 0.10462962962962963
0 0.08333333333333333 0.09212962962962963 0.16666666666666666 0.1175925925925926
0 0.09027777777777778 0.41203703703703703 0.18055555555555555 0.2
0 0.2050925925925926 0.25925925925925924 0.11666666666666667 0.22037037037037038
0 0.46064814814814814 0.45416666666666666 0.09074074074074075 0.18796296296296297