14 0.4388888888888889 0.6577777777777778 0.8333333333333334 0.6844444444444444
13 0.5944444444444444 0.8174074074074074 0.04259259259259259 0.042222222222222223
13 0.49537037037037035 0.7770370370370371 0.04537037037037037 0.03851851851851852
13 0.5550925925925926 0.7537037037037037 0.05 0.0437037037037037
13 0.37407407407407406 0.7737037037037037 0.049074074074074076 0.04148148148148148
13 0.3162037037037037 0.7185185185185186 0.03518518518518519 0.0437037037037037
13 0.3351851851851852 0.81 0.03518518518518519 0.024444444444444446
13 0.40046296296296297 0.8366666666666667 0.053703703703703705 0.05037037037037037
8 0.4759259259259259 0.84 0.08055555555555556 0.06074074074074074
13 0.39166666666666666 0.6248148148148148 0.04814814814814815 0.03777777777777778
13 0.4078703703703704 0.6040740740740741 0.04814814814814815 0.028148148148148148
13 0.5046296296296297 0.524074074074074 0.03425925925925926 0.035555555555555556
13 0.5125 0.5666666666666667 0.03888888888888889 0.037037037037037035
13 0.28055555555555556 0.5811111111111111 0.05462962962962963 0.03777777777777778
13 0.34120370370370373 0.4514814814814815 0.03425925925925926 0.03333333333333333
13 0.562962962962963 0.47185185185185186 0.02962962962962963 0.02962962962962963
13 0.575 0.4514814814814815 0.020370370370370372 0.028148148148148148
13 0.5416666666666666 0.45185185185185184 0.03611111111111111 0.02666666666666667
8 0.5768518518518518 0.544074074074074 0.06944444444444445 0.06518518518518518
8 0.3773148148148148 0.5455555555555556 0.040740740740740744 0.03185185185185185
8 0.47962962962962963 0.48444444444444446 0.04351851851851852 0.04148148148148148
8 0.5972222222222222 0.49037037037037035 0.05648148148148148 0.03481481481481481
8 0.44166666666666665 0.5618518518518518 0.05185185185185185 0.03185185185185185
8 0.37824074074074077 0.6992592592592592 0.05555555555555555 0.04
8 0.5444444444444444 0.8907407407407407 0.05092592592592592 0.04518518518518518
7 0.4736111111111111 0.6885185185185185 0.07685185185185185 0.08444444444444445
7 0.46296296296296297 0.7688888888888888 0.05740740740740741 0.061481481481481484
7 0.47453703703703703 0.5555555555555556 0.05740740740740741 0.05185185185185185
7 0.4203703703703704 0.53 0.07222222222222222 0.03777777777777778
7 0.524537037037037 0.6637037037037037 0.05185185185185185 0.03777777777777778
7 0.6152777777777778 0.8566666666666667 0.05555555555555555 0.05037037037037037
7 0.3055555555555556 0.5155555555555555 0.0824074074074074 0.07481481481481482