14 0.5540092592592593 0.6875 0.8919722222222223 0.625
8 0.3270462962962963 0.7830092592592592 0.11792592592592592 0.05126851851851852
8 0.23805555555555558 0.7031759259259259 0.09814814814814815 0.09962037037037037
8 0.3413333333333333 0.5544814814814815 0.09228703703703704 0.09962037037037037
8 0.5522592592592593 0.4947129629629629 0.14350925925925928 0.0667962962962963
8 0.5046296296296297 0.579287037037037 0.21058333333333334 0.08662962962962963
8 0.5609722222222222 0.7719166666666666 0.17396296296296296 0.06338888888888888
8 0.5873888888888888 0.8412870370370371 0.08028703703703703 0.06972222222222221
8 0.7419814814814815 0.8067777777777778 0.0739537037037037 0.05563888888888889
8 0.8352962962962963 0.7599444444444444 0.06901851851851852 0.04225925925925926
8 0.7349351851851852 0.6743703703703704 0.0824074074074074 0.04014814814814815
8 0.7060648148148148 0.5821018518518518 0.08803703703703704 0.061277777777777785
8 0.863824074074074 0.607111111111111 0.07676851851851851 0.06761111111111111
8 0.8004351851851852 0.5201296296296296 0.1331111111111111 0.04155555555555556
4 0.6768333333333334 0.5081574074074073 0.049305555555555554 0.033101851851851855
4 0.4303240740740741 0.501462962962963 0.05352777777777778 0.028175925925925927
4 0.33349074074074075 0.6046388888888888 0.05282407407407407 0.02887962962962963
4 0.32115740740740745 0.7328240740740741 0.049305555555555554 0.03732407407407408
4 0.45075 0.664861111111111 0.049305555555555554 0.03239814814814815
4 0.6363333333333333 0.5909074074074073 0.047185185185185184 0.036620370370370366
4 0.6701388888888888 0.8483333333333334 0.054231481481481485 0.03874074074074074
4 0.6873981481481481 0.7162777777777778 0.05915740740740741 0.04085185185185185
4 0.8384722222222222 0.7201481481481481 0.054231481481481485 0.03874074074074074
2 0.27120370370370367 0.5814907407407407 0.04457407407407407 0.045731481481481484
2 0.28625925925925927 0.6350370370370371 0.09551851851851852 0.03473148148148148
2 0.3169351851851852 0.6969722222222222 0.04688888888888889 0.02662962962962963
2 0.44255555555555554 0.801462962962963 0.05036111111111111 0.045731481481481484
2 0.5577592592592593 0.7244722222222222 0.10825 0.029518518518518517
2 0.5299722222222222 0.6170925925925926 0.045731481481481484 0.033574074074074076
2 0.6735277777777777 0.4552962962962963 0.05846296296296297 0.017944444444444443
8 0.6833703703703703 0.4778703703703704 0.043416666666666666 0.026046296296296297
8 0.8419907407407408 0.6796111111111112 0.06773148148148149 0.040518518518518516
15 0.4773148148148148 0.8607314814814815 0.07191666666666667 0.06097222222222222
15 0.5634351851851852 0.6681018518518518 0.055268518518518515 0.04607407407407407
15 0.5180648148148148 0.7458888888888888 0.05711111111111111 0.053518518518518514
15 0.6896944444444445 0.6255 0.1411111111111111 0.04975925925925926