14 0.5 0.5 1 1
0 0.663425925925926 0.4648148148148148 0.3287037037037037 0.29814814814814816
0 0.2865740740740741 0.5930555555555556 0.1925925925925926 0.2972222222222222
0 0.17777777777777778 0.5504629629629629 0.24444444444444444 0.26944444444444443
0 0.31712962962962965 0.25972222222222224 0.22777777777777777 0.39166666666666666
0 0.4425925925925926 0.0875 0.15648148148148147 0.15555555555555556
0 0.625462962962963 0.1884259259259259 0.09722222222222222 0.12314814814814815
0 0.7125 0.06018518518518518 0.3453703703703704 0.12037037037037036
0 0.07083333333333333 0.12361111111111112 0.14166666666666666 0.13055555555555556
0 0.09027777777777778 0.44212962962962965 0.18055555555555555 0.2101851851851852
0 0.18935185185185185 0.28055555555555556 0.13055555555555556 0.225
0 0.45740740740740743 0.45694444444444443 0.10277777777777777 0.19166666666666668