14 0.5453703703703704 0.6370370370370371 0.9092592592592592 0.725925925925926
8 0.38981481481481484 0.812962962962963 0.1259259259259259 0.07407407407407407
8 0.2861111111111111 0.7532407407407408 0.11666666666666667 0.1175925925925926
8 0.3560185185185185 0.5861111111111111 0.11018518518518519 0.11666666666666667
8 0.55 0.4837962962962963 0.15462962962962962 0.09537037037037037
8 0.5208333333333334 0.5763888888888888 0.22407407407407406 0.12777777777777777
8 0.6162037037037037 0.7532407407407408 0.18333333333333332 0.09814814814814815
8 0.6564814814814814 0.8157407407407408 0.09351851851851851 0.08518518518518518
8 0.8004629629629629 0.749537037037037 0.08425925925925926 0.06944444444444445
8 0.8819444444444444 0.6847222222222222 0.07592592592592592 0.05555555555555555
8 0.7662037037037037 0.6217592592592592 0.08888888888888889 0.05648148148148148
8 0.7185185185185186 0.5375 0.09907407407407408 0.07777777777777778
8 0.8782407407407408 0.5291666666666667 0.08888888888888889 0.0824074074074074
8 0.7981481481481482 0.45740740740740743 0.13796296296296295 0.06851851851851852
4 0.674537037037037 0.47129629629629627 0.05555555555555555 0.04259259259259259
4 0.43194444444444446 0.5157407407407407 0.058333333333333334 0.03888888888888889
4 0.3587962962962963 0.6370370370370371 0.05740740740740741 0.03981481481481482
4 0.3736111111111111 0.7648148148148148 0.05555555555555555 0.04722222222222222
4 0.4861111111111111 0.6712962962962963 0.05462962962962963 0.041666666666666664
4 0.6523148148148148 0.5606481481481481 0.053703703703703705 0.046296296296296294
4 0.7388888888888889 0.8055555555555556 0.06111111111111111 0.049074074074074076
4 0.7282407407407407 0.6726851851851852 0.06666666666666667 0.05185185185185185
4 0.8768518518518519 0.6449074074074074 0.06111111111111111 0.049074074074074076
2 0.29305555555555557 0.6273148148148148 0.05277777777777778 0.05462962962962963
2 0.3189814814814815 0.6763888888888889 0.10092592592592593 0.053703703703703705
2 0.36203703703703705 0.7305555555555555 0.05185185185185185 0.03611111111111111
2 0.5064814814814815 0.8069444444444445 0.058333333333333334 0.05462962962962963
2 0.6032407407407407 0.7074074074074074 0.11203703703703703 0.05185185185185185
2 0.5537037037037037 0.6083333333333333 0.05185185185185185 0.04259259259259259
2 0.6606481481481481 0.4203703703703704 0.06111111111111111 0.02962962962962963
8 0.674537037037037 0.44027777777777777 0.04722222222222222 0.03425925925925926
8 0.8717592592592592 0.6046296296296296 0.075 0.053703703703703705
15 0.5527777777777778 0.8574074074074074 0.0824074074074074 0.075
15 0.5972222222222222 0.6513888888888889 0.06296296296296296 0.05555555555555555
15 0.5689814814814815 0.736574074074074 0.06666666666666667 0.06388888888888888
15 0.711574074074074 0.5833333333333334 0.14814814814814814 0.07777777777777778