14 0.5 0.6097108969607117 1 0.7805782060785768
8 0.21805555555555556 0.39807264640474427 0.058333333333333334 0.054114158636026685
8 0.24212962962962964 0.4570051890289103 0.09814814814814815 0.04670126019273536
8 0.2625 0.6482579688658265 0.16574074074074074 0.12157153446997776
8 0.4685185185185185 0.7690882134914752 0.09907407407407408 0.12008895478131949
8 0.6268518518518519 0.6063750926612306 0.1 0.08821349147516679
8 0.7046296296296296 0.5070422535211268 0.10555555555555556 0.05189028910303929
8 0.675 0.3843587842846553 0.08888888888888889 0.06968124536693847
8 0.44583333333333336 0.3906597479614529 0.1527777777777778 0.06226834692364715
8 0.600462962962963 0.41697553743513716 0.08055555555555556 0.072646404744255
8 0.5597222222222222 0.48480355819125276 0.11851851851851852 0.07338769458858414
8 0.2550925925925926 0.5122312824314307 0.07222222222222222 0.05930318754633061
8 0.3435185185185185 0.5385470719051149 0.1111111111111111 0.06449221645663454
8 0.38472222222222224 0.4710896960711638 0.08888888888888889 0.08598962194217939
4 0.462037037037037 0.6386212008895478 0.23425925925925925 0.14603409933283915
4 0.6300925925925925 0.7587101556708673 0.2111111111111111 0.17790956263899185
4 0.7703703703703704 0.6241660489251297 0.1685185185185185 0.12898443291326908
4 0.16898148148148148 0.5385470719051149 0.15462962962962962 0.11934766493699037
4 0.2199074074074074 0.6964418087472202 0.30833333333333335 0.20681986656782803
4 0.4074074074074074 0.41141586360266863 0.2759259259259259 0.18532246108228317
8 0.7527777777777778 0.7416604892512972 0.11666666666666667 0.07338769458858414
8 0.4726851851851852 0.6704966641957005 0.1037037037037037 0.07338769458858414
8 0.6240740740740741 0.678650852483321 0.0962962962962963 0.0681986656782802
8 0.7888888888888889 0.48183839881393625 0.06574074074074074 0.05559673832468495
8 0.7601851851851852 0.5467012601927353 0.06574074074074074 0.05856189770200148
8 0.8379629629629629 0.6512231282431431 0.09814814814814815 0.09117865085248332
8 0.44583333333333336 0.5352112676056338 0.10740740740740741 0.060044477390659746