14 0.5 0.4890483383685801 1 0.9690332326283988
15 0.9074074074074074 0.5506042296072508 0.10833333333333334 0.0770392749244713
15 0.4203703703703704 0.81797583081571 0.1287037037037037 0.10498489425981873
15 0.6907407407407408 0.13481873111782477 0.08796296296296297 0.07326283987915408
15 0.06157407407407407 0.2858761329305136 0.11944444444444445 0.0770392749244713
4 0.2902777777777778 0.47696374622356497 0.3194444444444444 0.2311178247734139
4 0.524537037037037 0.2794561933534743 0.39537037037037037 0.17069486404833836
4 0.524074074074074 0.6461480362537765 0.41388888888888886 0.1540785498489426
4 0.6347222222222222 0.46148036253776437 0.39814814814814814 0.2348942598187311
4 0.8157407407407408 0.2719033232628399 0.1425925925925926 0.10725075528700906
4 0.8439814814814814 0.6801359516616314 0.16203703703703703 0.15181268882175228
4 0.23148148148148148 0.6967522658610272 0.18703703703703703 0.15709969788519637
4 0.2439814814814815 0.2828549848942598 0.16944444444444445 0.1646525679758308
4 0.46435185185185185 0.14350453172205438 0.22870370370370371 0.11555891238670694
4 0.6435185185185185 0.7836102719033232 0.23425925925925925 0.13670694864048338