14 0.41203703703703703 0.5 0.8240740740740741 1
2 0.26666666666666666 0.6592592592592592 0.14722222222222223 0.2740740740740741
4 0.47314814814814815 0.5487654320987654 0.21574074074074073 0.23580246913580247
4 0.4986111111111111 0.30246913580246915 0.14907407407407408 0.17901234567901234
4 0.6342592592592593 0.43148148148148147 0.15648148148148147 0.19135802469135801
4 0.33564814814814814 0.24753086419753087 0.14351851851851852 0.16049382716049382
4 0.2763888888888889 0.11604938271604938 0.10185185185185185 0.145679012345679
4 0.06759259259259259 0.2537037037037037 0.0962962962962963 0.1419753086419753
4 0.4842592592592593 0.7759259259259259 0.08055555555555556 0.10740740740740741
4 0.48194444444444445 0.9160493827160494 0.10833333333333334 0.15925925925925927
4 0.3347222222222222 0.7956790123456791 0.07685185185185185 0.10123456790123457
4 0.19814814814814816 0.7660493827160494 0.14814814814814814 0.2037037037037037
4 0.10740740740740741 0.9382716049382716 0.10925925925925926 0.12345679012345678
4 0.06111111111111111 0.3845679012345679 0.12222222222222222 0.1617283950617284