14 0.5 0.5 1 1
7 0.27824074074074073 0.7523148148148148 0.14074074074074075 0.12222222222222222
7 0.7027777777777777 0.1814814814814815 0.14351851851851852 0.11944444444444445
7 0.5296296296296297 0.1259259259259259 0.14074074074074075 0.11944444444444445
7 0.32037037037037036 0.1398148148148148 0.14907407407407408 0.12962962962962962
7 0.1935185185185185 0.37083333333333335 0.13703703703703704 0.09074074074074075
7 0.20601851851851852 0.5787037037037037 0.1712962962962963 0.14074074074074075
7 0.5115740740740741 0.42407407407407405 0.06018518518518518 0.11018518518518519
7 0.36435185185185187 0.4412037037037037 0.10277777777777777 0.13703703703703704
7 0.5824074074074074 0.475 0.1175925925925926 0.08148148148148149
7 0.7074074074074074 0.4305555555555556 0.1287037037037037 0.09166666666666666
7 0.8 0.5055555555555555 0.1527777777777778 0.13518518518518519
7 0.7949074074074074 0.25833333333333336 0.10925925925925926 0.09166666666666666
10 0.1638888888888889 0.462037037037037 0.09444444444444444 0.08333333333333333
10 0.27175925925925926 0.43796296296296294 0.08611111111111111 0.12129629629629629
10 0.2865740740740741 0.21296296296296297 0.05648148148148148 0.08888888888888889
10 0.40694444444444444 0.2050925925925926 0.05648148148148148 0.09259259259259259
10 0.33564814814814814 0.1712962962962963 0.09351851851851851 0.040740740740740744
10 0.5416666666666666 0.16064814814814815 0.15833333333333333 0.10555555555555556
10 0.7314814814814815 0.18333333333333332 0.08518518518518518 0.09537037037037037
10 0.7240740740740741 0.2986111111111111 0.10648148148148148 0.05277777777777778
10 0.38472222222222224 0.32546296296296295 0.1037037037037037 0.06574074074074074
10 0.44907407407407407 0.37222222222222223 0.09814814814814815 0.07777777777777778
10 0.624537037037037 0.5652777777777778 0.10740740740740741 0.06944444444444445
10 0.5425925925925926 0.6981481481481482 0.11018518518518519 0.06574074074074074
10 0.36712962962962964 0.812037037037037 0.08333333333333333 0.05555555555555555
10 0.487962962962963 0.7657407407407407 0.05185185185185185 0.07222222222222222
10 0.6435185185185185 0.7222222222222222 0.10185185185185185 0.1175925925925926
10 0.7324074074074074 0.6921296296296297 0.10740740740740741 0.06666666666666667
10 0.8666666666666667 0.41435185185185186 0.14814814814814814 0.06574074074074074