14 0.3761574074074074 0.5 0.7523148148148148 1
2 0.24714814814814817 0.5910493827160493 0.11082407407407407 0.24861728395061727
4 0.4661666666666667 0.5401481481481482 0.19071296296296297 0.18671604938271605
4 0.5294444444444444 0.3064074074074074 0.12943518518518518 0.14603703703703705
4 0.6421111111111111 0.47046913580246913 0.13519444444444442 0.15669135802469136
4 0.3784074074074074 0.20733333333333334 0.12630555555555556 0.12776543209876542
4 0.3413703703703704 0.06267901234567902 0.08396296296296298 0.12534567901234567
4 0.11537037037037036 0.1394074074074074 0.07906481481481481 0.12244444444444445
4 0.44146296296296295 0.765641975308642 0.06723148148148148 0.09096296296296297
4 0.4176574074074074 0.902074074074074 0.08839814814814814 0.13806172839506173
4 0.2919722222222222 0.7435925925925925 0.06455555555555556 0.08566666666666667
4 0.16321296296296298 0.6762716049382715 0.12449074074074074 0.17324691358024694
4 0.04371296296296296 0.8459135802469137 0.08653703703703704 0.1562716049382716
4 0.0763425925925926 0.2623086419753086 0.13064814814814815 0.1283827160493827