14 0.5032407407407408 0.5 0.9935185185185185 1
12 0.7134259259259259 0.6722454672245467 0.18981481481481483 0.20641562064156208
12 0.6611111111111111 0.6178521617852162 0.16018518518518518 0.14783821478382148
12 0.6902777777777778 0.5543933054393305 0.16203703703703703 0.13389121338912133
12 0.8 0.4351464435146444 0.12777777777777777 0.15341701534170155
12 0.7097222222222223 0.4700139470013947 0.08611111111111111 0.10599721059972106
12 0.6662037037037037 0.09902370990237098 0.09907407407407408 0.1087866108786611
12 0.7356481481481482 0.1806136680613668 0.09351851851851851 0.17433751743375175
12 0.6805555555555556 0.2803347280334728 0.08425925925925926 0.1589958158995816
12 0.45740740740740743 0.2203626220362622 0.05185185185185185 0.07112970711297072
12 0.49212962962962964 0.14714086471408647 0.06481481481481481 0.06694560669456066
12 0.5050925925925925 0.3075313807531381 0.06944444444444445 0.06694560669456066
7 0.16018518518518518 0.6220362622036262 0.13055555555555556 0.26359832635983266
7 0.30787037037037035 0.7656903765690377 0.2638888888888889 0.2803347280334728
7 0.5351851851851852 0.7677824267782427 0.1175925925925926 0.12691771269177127
7 0.8273148148148148 0.2398884239888424 0.11666666666666667 0.20362622036262204
7 0.8004629629629629 0.5376569037656904 0.09259259259259259 0.11576011157601115
7 0.33287037037037037 0.22594142259414227 0.15092592592592594 0.16596931659693165
7 0.16712962962962963 0.43375174337517436 0.09166666666666666 0.14086471408647142
7 0.2300925925925926 0.34449093444909346 0.09166666666666666 0.09623430962343096
7 0.4217592592592593 0.5167364016736402 0.08611111111111111 0.12691771269177127
7 0.3439814814814815 0.3947001394700139 0.08333333333333333 0.11157601115760112
8 0.562037037037037 0.46443514644351463 0.06388888888888888 0.09483960948396095
8 0.5518518518518518 0.6290097629009763 0.09074074074074075 0.1087866108786611