14 0.5216018518518519 0.5385833333333333 0.9567870370370369 0.9228425925925926
7 0.23783333333333334 0.7101296296296297 0.1250925925925926 0.10187037037037036
7 0.7550740740740741 0.22173148148148147 0.1288425925925926 0.09887962962962964
7 0.5940185185185185 0.1367037037037037 0.1258425925925926 0.09962962962962962
7 0.3857777777777778 0.11423148148148149 0.13183333333333333 0.10862037037037037
7 0.22060185185185185 0.3194814814814815 0.1265925925925926 0.06966666666666667
7 0.19662962962962965 0.5266018518518518 0.15356481481481482 0.11536111111111111
7 0.5247314814814815 0.42735185185185187 0.042694444444444445 0.10412037037037038
7 0.37678703703703703 0.4183611111111111 0.08239814814814814 0.1250925925925926
7 0.5854074074074074 0.48951851851851846 0.10862037037037037 0.06367592592592593
7 0.7161203703703704 0.4677962962962963 0.11835185185185185 0.0726574074074074
7 0.7943981481481482 0.5576851851851852 0.13558333333333333 0.1131111111111111
7 0.8322222222222222 0.3131111111111111 0.09737962962962964 0.07640740740740741
10 0.1756574074074074 0.4041296296296296 0.08314814814814815 0.06966666666666667
10 0.28577777777777774 0.39925925925925926 0.06816666666666667 0.11086111111111112
10 0.3397037037037037 0.1801574074074074 0.042694444444444445 0.08314814814814815
10 0.45955555555555555 0.19325925925925927 0.0412037037037037 0.08688888888888889
10 0.3951388888888889 0.14756481481481482 0.0906388888888889 0.025472222222222222
10 0.6000092592592593 0.17303703703703704 0.14682407407407408 0.08089814814814815
10 0.782787037037037 0.22847222222222222 0.0719074074074074 0.08389814814814815
10 0.755824074074074 0.3408333333333334 0.10187037037037036 0.0359537037037037
10 0.41686111111111107 0.30825 0.09662962962962963 0.05018518518518519
10 0.4719166666666667 0.3651759259259259 0.08838888888888888 0.06367592592592593
10 0.61125 0.5857777777777777 0.10037962962962962 0.05243518518518519
10 0.5075000000000001 0.7026388888888889 0.10412037037037038 0.04794444444444444
10 0.31499074074074074 0.7842870370370371 0.07715740740740741 0.041944444444444444
10 0.4419537037037037 0.7595648148148149 0.0404537037037037 0.06591666666666667
10 0.6026296296296296 0.7438333333333333 0.08464814814814815 0.10487037037037038
10 0.6955185185185185 0.7296018518518519 0.09962962962962962 0.049435185185185186
10 0.8760462962962963 0.4794074074074074 0.14307407407407408 0.041944444444444444