14 0.5 0.6036671368124118 1 0.7926657263751763
15 0.37447108603667134 0.7228490832157969 0.153737658674189 0.1466854724964739
15 0.304654442877292 0.6100141043723555 0.13963328631875882 0.11001410437235543
15 0.6777150916784203 0.6678420310296191 0.153737658674189 0.1325811001410437
15 0.7912552891396333 0.5479548660084627 0.11847672778561354 0.09167842031029619
15 0.5782792665726375 0.504231311706629 0.1071932299012694 0.09590973201692525
15 0.5190409026798307 0.5768688293370945 0.12976022566995768 0.10296191819464035
15 0.383638928067701 0.5211565585331452 0.09026798307475317 0.08744710860366714
15 0.4294781382228491 0.4506346967559944 0.0846262341325811 0.08603667136812412
15 0.49647390691114246 0.4033850493653032 0.08744710860366714 0.08039492242595205
15 0.27009873060648804 0.35895627644569816 0.08603667136812412 0.0846262341325811
15 0.3025387870239774 0.4696755994358251 0.09026798307475317 0.0930888575458392
15 0.045839210155148094 0.39703808180535965 0.0846262341325811 0.0930888575458392
15 0.00846262341325811 0.4922425952045134 0.01692524682651622 0.07052186177715092
15 0.07827926657263752 0.5514809590973202 0.12129760225669958 0.11283497884344147
7 0.5148095909732017 0.7997179125528914 0.13399153737658676 0.15796897038081806
7 0.6819464033850494 0.7912552891396333 0.14950634696755993 0.11847672778561354
7 0.8794076163610719 0.7348377997179125 0.1311706629055007 0.2157968970380818
7 0.8610719322990127 0.5641748942172073 0.08321579689703808 0.09026798307475317
7 0.6946403385049366 0.5423131170662906 0.07052186177715092 0.05218617771509168
7 0.07475317348377997 0.689703808180536 0.14950634696755993 0.23413258110014104
7 0.14033850493653033 0.4774330042313117 0.25952045133991536 0.09449929478138223
7 0.19816643159379407 0.4287729196050776 0.15091678420310295 0.07757404795486601
7 0.191114245416079 0.7559943582510579 0.1325811001410437 0.10578279266572638
7 0.21227080394922426 0.6283497884344147 0.0846262341325811 0.1071932299012694
7 0.5098730606488011 0.6706629055007052 0.11424541607898449 0.076163610719323
4 0.5952045133991537 0.6438645980253879 0.07757404795486601 0.1918194640338505
4 0.6015514809590973 0.7919605077574048 0.10296191819464035 0.1777150916784203
4 0.8032440056417489 0.6812411847672779 0.1156558533145275 0.13540197461212977
4 0.6847672778561354 0.48166431593794073 0.12129760225669958 0.07757404795486601
4 0.5846262341325811 0.4400564174894217 0.09732016925246827 0.06488011283497884
4 0.40550070521861775 0.382228490832158 0.1001410437235543 0.056417489421720736
4 0.16361071932299012 0.36741889985895626 0.11706629055007052 0.076163610719323
4 0.23554301833568406 0.5338504936530324 0.1847672778561354 0.10296191819464035
4 0.4393511988716502 0.6205923836389281 0.08885754583921016 0.08744710860366714
4 0.2524682651622003 0.693935119887165 0.10437235543018336 0.08321579689703808
4 0.3427362482369535 0.41960507757404797 0.11142454160789844 0.05500705218617771