14 0.49675925925925923 0.5390516039051604 0.862037037037037 0.8633193863319386
12 0.6677407407407407 0.7630962343096234 0.17027777777777778 0.13354253835425384
12 0.6290462962962963 0.6873221757322175 0.15057407407407408 0.08160390516039051
12 0.6698518518518519 0.6401534170153417 0.1562037037037037 0.06359832635983263
12 0.7986203703703704 0.577629009762901 0.11117592592592591 0.10598326359832635
12 0.705388888888889 0.5691492329149233 0.07387962962962964 0.07630404463040447
12 0.7400555555555556 0.19620641562064156 0.08898148148148148 0.0707391910739191
12 0.7894907407407408 0.30567642956764296 0.06624074074074075 0.1511576011157601
12 0.716824074074074 0.37529986052998604 0.058333333333333334 0.1385076708507671
12 0.5169351851851851 0.21394700139470016 0.042944444444444445 0.05348675034867504
12 0.5648240740740741 0.1604602510460251 0.059453703703703696 0.04228730822873082
12 0.5445092592592593 0.3194700139470014 0.06483333333333333 0.03807531380753138
7 0.15192592592592594 0.4580892608089261 0.08736111111111111 0.23422594142259415
7 0.26263888888888887 0.663347280334728 0.23956481481481484 0.17629009762900977
7 0.47848148148148145 0.7707252440725244 0.1064537037037037 0.08103207810320781
7 0.8648148148148148 0.4047698744769875 0.08585185185185185 0.17329149232914923
7 0.7778240740740741 0.6758995815899582 0.08012962962962963 0.08276150627615063
7 0.397212962962963 0.1616457461645746 0.13507407407407407 0.10776847977684798
7 0.19688888888888886 0.28234309623430964 0.07212037037037038 0.11294281729428174
7 0.27500925925925923 0.22673640167364015 0.08299074074074074 0.06034867503486751
7 0.4221111111111111 0.4797629009762901 0.06925 0.0991492329149233
7 0.3734537037037037 0.3271687587168759 0.07039814814814815 0.08189679218967921
8 0.5660833333333334 0.4952719665271967 0.051138888888888887 0.07470013947001396
8 0.5226759259259259 0.64697350069735 0.0792962962962963 0.07591352859135286