14 0.5 0.5 1 1
15 0.9111111111111111 0.4746978851963746 0.12407407407407407 0.09290030211480363
15 0.5101851851851852 0.8243957703927492 0.15092592592592594 0.12311178247734139
15 0.5851851851851851 0.10913897280966767 0.1037037037037037 0.08534743202416918
15 0.040740740740740744 0.3716012084592145 0.08148148148148149 0.09516616314199396
4 0.28935185185185186 0.5162386706948641 0.3685185185185185 0.27870090634441086
4 0.46296296296296297 0.28058912386706947 0.42314814814814816 0.2348942598187311
4 0.5638888888888889 0.6382175226586103 0.4361111111111111 0.22280966767371602
4 0.6208333333333333 0.4380664652567976 0.44351851851851853 0.29682779456193353
4 0.7449074074074075 0.21978851963746224 0.1648148148148148 0.12764350453172205
4 0.8847222222222222 0.6121601208459214 0.1962962962962963 0.17447129909365558
4 0.29259259259259257 0.7409365558912386 0.2212962962962963 0.18353474320241692
4 0.19074074074074074 0.33534743202416917 0.2064814814814815 0.18731117824773413
4 0.36666666666666664 0.15898791540785498 0.25 0.15256797583081572
4 0.7180555555555556 0.75 0.2611111111111111 0.1729607250755287