14 0.4962962962962963 0.5390516039051604 0.8722222222222222 0.8856345885634589
12 0.6648148148148149 0.7677824267782427 0.17222222222222222 0.13807531380753138
12 0.6268518518518519 0.6903765690376569 0.15185185185185185 0.08507670850767085
12 0.6680555555555555 0.6443514644351465 0.1574074074074074 0.06834030683403068
12 0.7976851851851852 0.5857740585774058 0.11296296296296296 0.1087866108786611
12 0.7046296296296296 0.5746164574616457 0.075 0.07810320781032078
12 0.7435185185185185 0.20223152022315202 0.08981481481481482 0.07391910739191074
12 0.7916666666666666 0.31311018131101814 0.06759259259259259 0.15202231520223153
12 0.7180555555555556 0.3807531380753138 0.06018518518518518 0.14086471408647142
12 0.5203703703703704 0.21478382147838215 0.04351851851851852 0.05578800557880056
12 0.5685185185185185 0.16248256624825663 0.06018518518518518 0.043235704323570434
12 0.5467592592592593 0.3207810320781032 0.06481481481481481 0.040446304044630406
7 0.15231481481481482 0.4490934449093445 0.08981481481481482 0.23709902370990238
7 0.26064814814814813 0.6569037656903766 0.24166666666666667 0.18270571827057183
7 0.475462962962963 0.7698744769874477 0.10740740740740741 0.08368200836820083
7 0.8657407407407407 0.41422594142259417 0.08703703703703704 0.17573221757322174
7 0.7759259259259259 0.6834030683403068 0.08055555555555556 0.08507670850767085
7 0.4009259259259259 0.1589958158995816 0.1361111111111111 0.11157601115760112
7 0.19953703703703704 0.27475592747559274 0.07314814814814814 0.11436541143654114
7 0.27824074074074073 0.2210599721059972 0.08425925925925926 0.06276150627615062
7 0.4222222222222222 0.4776847977684798 0.07037037037037037 0.10181311018131102
7 0.37546296296296294 0.32357043235704325 0.0712962962962963 0.08368200836820083
8 0.5662037037037037 0.49721059972105996 0.05185185185185185 0.07670850767085077
8 0.5208333333333334 0.6478382147838215 0.07962962962962963 0.07810320781032078