14 0.49027777777777776 0.5102489019033675 0.7453703703703703 0.9795021961932651
12 0.6986388888888888 0.5866617862371889 0.08371296296296296 0.12153733528550513
12 0.5646944444444445 0.44645680819912154 0.07153703703703704 0.11553440702781845
12 0.548712962962963 0.31528550512445097 0.05631481481481482 0.07942898975109809
12 0.5182685185185185 0.20216691068814058 0.03652777777777778 0.05535871156661787
12 0.4509166666666667 0.1907467057101025 0.05099074074074074 0.07341142020497804
12 0.30936111111111114 0.4242020497803807 0.05555555555555555 0.07341142020497804
12 0.2545648148148148 0.55597364568082 0.07077777777777777 0.10108345534407029
15 0.23554629629629628 0.4398389458272328 0.07838888888888888 0.09988286969253295
15 0.3831851851851852 0.6805270863836018 0.0799074074074074 0.11673499267935579
15 0.4680462962962963 0.7232503660322108 0.08827777777777777 0.15404099560761347
15 0.609212962962963 0.5806442166910688 0.07229629629629629 0.11673499267935579
15 0.6012222222222222 0.3574084919472914 0.08066666666666666 0.09146412884333821
15 0.6153055555555556 0.21601756954612006 0.038814814814814816 0.10469985358711567
15 0.47793518518518513 0.32010248901903365 0.07001851851851852 0.11071742313323574
15 0.3356203703703704 0.26534407027818446 0.07458333333333333 0.09988286969253295
10 0.27435185185185185 0.33575402635431917 0.06012037037037038 0.07461200585651538
10 0.4273240740740741 0.09386530014641288 0.029685185185185186 0.05775988286969254
10 0.5974166666666667 0.2633674963396779 0.050888888888888886 0.08046852122986822
10 0.5786203703703704 0.6758125915080527 0.08848148148148148 0.06035139092240117
10 0.3883518518518519 0.568814055636896 0.03412037037037037 0.1060761346998536
10 0.5829537037037037 0.44718887262079066 0.06824074074074074 0.06035139092240117
10 0.3877685185185185 0.42660322108345533 0.06882407407407408 0.12528550512445094
15 0.49123148148148144 0.5733235724743777 0.08816666666666667 0.1168814055636896