14 0.4925925925925926 0.5 0.9 1
12 0.7060185185185185 0.48535871156661786 0.1037037037037037 0.15666178623718888
12 0.5509259259259259 0.4172767203513909 0.09074074074074075 0.14494875549048317
12 0.5101851851851852 0.3008784773060029 0.06944444444444445 0.10248901903367497
12 0.45925925925925926 0.20790629575402636 0.04537037037037037 0.07027818448023426
12 0.39305555555555555 0.22986822840409957 0.06296296296296296 0.0951683748169839
12 0.3037037037037037 0.5212298682284041 0.06759259259259259 0.09663250366032211
12 0.2773148148148148 0.6734992679355783 0.08703703703703704 0.13030746705710103
15 0.23657407407407408 0.5717423133235725 0.09444444444444444 0.13469985358711567
15 0.42407407407407405 0.7291361639824304 0.09907407407407408 0.15080527086383602
15 0.513425925925926 0.7276720351390923 0.11388888888888889 0.1903367496339678
15 0.6194444444444445 0.5234260614934114 0.09166666666666666 0.14494875549048317
15 0.5685185185185185 0.31478770131771594 0.09444444444444444 0.1259150805270864
15 0.5541666666666667 0.17349926793557832 0.05648148148148148 0.1171303074670571
15 0.4439814814814815 0.3396778916544656 0.08796296296296297 0.1390922401171303
15 0.29768518518518516 0.35724743777452417 0.09074074074074075 0.13177159590043924
10 0.25324074074074077 0.4538799414348463 0.07222222222222222 0.10102489019033675
10 0.35138888888888886 0.1493411420204978 0.03981481481481482 0.07027818448023426
10 0.5462962962962963 0.22767203513909223 0.06388888888888888 0.10102489019033675
10 0.6092592592592593 0.6288433382137628 0.0962962962962963 0.10102489019033675
10 0.4074074074074074 0.6200585651537335 0.053703703703703705 0.11859443631039532
10 0.5685185185185185 0.40922401171303074 0.07592592592592592 0.09077598828696926
10 0.3787037037037037 0.48535871156661786 0.08981481481481482 0.15226939970717424
15 0.5060185185185185 0.5739385065885798 0.10648148148148148 0.15373352855051245