14 0.5 0.5 1 1
15 0.19814814814814816 0.16898148148148148 0.11296296296296296 0.13148148148148148
15 0.07407407407407407 0.37083333333333335 0.1425925925925926 0.09074074074074075
15 0.1550925925925926 0.6027777777777777 0.14074074074074075 0.12962962962962962
15 0.3138888888888889 0.5064814814814815 0.12222222222222222 0.12222222222222222
15 0.36574074074074076 0.2351851851851852 0.12777777777777777 0.1111111111111111
15 0.5217592592592593 0.24768518518518517 0.1 0.0962962962962963
15 0.6648148148148149 0.1597222222222222 0.08703703703703704 0.10185185185185185
15 0.8949074074074074 0.3125 0.10277777777777777 0.09166666666666666
15 0.9009259259259259 0.49027777777777776 0.14537037037037037 0.17314814814814813
15 0.9004629629629629 0.7032407407407407 0.11296296296296296 0.15648148148148147
15 0.6481481481481481 0.5236111111111111 0.12314814814814815 0.14907407407407408
15 0.663425925925926 0.37824074074074077 0.09074074074074075 0.12222222222222222
15 0.5046296296296297 0.4074074074074074 0.10833333333333334 0.11481481481481481
15 0.2861111111111111 0.8092592592592592 0.14166666666666666 0.14351851851851852
15 0.6462962962962963 0.9074074074074074 0.17777777777777778 0.1398148148148148
4 0.687037037037037 0.07962962962962963 0.07037037037037037 0.05277777777777778
4 0.5018518518518519 0.11064814814814815 0.11018518518518519 0.075
4 0.3162037037037037 0.10648148148148148 0.08981481481481482 0.09814814814814815
4 0.2810185185185185 0.27870370370370373 0.1685185185185185 0.10185185185185185
4 0.4166666666666667 0.31851851851851853 0.0712962962962963 0.06759259259259259
4 0.27685185185185185 0.39351851851851855 0.09351851851851851 0.06018518518518518
4 0.19212962962962962 0.3861111111111111 0.058333333333333334 0.09814814814814815
4 0.10324074074074074 0.562962962962963 0.13703703703703704 0.15833333333333333
4 0.4777777777777778 0.5402777777777777 0.15 0.16944444444444445
4 0.3435185185185185 0.6611111111111111 0.11851851851851852 0.10925925925925926
4 0.2111111111111111 0.7337962962962963 0.10925925925925926 0.11481481481481481
4 0.5555555555555556 0.7263888888888889 0.10648148148148148 0.10092592592592593
4 0.7430555555555556 0.6666666666666666 0.13703703703703704 0.1111111111111111
4 0.7282407407407407 0.7935185185185185 0.1175925925925926 0.11203703703703703
4 0.4703703703703704 0.9027777777777778 0.125 0.15
4 0.9592592592592593 0.6958333333333333 0.07314814814814814 0.14907407407407408
4 0.7699074074074074 0.40046296296296297 0.11296296296296296 0.13055555555555556
4 0.7953703703703704 0.2652777777777778 0.10740740740740741 0.10277777777777777
4 0.5958333333333333 0.2902777777777778 0.075 0.07222222222222222
4 0.5773148148148148 0.36666666666666664 0.003703703703703704 0.007407407407407408