14 0.5 0.507712962962963 1 0.7870370370370371
11 0.8106481481481481 0.6303518518518518 0.15072222222222223 0.07465740740740741
11 0.9029166666666667 0.4993518518518518 0.13240740740740742 0.08874074074074075
11 0.72825 0.4338518518518519 0.11550925925925926 0.07606481481481482
11 0.6183796296296297 0.42047222222222225 0.10705555555555556 0.08028703703703703
11 0.6000648148148149 0.5880925925925926 0.11832407407407408 0.09719444444444444
11 0.7233148148148147 0.5500555555555555 0.11691666666666667 0.08592592592592592
11 0.37187037037037035 0.7212037037037037 0.14931481481481482 0.10141666666666667
11 0.3859537037037037 0.5683703703703704 0.11832407407407408 0.10000925925925927
11 0.08311111111111112 0.5873888888888888 0.1380462962962963 0.09297222222222222
11 0.06268518518518519 0.3915925925925926 0.1253611111111111 0.05915740740740741
11 0.27961111111111114 0.4408888888888889 0.1957962962962963 0.09578703703703705
11 0.47611111111111115 0.4218796296296296 0.09860185185185184 0.11973148148148148
11 0.7366944444444444 0.31975 0.09297222222222222 0.05352777777777778
11 0.8310740740740741 0.2598888888888889 0.08451851851851852 0.06901851851851852
11 0.7289537037037037 0.22185185185185186 0.09437962962962963 0.09437962962962963
11 0.31200925925925926 0.1781851851851852 0.07465740740740741 0.05212037037037037
11 0.4669537037037037 0.16199074074074074 0.09155555555555556 0.0647962962962963
11 0.4585 0.24016666666666667 0.08592592592592592 0.04085185185185185
11 0.2141111111111111 0.20917592592592593 0.09014814814814814 0.06338888888888888
11 0.0824074074074074 0.2676388888888889 0.10282407407407407 0.0647962962962963
11 0.18803703703703706 0.3550185185185185 0.1125462962962963 0.06222222222222223
8 0.21869444444444444 0.6232222222222222 0.09264814814814815 0.07217592592592594
8 0.2077037037037037 0.5122314814814816 0.11595370370370371 0.0652962962962963
8 0.05628703703703704 0.3568703703703704 0.11032407407407407 0.04502777777777778
8 0.29438888888888887 0.26287037037037037 0.07317592592592592 0.07317592592592592
8 0.17505555555555555 0.23191666666666666 0.09794444444444445 0.05853703703703703
8 0.40190740740740744 0.1987037037037037 0.06079629629629629 0.11595370370370371
8 0.5628888888888889 0.17450000000000002 0.08330555555555555 0.05628703703703704
8 0.7874907407407408 0.24429629629629626 0.037148148148148145 0.04052777777777778
8 0.6872962962962963 0.2465462962962963 0.06642592592592592 0.04277777777777778
8 0.6191851851851852 0.27750925925925923 0.0720462962962963 0.04615740740740741
8 0.8728981481481481 0.34955555555555556 0.11791666666666666 0.06416666666666666
8 0.7714351851851852 0.5375648148148149 0.09794444444444445 0.07542592592592592
8 0.6447777777777778 0.6901111111111111 0.15986111111111112 0.09681481481481481
8 0.6487222222222222 0.49140740740740746 0.07767592592592593 0.037148148148148145
8 0.46071296296296294 0.41203703703703703 0.05516666666666666 0.04502777777777778
12 0.1811111111111111 0.2886388888888889 0.06037037037037037 0.03962037037037037
12 0.3192962962962963 0.2301574074074074 0.04811111111111111 0.037731481481481484
12 0.3145833333333333 0.30797222222222226 0.08395370370370371 0.05376851851851852
12 0.49144444444444446 0.20421296296296299 0.03584259259259259 0.07074074074074074
12 0.44003703703703706 0.3843796296296296 0.044333333333333336 0.05187962962962963
12 0.2598703703703704 0.5565277777777777 0.09715740740740741 0.02263888888888889
12 0.2891111111111111 0.5225740740740741 0.07451851851851853 0.04527777777777778
12 0.12356481481481481 0.506537037037037 0.09432407407407407 0.08300925925925927
12 0.1612962962962963 0.37683333333333335 0.06413888888888888 0.06319444444444444
12 0.13299999999999998 0.7465925925925926 0.06037037037037037 0.044333333333333336
12 0.4353148148148148 0.6937685185185185 0.19525925925925924 0.07828703703703703
12 0.45135185185185184 0.5805833333333333 0.03489814814814814 0.13299999999999998
12 0.508888888888889 0.5239814814814815 0.05942592592592593 0.09337962962962962
12 0.6135925925925926 0.5301203703703703 0.10847222222222223 0.09244444444444445
12 0.8696944444444444 0.5772777777777778 0.10564814814814814 0.05471296296296296
12 0.9045925925925926 0.4060740740740741 0.08677777777777777 0.08206481481481481
8 0.8333796296296296 0.4636111111111111 0.08395370370370371 0.03489814814814814
8 0.35353703703703704 0.37760185185185186 0.09473148148148149 0.05397222222222222
8 0.4807129629629629 0.3189444444444444 0.030555555555555555 0.06259259259259259
11 0.5625092592592592 0.30906481481481485 0.07934259259259259 0.05024074074074074
11 0.4294722222222222 0.33469444444444446 0.07623148148148148 0.05333333333333334
11 0.37205555555555553 0.2902314814814815 0.08732407407407408 0.031092592592592592
8 0.36897222222222226 0.3137037037037037 0.05892592592592592 0.048388888888888884
8 0.3760740740740741 0.6199351851851852 0.07683333333333334 0.046046296296296294
8 0.3930462962962963 0.49584259259259256 0.08486111111111112 0.07933333333333334
11 0.0927037037037037 0.46620370370370373 0.12491666666666666 0.04968518518518518