14 0.5 0.5078703703703704 1 0.7870370370370371
11 0.8106481481481481 0.6305555555555555 0.15092592592592594 0.075
11 0.9027777777777778 0.49953703703703706 0.13240740740740742 0.08888888888888889
11 0.7282407407407407 0.4337962962962963 0.11574074074074074 0.07685185185185185
11 0.6185185185185185 0.4203703703703704 0.10740740740740741 0.07962962962962963
11 0.6 0.5879629629629629 0.11851851851851852 0.09722222222222222
11 0.7231481481481481 0.55 0.11666666666666667 0.08518518518518518
11 0.37175925925925923 0.7212962962962963 0.14907407407407408 0.10185185185185185
11 0.3861111111111111 0.5685185185185185 0.11851851851851852 0.1
11 0.08333333333333333 0.5875 0.13796296296296295 0.09351851851851851
11 0.0625 0.39166666666666666 0.125 0.05925925925925926
11 0.2796296296296296 0.44074074074074077 0.1962962962962963 0.0962962962962963
11 0.4759259259259259 0.4217592592592593 0.09814814814814815 0.11944444444444445
11 0.736574074074074 0.3199074074074074 0.09351851851851851 0.053703703703703705
11 0.8310185185185185 0.25972222222222224 0.08425925925925926 0.06944444444444445
11 0.7291666666666666 0.22175925925925927 0.09444444444444444 0.09444444444444444
11 0.31203703703703706 0.17824074074074073 0.07407407407407407 0.05277777777777778
11 0.4671296296296296 0.16203703703703703 0.09166666666666666 0.06481481481481481
11 0.4583333333333333 0.24027777777777778 0.08611111111111111 0.040740740740740744
11 0.21388888888888888 0.20925925925925926 0.08981481481481482 0.06296296296296296
11 0.0824074074074074 0.2675925925925926 0.1037037037037037 0.06481481481481481
11 0.18796296296296297 0.35509259259259257 0.11296296296296296 0.062037037037037036
8 0.21851851851851853 0.6231481481481481 0.09259259259259259 0.07222222222222222
8 0.20787037037037037 0.5120370370370371 0.11574074074074074 0.06481481481481481
8 0.05648148148148148 0.35694444444444445 0.11018518518518519 0.04537037037037037
8 0.29444444444444445 0.26296296296296295 0.07314814814814814 0.07314814814814814
8 0.175 0.23194444444444445 0.09814814814814815 0.058333333333333334
8 0.40185185185185185 0.1986111111111111 0.06111111111111111 0.11574074074074074
8 0.562962962962963 0.17453703703703705 0.08333333333333333 0.05648148148148148
8 0.7875 0.24444444444444444 0.03796296296296296 0.040740740740740744
8 0.6875 0.24675925925925926 0.06666666666666667 0.04259259259259259
8 0.6189814814814815 0.2773148148148148 0.07222222222222222 0.046296296296296294
8 0.8726851851851852 0.34953703703703703 0.1175925925925926 0.06388888888888888
8 0.7712962962962963 0.5375 0.09814814814814815 0.075
8 0.6449074074074074 0.6902777777777778 0.16018518518518518 0.09722222222222222
8 0.6486111111111111 0.4912037037037037 0.07777777777777778 0.037037037037037035
8 0.46064814814814814 0.41203703703703703 0.05462962962962963 0.044444444444444446
12 0.18101851851851852 0.2884259259259259 0.06018518518518518 0.03981481481481482
12 0.3194444444444444 0.2300925925925926 0.04814814814814815 0.03796296296296296
12 0.3148148148148148 0.30787037037037035 0.08425925925925926 0.053703703703703705
12 0.49166666666666664 0.20416666666666666 0.03611111111111111 0.0712962962962963
12 0.4398148148148148 0.38425925925925924 0.044444444444444446 0.05185185185185185
12 0.25972222222222224 0.5564814814814815 0.09722222222222222 0.022222222222222223
12 0.28888888888888886 0.5226851851851851 0.07407407407407407 0.04537037037037037
12 0.12361111111111112 0.5064814814814815 0.09351851851851851 0.08333333333333333
12 0.16111111111111112 0.3768518518518518 0.06388888888888888 0.06296296296296296
12 0.13287037037037036 0.7467592592592592 0.06018518518518518 0.044444444444444446
12 0.4351851851851852 0.6939814814814815 0.19537037037037036 0.0787037037037037
12 0.4513888888888889 0.5805555555555556 0.03425925925925926 0.13333333333333333
12 0.5087962962962963 0.524074074074074 0.05925925925925926 0.09351851851851851
12 0.6134259259259259 0.5300925925925926 0.10833333333333334 0.09166666666666666
12 0.8699074074074075 0.5773148148148148 0.10555555555555556 0.05462962962962963
12 0.9046296296296297 0.4060185185185185 0.08703703703703704 0.0824074074074074
8 0.8333333333333334 0.4634259259259259 0.08333333333333333 0.03518518518518519
8 0.3537037037037037 0.37777777777777777 0.09444444444444444 0.053703703703703705
8 0.48055555555555557 0.3189814814814815 0.030555555555555555 0.062037037037037036
11 0.5625 0.30925925925925923 0.0787037037037037 0.05
11 0.42962962962962964 0.3347222222222222 0.07592592592592592 0.05277777777777778
11 0.37222222222222223 0.2902777777777778 0.08703703703703704 0.030555555555555555
8 0.36898148148148147 0.3138888888888889 0.058333333333333334 0.04814814814814815
8 0.37592592592592594 0.6199074074074075 0.07685185185185185 0.04537037037037037
8 0.39305555555555555 0.49583333333333335 0.08425925925925926 0.0787037037037037
11 0.09259259259259259 0.46620370370370373 0.125 0.049074074074074076