14 0.5046296296296297 0.4969166666666666 0.9907407407407407 0.9135833333333333
11 0.5750462962962962 0.8585648148148148 0.07191666666666667 0.0731111111111111
11 0.7141481481481481 0.8082962962962963 0.07062037037037036 0.07669444444444444
11 0.33144444444444443 0.808675925925926 0.07669444444444444 0.11389814814814815
11 0.42598148148148146 0.7995648148148148 0.07441666666666667 0.07593518518518519
11 0.21412962962962961 0.7843796296296296 0.07289814814814816 0.0683425925925926
11 0.14199074074074072 0.7031388888888889 0.07137962962962963 0.06530555555555556
11 0.2509537037037037 0.631 0.06302777777777777 0.06226851851851852
11 0.25475 0.5550648148148148 0.06910185185185184 0.06075
11 0.3690277777777778 0.6025277777777778 0.0683425925925926 0.061509259259259264
11 0.09947222222222223 0.6059444444444444 0.07137962962962963 0.06226851851851852
11 0.09377777777777778 0.5258333333333333 0.07213888888888889 0.04935185185185185
11 0.12756481481481483 0.34814814814814815 0.05771296296296296 0.058472222222222224
11 0.20198148148148146 0.34814814814814815 0.06075 0.055435185185185185
11 0.21792592592592594 0.4555925925925926 0.05771296296296296 0.053148148148148146
11 0.2729814814814815 0.4312962962962963 0.04175925925925926 0.06075
11 0.2896851851851852 0.5091296296296296 0.061509259259259264 0.05087037037037037
11 0.3720648148148148 0.4096574074074074 0.1169351851851852 0.07973148148148149
11 0.291962962962963 0.3458703703703704 0.04935185185185185 0.04783333333333333
11 0.24525925925925926 0.24032407407407408 0.06075 0.04783333333333333
11 0.3196759259259259 0.2733611111111111 0.07441666666666667 0.07137962962962963
11 0.48292592592592587 0.37130555555555556 0.06075 0.053148148148148146
11 0.2558888888888889 0.1609722222222222 0.05771296296296296 0.05162962962962963
11 0.43395370370370373 0.1298425925925926 0.10706481481481481 0.05162962962962963
11 0.5307685185185186 0.1909722222222222 0.06530555555555556 0.10099074074074073
11 0.5410185185185185 0.10782407407407407 0.04783333333333333 0.05162962962962963
11 0.6385925925925926 0.17502777777777778 0.09567592592592593 0.1283240740740741
11 0.5717685185185185 0.291962962962963 0.10326851851851852 0.09187962962962963
11 0.7071018518518518 0.3113240740740741 0.1066388888888889 0.09112037037037037
11 0.7945925925925925 0.2114722222222222 0.05923148148148148 0.046314814814814816
11 0.8551944444444445 0.3348611111111111 0.1045 0.09871296296296296
11 0.5539814814814814 0.4043425925925926 0.05087037037037037 0.05238888888888889
11 0.5239814814814815 0.50875 0.07441666666666667 0.06075
11 0.6124444444444445 0.4840648148148148 0.07973148148148149 0.04327777777777778
11 0.71875 0.5197592592592593 0.06910185185185184 0.06910185185185184
11 0.8026574074074074 0.4673611111111111 0.06226851851851852 0.055435185185185185
11 0.8565648148148148 0.5243148148148148 0.06378703703703703 0.061509259259259264
11 0.9093425925925926 0.47229629629629627 0.0645462962962963 0.06075
11 0.5517777777777777 0.5800462962962963 0.07122222222222223 0.0646111111111111
11 0.4647685185185185 0.5671944444444444 0.0675462962962963 0.07268518518518519
11 0.8278425925925926 0.5884814814814814 0.06828703703703703 0.06094444444444444
11 0.8359259259259259 0.6553055555555556 0.08297222222222222 0.059472222222222225
11 0.8216018518518519 0.7507499999999999 0.07636111111111112 0.07415740740740741
11 0.6956851851851852 0.6262962962962962 0.0770925925925926 0.06314814814814815
11 0.6707222222222222 0.693111111111111 0.06534259259259259 0.05874074074074074
11 0.5987685185185185 0.6978888888888889 0.06681481481481481 0.06387962962962962
11 0.5319537037037037 0.676962962962963 0.06534259259259259 0.061675925925925926
11 0.4673333333333334 0.6960462962962963 0.07268518518518519 0.0675462962962963
4 0.34952777777777777 0.6952685185185185 0.10522222222222222 0.08560185185185186
4 0.38533333333333336 0.49399074074074073 0.06572222222222222 0.08303703703703705
4 0.4007685185185185 0.18898148148148147 0.14845370370370373 0.050805555555555555
4 0.6625277777777777 0.4140277777777778 0.1164074074074074 0.06015740740740741
4 0.6193055555555556 0.5989537037037037 0.05219444444444444 0.12260185185185185
4 0.7668518518518519 0.6613240740740741 0.036175925925925924 0.1880740740740741
4 0.5652962962962963 0.760712962962963 0.2071388888888889 0.060925925925925925
4 0.47638888888888886 0.4307037037037037 0.08117592592592593 0.06387037037037037
4 0.13962037037037037 0.4393425925925926 0.09282407407407407 0.07375925925925926
4 0.18222222222222223 0.5859907407407408 0.07431481481481482 0.1633425925925926
11 0.43780555555555556 0.27541666666666664 0.07437962962962963 0.06072222222222222
11 0.49429629629629634 0.26738888888888884 0.04290740740740741 0.0446574074074074
11 0.6616018518518518 0.2593611111111111 0.059 0.03601851851851852
11 0.7387685185185185 0.3970462962962963 0.057777777777777775 0.03730555555555556
11 0.7421666666666666 0.4464444444444445 0.060870370370370366 0.054620370370370375
11 0.6378333333333334 0.5696203703703704 0.05961111111111111 0.038