14 0.5 0.6081481481481481 1 0.7837037037037037
14 0.4930555555555556 0.11407407407407408 0.6657407407407407 0.22814814814814816
12 0.4375 0.46555555555555556 0.1814814814814815 0.11703703703703704
12 0.7236111111111111 0.47333333333333333 0.19907407407407407 0.13777777777777778
12 0.5995370370370371 0.7066666666666667 0.1814814814814815 0.12962962962962962
12 0.5328703703703703 0.6359259259259259 0.10277777777777777 0.05925925925925926
12 0.5361111111111111 0.5725925925925925 0.10555555555555556 0.07037037037037037
12 0.4009259259259259 0.6122222222222222 0.11666666666666667 0.11037037037037037
12 0.27546296296296297 0.6522222222222223 0.10185185185185185 0.09407407407407407
2 0.7518518518518519 0.6181481481481481 0.3074074074074074 0.17407407407407408
2 0.20277777777777778 0.6029629629629629 0.1935185185185185 0.11333333333333333
2 0.22268518518518518 0.5088888888888888 0.14166666666666666 0.10518518518518519
2 0.25092592592592594 0.7688888888888888 0.15555555555555556 0.15481481481481482
2 0.7564814814814815 0.8348148148148148 0.11388888888888889 0.17333333333333334
2 0.1300925925925926 0.8048148148148148 0.13240740740740742 0.13925925925925925
12 0.38055555555555554 0.9077777777777778 0.42777777777777776 0.18444444444444444
7 0.43657407407407406 0.11037037037037037 0.09444444444444444 0.03259259259259259
7 0.575 0.037037037037037035 0.04259259259259259 0.035555555555555556
4 0.4976851851851852 0.04 0.03333333333333333 0.025925925925925925
4 0.4351851851851852 0.09111111111111111 0.07222222222222222 0.035555555555555556
4 0.6134259259259259 0.03481481481481481 0.04722222222222222 0.034074074074074076
4 0.40694444444444444 0.7522222222222222 0.18055555555555555 0.1237037037037037
4 0.6625 0.8696296296296296 0.18333333333333332 0.18962962962962962
4 0.8074074074074075 0.7211111111111111 0.2212962962962963 0.10666666666666667
4 0.5666666666666667 0.5111111111111111 0.15092592592592594 0.07851851851851852