14 0.5 0.5039800995024876 1 0.9920398009950249
4 0.5842592592592593 0.3736318407960199 0.2824074074074074 0.2855721393034826
4 0.5208333333333334 0.5303482587064676 0.14166666666666666 0.1472636815920398
4 0.763425925925926 0.6855721393034826 0.26666666666666666 0.3502487562189055
4 0.5907407407407408 0.7243781094527363 0.12407407407407407 0.13532338308457711
4 0.5189814814814815 0.8771144278606965 0.10925925925925926 0.14925373134328357
4 0.65 0.9228855721393034 0.24074074074074073 0.15422885572139303
4 0.3939814814814815 0.9 0.1712962962962963 0.2
4 0.1787037037037037 0.7776119402985074 0.3574074074074074 0.31144278606965176
4 0.22314814814814815 0.6114427860696517 0.3537037037037037 0.22587064676616916
4 0.27870370370370373 0.4482587064676617 0.275 0.25870646766169153