14 0.5 0.5388046387154326 1 0.9223907225691347
2 0.7657407407407407 0.6150758251561106 0.12129629629629629 0.09455842997323818
2 0.7412037037037037 0.4241748438893845 0.10462962962962963 0.08563782337198929
2 0.6425925925925926 0.4152542372881356 0.10925925925925926 0.0704727921498662
2 0.5476851851851852 0.4366636931311329 0.08981481481481482 0.06601248884924175
2 0.5361111111111111 0.8398751115075825 0.1037037037037037 0.13648528099910795
2 0.2708333333333333 0.6115075825156111 0.12037037037037036 0.11864406779661017
2 0.4013888888888889 0.46030330062444247 0.09907407407407408 0.10615521855486174
2 0.29259259259259257 0.2925958965209634 0.19722222222222222 0.15254237288135594
2 0.5578703703703703 0.3416592328278323 0.09259259259259259 0.0695807314897413
2 0.32685185185185184 0.46297948260481714 0.030555555555555555 0.07225691347011597
4 0.7708333333333334 0.5214094558429974 0.14814814814814814 0.10437109723461195
4 0.5115740740740741 0.5249776984834968 0.13518518518518519 0.11507582515611062
4 0.5907407407407408 0.695807314897413 0.13703703703703704 0.14183764495985726
4 0.3277777777777778 0.6619090098126673 0.13333333333333333 0.14986619090098127
4 0.31527777777777777 0.3862622658340767 0.2064814814814815 0.1391614629794826
4 0.5907407407407408 0.3264942016057092 0.19444444444444445 0.17752007136485282