14 0.5 0.5594736842105262 1 0.8810526315789473
2 0.7753148148148148 0.5924174843889385 0.11406481481481481 0.08586083853702052
2 0.7334259259259259 0.40438893844781443 0.09802777777777778 0.07727029438001784
2 0.6345092592592593 0.40353256021409456 0.10337962962962964 0.06181980374665477
2 0.5418240740740741 0.4327207850133809 0.08555555555555557 0.05838537020517395
2 0.5667777777777778 0.8353880463871544 0.09268518518518518 0.12878679750223015
2 0.2816111111111111 0.6301873327386263 0.1105 0.10989295272078502
2 0.3983518518518519 0.4687778768956289 0.09089814814814814 0.09959857270294381
2 0.2744814814814815 0.31080285459411244 0.18536111111111112 0.13736842105263158
2 0.5432777777777777 0.33735950044603036 0.08710185185185185 0.06272078501338091
2 0.3242129629629629 0.477636039250669 0.023759259259259258 0.07035682426404996
4 0.7715648148148148 0.4985727029438002 0.1405 0.09249776984834969
4 0.5139907407407408 0.5239518287243533 0.12644444444444444 0.10490633363068688
4 0.6082407407407407 0.6875111507582516 0.1252777777777778 0.131971454058876
4 0.3430462962962963 0.6756735057983942 0.12176851851851851 0.13987511150758253
4 0.3055833333333333 0.4021320249776985 0.19669444444444445 0.12295272078501339
4 0.5745555555555555 0.31948260481712754 0.18121296296296296 0.16320249776984833