14 0.48055555555555557 0.5078703703703704 0.9231481481481482 0.9592592592592593
9 0.1986111111111111 0.49398148148148147 0.06018518518518518 0.05648148148148148
9 0.27685185185185185 0.48842592592592593 0.06574074074074074 0.04259259259259259
9 0.2263888888888889 0.5398148148148149 0.05925925925925926 0.05277777777777778
9 0.29953703703703705 0.5277777777777778 0.062037037037037036 0.05
9 0.4060185185185185 0.3638888888888889 0.05092592592592592 0.046296296296296294
9 0.5435185185185185 0.31157407407407406 0.049074074074074076 0.062037037037037036
9 0.49212962962962964 0.26990740740740743 0.03796296296296296 0.05277777777777778
9 0.4652777777777778 0.40555555555555556 0.04722222222222222 0.05
9 0.6435185185185185 0.36527777777777776 0.044444444444444446 0.05
9 0.6967592592592593 0.3939814814814815 0.046296296296296294 0.058333333333333334
9 0.6486111111111111 0.4671296296296296 0.05277777777777778 0.04351851851851852
9 0.6435185185185185 0.5208333333333334 0.044444444444444446 0.05277777777777778
9 0.7157407407407408 0.49583333333333335 0.05648148148148148 0.04537037037037037
9 0.7018518518518518 0.6050925925925926 0.053703703703703705 0.05092592592592592
9 0.7703703703703704 0.6023148148148149 0.05462962962962963 0.04722222222222222
9 0.625 0.6365740740740741 0.053703703703703705 0.049074074074074076
9 0.3523148148148148 0.7046296296296296 0.06111111111111111 0.06759259259259259
9 0.43657407407407406 0.7078703703703704 0.05092592592592592 0.0824074074074074
9 0.3912037037037037 0.7893518518518519 0.053703703703703705 0.06111111111111111
9 0.37962962962962965 0.5055555555555555 0.09074074074074075 0.05277777777777778
9 0.34629629629629627 0.5643518518518519 0.03981481481481482 0.04814814814814815
9 0.3365740740740741 0.6347222222222222 0.05277777777777778 0.05740740740740741
4 0.6916666666666667 0.7449074074074075 0.12407407407407407 0.14444444444444443
4 0.5736111111111111 0.512962962962963 0.12962962962962962 0.17314814814814813
4 0.649537037037037 0.2652777777777778 0.11018518518518519 0.10833333333333334
4 0.425 0.2902777777777778 0.11203703703703703 0.09259259259259259
4 0.25601851851851853 0.35694444444444445 0.10925925925925926 0.09351851851851851
4 0.412962962962963 0.45601851851851855 0.0962962962962963 0.13148148148148148
4 0.25555555555555554 0.6430555555555556 0.09166666666666666 0.11574074074074074
4 0.5208333333333334 0.6694444444444444 0.11203703703703703 0.11388888888888889
4 0.36203703703703705 0.5939814814814814 0.14444444444444443 0.06018518518518518
4 0.500462962962963 0.7671296296296296 0.062037037037037036 0.06944444444444445