14 0.5 0.5 1 1
12 0.4685185185185185 0.7333333333333333 0.22407407407407406 0.2601851851851852
12 0.6083333333333333 0.49537037037037035 0.14722222222222223 0.14351851851851852
12 0.799537037037037 0.4444444444444444 0.08796296296296297 0.13796296296296295
12 0.5314814814814814 0.3111111111111111 0.11296296296296296 0.0824074074074074
12 0.6722222222222223 0.24212962962962964 0.1 0.11944444444444445
12 0.25555555555555554 0.7351851851851852 0.12129629629629629 0.13333333333333333
12 0.4486111111111111 0.37453703703703706 0.07037037037037037 0.062037037037037036
12 0.2962962962962963 0.2361111111111111 0.18611111111111112 0.12037037037037036
12 0.30648148148148147 0.1875 0.0962962962962963 0.08796296296296297
9 0.7296296296296296 0.7569444444444444 0.06481481481481481 0.06666666666666667