14 0.5 0.5 1 1
12 0.54375 0.8016216216216216 0.121875 0.12324324324324325
12 0.6328125 0.5724324324324325 0.11979166666666667 0.10486486486486486
12 0.7442708333333333 0.6227027027027027 0.128125 0.1264864864864865
12 0.4953125 0.5848648648648649 0.146875 0.14486486486486486
12 0.703125 0.267027027027027 0.1375 0.1254054054054054
12 0.6645833333333333 0.4481081081081081 0.128125 0.13297297297297297
12 0.44114583333333335 0.31675675675675674 0.11041666666666666 0.09513513513513513
12 0.5390625 0.33837837837837836 0.10520833333333333 0.09621621621621622
12 0.5130208333333334 0.21351351351351353 0.12291666666666666 0.10270270270270271
12 0.65 0.1437837837837838 0.10416666666666667 0.09621621621621622
12 0.303125 0.4291891891891892 0.12604166666666666 0.1264864864864865
12 0.334375 0.5324324324324324 0.12708333333333333 0.11567567567567567
12 0.2515625 0.7135135135135136 0.17604166666666668 0.14486486486486486
12 0.07447916666666667 0.5816216216216217 0.140625 0.14594594594594595
12 0.20260416666666667 0.2616216216216216 0.128125 0.11135135135135135
10 0.7880208333333333 0.40702702702702703 0.1125 0.1362162162162162
10 0.859375 0.4789189189189189 0.08854166666666667 0.10270270270270271
10 0.7479166666666667 0.48324324324324325 0.09791666666666667 0.14162162162162162
10 0.5994791666666667 0.6664864864864865 0.21770833333333334 0.18486486486486486
10 0.6515625 0.8151351351351351 0.23645833333333333 0.1318918918918919
10 0.19010416666666666 0.37945945945945947 0.21354166666666666 0.10378378378378378
10 0.23229166666666667 0.5945945945945946 0.14166666666666666 0.14702702702702702
10 0.4296875 0.74 0.146875 0.25405405405405407
10 0.4166666666666667 0.37027027027027026 0.15520833333333334 0.12432432432432433
10 0.5229166666666667 0.41621621621621624 0.18333333333333332 0.10918918918918918
10 0.5880208333333333 0.4908108108108108 0.11979166666666667 0.08972972972972973
10 0.503125 0.2508108108108108 0.14895833333333333 0.08108108108108109
10 0.5869791666666667 0.17135135135135135 0.08229166666666667 0.0745945945945946
10 0.6078125 0.2454054054054054 0.10729166666666666 0.06486486486486487