14 0.5 0.5 1 1
11 0.5115740740740741 0.8662037037037037 0.08333333333333333 0.08425925925925926
11 0.6574074074074074 0.8407407407407408 0.0824074074074074 0.08703703703703704
11 0.28055555555555556 0.774537037037037 0.09444444444444444 0.125
11 0.375 0.7819444444444444 0.08611111111111111 0.08796296296296297
11 0.16898148148148148 0.7305555555555555 0.08425925925925926 0.08055555555555556
11 0.11203703703703703 0.637962962962963 0.08148148148148149 0.07685185185185185
11 0.23194444444444445 0.5856481481481481 0.07314814814814814 0.07222222222222222
11 0.2490740740740741 0.5115740740740741 0.07777777777777778 0.0712962962962963
11 0.35324074074074074 0.5782407407407407 0.07777777777777778 0.07222222222222222
11 0.08703703703703704 0.5347222222222222 0.08055555555555556 0.07314814814814814
11 0.09537037037037037 0.4550925925925926 0.07962962962962963 0.062037037037037036
11 0.1597222222222222 0.28564814814814815 0.06666666666666667 0.06851851851851852
11 0.23287037037037037 0.2986111111111111 0.06944444444444445 0.06574074074074074
11 0.2300925925925926 0.4074074074074074 0.06666666666666667 0.06296296296296296
11 0.2884259259259259 0.39305555555555555 0.05185185185185185 0.06759259259259259
11 0.2912037037037037 0.4726851851851852 0.06944444444444445 0.06111111111111111
11 0.38981481481481484 0.3888888888888889 0.1287037037037037 0.09907407407407408
11 0.32175925925925924 0.31203703703703706 0.05648148148148148 0.05555555555555555
11 0.29444444444444445 0.2 0.06851851851851852 0.05740740740740741
11 0.36157407407407405 0.24537037037037038 0.08518518518518518 0.08333333333333333
11 0.5055555555555555 0.37037037037037035 0.06851851851851852 0.06296296296296296
11 0.31851851851851853 0.12361111111111112 0.06666666666666667 0.06111111111111111
11 0.49907407407407406 0.12407407407407407 0.11388888888888889 0.06944444444444445
11 0.5837962962962963 0.20092592592592592 0.08148148148148149 0.1111111111111111
11 0.6083333333333333 0.12083333333333333 0.05648148148148148 0.058333333333333334
11 0.6930555555555555 0.20416666666666666 0.11666666666666667 0.1425925925925926
11 0.6069444444444444 0.3074074074074074 0.1175925925925926 0.10833333333333334
11 0.736574074074074 0.35 0.12037037037037036 0.10833333333333334
11 0.8402777777777778 0.2671296296296296 0.06666666666666667 0.05555555555555555
11 0.8787037037037037 0.3990740740740741 0.12037037037037036 0.11574074074074074
11 0.5699074074074074 0.4152777777777778 0.05925925925925926 0.06111111111111111
11 0.5222222222222223 0.512962962962963 0.08333333333333333 0.07222222222222222
11 0.6134259259259259 0.5037037037037037 0.08611111111111111 0.05648148148148148
11 0.712037037037037 0.5574074074074075 0.08055555555555556 0.08055555555555556
11 0.8037037037037037 0.5203703703703704 0.07037037037037037 0.06574074074074074
11 0.8467592592592592 0.5856481481481481 0.07314814814814814 0.0712962962962963
11 0.9078703703703703 0.5439814814814815 0.07407407407407407 0.0712962962962963
11 0.5370370370370371 0.5879629629629629 0.08148148148148149 0.07592592592592592
11 0.4537037037037037 0.5601851851851852 0.07962962962962963 0.08333333333333333
11 0.8074074074074075 0.6439814814814815 0.07777777777777778 0.0712962962962963
11 0.8037037037037037 0.7111111111111111 0.09259259259259259 0.07314814814814814
11 0.7731481481481481 0.8027777777777778 0.08888888888888889 0.08611111111111111
11 0.6708333333333333 0.6583333333333333 0.08703703703703704 0.075
11 0.6347222222222222 0.7199074074074074 0.075 0.06851851851851852
11 0.562962962962963 0.712037037037037 0.07685185185185185 0.07407407407407407
11 0.5009259259259259 0.6796296296296296 0.075 0.0712962962962963
11 0.4337962962962963 0.6875 0.08333333333333333 0.07962962962962963
4 0.31805555555555554 0.6662037037037037 0.1175925925925926 0.10185185185185185
4 0.38796296296296295 0.4740740740740741 0.0787037037037037 0.09259259259259259
4 0.4564814814814815 0.1763888888888889 0.15462962962962962 0.07592592592592592
4 0.675 0.44351851851851853 0.125 0.07962962962962963
4 0.600462962962963 0.6180555555555556 0.07222222222222222 0.12962962962962962
4 0.7347222222222223 0.7050925925925926 0.06851851851851852 0.19166666666666668
4 0.5189814814814815 0.7680555555555556 0.21388888888888888 0.09537037037037037
4 0.4888888888888889 0.42777777777777776 0.09074074074074075 0.07685185185185185
4 0.15555555555555556 0.37777777777777777 0.1037037037037037 0.08796296296296297
4 0.17222222222222222 0.5296296296296297 0.10092592592592593 0.17314814814814813
11 0.4777777777777778 0.26805555555555555 0.08333333333333333 0.07222222222222222
11 0.5347222222222222 0.26990740740740743 0.05 0.05092592592592592
11 0.700925925925926 0.2912037037037037 0.06388888888888888 0.04537037037037037
11 0.7532407407407408 0.44027777777777777 0.06296296296296296 0.046296296296296294
11 0.7476851851851852 0.48935185185185187 0.06851851851851852 0.06388888888888888
11 0.6236111111111111 0.5925925925925926 0.06481481481481481 0.04814814814814815