14 0.5 0.5 1 1
12 0.4979166666666667 0.8054054054054054 0.11041666666666666 0.11027027027027027
12 0.6203125 0.592972972972973 0.11145833333333334 0.09081081081081081
12 0.7229166666666667 0.6610810810810811 0.11666666666666667 0.11243243243243244
12 0.4828125 0.5832432432432433 0.13333333333333333 0.12972972972972974
12 0.7359375 0.3027027027027027 0.12708333333333333 0.10918918918918918
12 0.6708333333333333 0.4756756756756757 0.11458333333333333 0.12
12 0.46927083333333336 0.30972972972972973 0.10208333333333333 0.08216216216216216
12 0.5630208333333333 0.3464864864864865 0.096875 0.08432432432432432
12 0.55625 0.21891891891891893 0.115625 0.08756756756756756
12 0.7020833333333333 0.17297297297297298 0.09583333333333334 0.08540540540540541
12 0.31614583333333335 0.3978378378378378 0.11458333333333333 0.11243243243243244
12 0.33177083333333335 0.5048648648648648 0.11770833333333333 0.10054054054054054
12 0.22239583333333332 0.6702702702702703 0.165625 0.12324324324324325
12 0.06770833333333333 0.5113513513513513 0.12604166666666666 0.1308108108108108
12 0.2421875 0.21621621621621623 0.11875 0.09621621621621622
10 0.7984375 0.45513513513513515 0.09791666666666667 0.1264864864864865
10 0.8578125 0.5372972972972972 0.078125 0.09405405405405405
10 0.7473958333333334 0.5232432432432432 0.08125 0.13513513513513514
10 0.5729166666666666 0.6805405405405406 0.203125 0.1589189189189189
10 0.6020833333333333 0.8362162162162162 0.23333333333333334 0.0972972972972973
10 0.21197916666666666 0.3302702702702703 0.21354166666666666 0.07135135135135136
10 0.22135416666666666 0.5497297297297298 0.128125 0.13297297297297297
10 0.39427083333333335 0.725945945945946 0.11354166666666667 0.24756756756756756
10 0.4375 0.3583783783783784 0.14583333333333334 0.10486486486486486
10 0.5354166666666667 0.42108108108108105 0.18020833333333333 0.08324324324324324
10 0.5885416666666666 0.5054054054054054 0.11354166666666667 0.0745945945945946
10 0.540625 0.2545945945945946 0.14791666666666667 0.05945945945945946
10 0.6354166666666666 0.18972972972972973 0.07604166666666666 0.06594594594594595
10 0.6447916666666667 0.26594594594594595 0.10520833333333333 0.04972972972972973