14 0.5 0.5862388059701492 1 0.8275223880597015
4 0.5389907407407407 0.3500497512437811 0.22816666666666666 0.2147363184079602
4 0.529462962962963 0.5208855721393035 0.11344444444444444 0.11197014925373135
4 0.8065 0.5778606965174129 0.18091666666666664 0.3010945273631841
4 0.6565277777777777 0.6773631840796019 0.09598148148148147 0.10651741293532338
4 0.6380092592592592 0.8473830845771144 0.07128703703703704 0.1314726368159204
4 0.7892685185185185 0.8824975124378109 0.1947962962962963 0.17847761194029851
4 0.5281759259259259 0.9156716417910448 0.12630555555555556 0.16522388059701493
4 0.2722407407407407 0.8847064676616916 0.34592592592592597 0.19617910447761194
4 0.2753240740740741 0.7063880597014925 0.33975 0.10818905472636817
4 0.2758333333333333 0.5327761194029851 0.22965740740740742 0.18551243781094526