14 0.5 0.5 1 1
11 0.6300925925925925 0.8425925925925926 0.0824074074074074 0.08333333333333333
11 0.7597222222222222 0.7708333333333334 0.08148148148148149 0.08611111111111111
11 0.3819444444444444 0.8310185185185185 0.09259259259259259 0.12407407407407407
11 0.4736111111111111 0.8074074074074075 0.08518518518518518 0.08703703703703704
11 0.262037037037037 0.825462962962963 0.08333333333333333 0.0787037037037037
11 0.17824074074074073 0.7564814814814815 0.08055555555555556 0.07592592592592592
11 0.274537037037037 0.6685185185185185 0.07222222222222222 0.0712962962962963
11 0.2662037037037037 0.5925925925925926 0.07685185185185185 0.07037037037037037
11 0.38657407407407407 0.6217592592592592 0.07685185185185185 0.0712962962962963
11 0.12083333333333333 0.6671296296296296 0.08055555555555556 0.07222222222222222
11 0.10277777777777777 0.5888888888888889 0.0787037037037037 0.06018518518518518
11 0.10833333333333334 0.4083333333333333 0.06574074074074074 0.06759259259259259
11 0.18194444444444444 0.39675925925925926 0.06851851851851852 0.06481481481481481
11 0.21435185185185185 0.500462962962963 0.06574074074074074 0.062037037037037036
11 0.26481481481481484 0.4675925925925926 0.05092592592592592 0.06666666666666667
11 0.2935185185185185 0.5421296296296296 0.06851851851851852 0.06018518518518518
11 0.3597222222222222 0.4305555555555556 0.12777777777777777 0.09722222222222222
11 0.27037037037037037 0.3800925925925926 0.05555555555555555 0.05462962962962963
11 0.20787037037037037 0.2833333333333333 0.06759259259259259 0.05648148148148148
11 0.2865740740740741 0.30416666666666664 0.08425925925925926 0.0824074074074074
11 0.46296296296296297 0.37546296296296294 0.06759259259259259 0.062037037037037036
11 0.20601851851851852 0.20324074074074075 0.06574074074074074 0.06018518518518518
11 0.3768518518518518 0.1449074074074074 0.11296296296296296 0.06759259259259259
11 0.48194444444444445 0.18981481481481483 0.07962962962962963 0.11018518518518519
11 0.4791666666666667 0.10601851851851851 0.05555555555555555 0.058333333333333334
11 0.5861111111111111 0.1574074074074074 0.11388888888888889 0.14166666666666666
11 0.538425925925926 0.2833333333333333 0.11574074074074074 0.10648148148148148
11 0.675 0.2810185185185185 0.11944444444444445 0.10648148148148148
11 0.7458333333333333 0.16898148148148148 0.06574074074074074 0.05462962962962963
11 0.825 0.2814814814814815 0.11851851851851852 0.11388888888888889
11 0.538425925925926 0.3972222222222222 0.058333333333333334 0.06018518518518518
11 0.525 0.5050925925925925 0.0824074074074074 0.0712962962962963
11 0.6087962962962963 0.4666666666666667 0.08518518518518518 0.05555555555555555
11 0.7189814814814814 0.48518518518518516 0.07962962962962963 0.07962962962962963
11 0.7939814814814815 0.4203703703703704 0.07037037037037037 0.06481481481481481
11 0.8560185185185185 0.46805555555555556 0.07222222222222222 0.07037037037037037
11 0.9 0.40879629629629627 0.07314814814814814 0.07037037037037037
11 0.5638888888888889 0.5708333333333333 0.08055555555555556 0.07407407407407407
11 0.4759259259259259 0.5717592592592593 0.07777777777777778 0.0824074074074074
11 0.8375 0.5361111111111111 0.07685185185185185 0.07037037037037037
11 0.8560185185185185 0.600925925925926 0.09166666666666666 0.0712962962962963
11 0.8569444444444444 0.6972222222222222 0.08703703703703704 0.08518518518518518
11 0.7129629629629629 0.5939814814814814 0.08611111111111111 0.07407407407407407
11 0.6986111111111111 0.6638888888888889 0.07407407407407407 0.06759259259259259
11 0.6287037037037037 0.6800925925925926 0.07592592592592592 0.07314814814814814
11 0.5592592592592592 0.6699074074074074 0.07407407407407407 0.07037037037037037
11 0.4986111111111111 0.6986111111111111 0.0824074074074074 0.07777777777777778
4 0.3819444444444444 0.7162037037037037 0.11666666666666667 0.10092592592592593
4 0.38564814814814813 0.5120370370370371 0.07777777777777778 0.09166666666666666
4 0.35324074074074074 0.20833333333333334 0.15462962962962962 0.07314814814814814
4 0.6472222222222223 0.38981481481481484 0.12407407407407407 0.07777777777777778
4 0.6333333333333333 0.5791666666666667 0.07037037037037037 0.1287037037037037
4 0.7888888888888889 0.6175925925925926 0.06481481481481481 0.19166666666666668
4 0.6050925925925926 0.7472222222222222 0.21388888888888888 0.09166666666666666
4 0.46574074074074073 0.4351851851851852 0.08981481481481482 0.07592592592592592
4 0.13472222222222222 0.4962962962962963 0.10277777777777777 0.08703703703703704
4 0.19953703703703704 0.6347222222222222 0.09907407407407408 0.17222222222222222
11 0.40324074074074073 0.287962962962963 0.0824074074074074 0.0712962962962963
11 0.45787037037037037 0.2712962962962963 0.049074074074074076 0.05092592592592592
11 0.6217592592592592 0.23703703703703705 0.06296296296296296 0.044444444444444446
11 0.7199074074074074 0.3611111111111111 0.06296296296296296 0.04537037037037037
11 0.7310185185185185 0.40925925925925927 0.06851851851851852 0.06296296296296296
11 0.6472222222222223 0.5472222222222223 0.06481481481481481 0.04722222222222222