14 0.5 0.6537037037037037 1 0.6925925925925925
14 0.6203703703703703 0.09074074074074075 0.6296296296296297 0.1814814814814815
12 0.44979629629629625 0.45431111111111117 0.15976851851851853 0.08891851851851852
12 0.7250555555555555 0.517525925925926 0.17192592592592593 0.10697777777777777
12 0.5340185185185186 0.7196666666666667 0.15456481481481482 0.1028074074074074
12 0.4906018518518519 0.6383925925925926 0.09204629629629629 0.04306666666666667
12 0.5131851851851852 0.5772666666666666 0.09204629629629629 0.05418518518518519
12 0.3699074074074074 0.5897703703703704 0.09030555555555556 0.09586666666666666
12 0.2361851851851852 0.6043555555555555 0.07988888888888888 0.08057777777777778
2 0.7085555555555556 0.6634 0.2778611111111111 0.12365185185185186
2 0.1806111111111111 0.5425333333333333 0.17366666666666666 0.08197037037037037
2 0.22837037037037036 0.455 0.11983333333333332 0.08474814814814814
2 0.1771388888888889 0.7127185185185185 0.1180925925925926 0.13615555555555556
2 0.6477685185185186 0.8745777777777778 0.06599074074074074 0.16532592592592593
2 0.049490740740740745 0.7245333333333334 0.09899074074074074 0.12365185185185186
12 0.26049999999999995 0.8738814814814815 0.4063796296296296 0.11114814814814816
7 0.5565462962962964 0.10956296296296296 0.09294444444444444 0.015311111111111112
7 0.7126296296296296 0.06538518518518519 0.034444444444444444 0.029303703703703707
7 0.6975925925925925 0.013555555555555557 0.0404537037037037 0.027118518518518517
4 0.6369074074074074 0.05335555555555556 0.028425925925925924 0.020992592592592594
4 0.5606481481481481 0.09075555555555555 0.0683425925925926 0.022303703703703704
4 0.7508981481481481 0.07063703703703704 0.041 0.026681481481481483
4 0.3335185185185185 0.7267555555555556 0.15623148148148147 0.09672592592592594
4 0.5457314814814814 0.890074074074074 0.13621296296296298 0.1678
4 0.7313333333333334 0.7739851851851852 0.2064814814814815 0.06896296296296296
4 0.5611666666666666 0.5236222222222222 0.13930555555555554 0.05341481481481482