14 0.5 0.5258706467661691 1 0.9482587064676616
4 0.5041666666666667 0.34427860696517415 0.26944444444444443 0.2676616915422886
4 0.5333333333333333 0.5124378109452736 0.13518518518518519 0.1383084577114428
4 0.8148148148148148 0.49601990049751243 0.24351851851851852 0.33930348258706466
4 0.6916666666666667 0.6313432835820896 0.1175925925925926 0.12835820895522387
4 0.712037037037037 0.8009950248756219 0.09907407407407408 0.14626865671641792
4 0.8666666666666667 0.7960199004975125 0.22962962962962963 0.22487562189054727
4 0.6208333333333333 0.8960199004975125 0.16018518518518518 0.19303482587064677
4 0.36574074074074076 0.8960199004975125 0.37962962962962965 0.20796019900497512
4 0.3282407407407407 0.7587064676616916 0.3537037037037037 0.19303482587064677
4 0.2898148148148148 0.5900497512437811 0.26481481481481484 0.23980099502487562