14 0.5 0.5 1 1
15 0.8351851851851851 0.5990740740740741 0.1648148148148148 0.14537037037037037
15 0.6675925925925926 0.7787037037037037 0.10555555555555556 0.1398148148148148
15 0.2337962962962963 0.6509259259259259 0.17685185185185184 0.1574074074074074
15 0.31712962962962965 0.41064814814814815 0.1537037037037037 0.14814814814814814
15 0.6106481481481482 0.42268518518518516 0.14074074074074075 0.11944444444444445
15 0.8074074074074075 0.1814814814814815 0.13148148148148148 0.1037037037037037
15 0.3921296296296296 0.10277777777777777 0.09351851851851851 0.09444444444444444
15 0.537962962962963 0.07361111111111111 0.10833333333333334 0.08425925925925926
15 0.13148148148148148 0.24351851851851852 0.13240740740740742 0.11481481481481481
2 0.2967592592592593 0.21851851851851853 0.32314814814814813 0.19814814814814816
2 0.6587962962962963 0.29814814814814816 0.2 0.14351851851851852
2 0.39861111111111114 0.5486111111111112 0.17962962962962964 0.24351851851851852
4 0.6236111111111111 0.1550925925925926 0.26666666666666666 0.24074074074074073
4 0.19305555555555556 0.125 0.17222222222222222 0.16111111111111112
4 0.45185185185185184 0.3912037037037037 0.2361111111111111 0.2740740740740741
4 0.8064814814814815 0.4009259259259259 0.30925925925925923 0.32222222222222224
4 0.4300925925925926 0.6976851851851852 0.34629629629629627 0.3435185185185185
4 0.12546296296296297 0.44305555555555554 0.25092592592592594 0.30648148148148147