14 0.5 0.4854182655410591 1 0.8940905602455871
0 0.3586111111111111 0.5806216423637759 0.20822222222222223 0.07457405986185725
0 0.47898148148148145 0.6858096699923254 0.13148148148148148 0.1354489639293937
2 0.39351851851851855 0.2654489639293937 0.0957962962962963 0.08562547966231772
2 0.6001388888888889 0.3137145049884881 0.07325925925925926 0.0607214121258634
2 0.7795185185185185 0.3183883346124329 0.07137962962962963 0.07006139677666923
4 0.41417592592592595 0.4717421335379892 0.20098148148148148 0.09029930928626247
4 0.7306851851851852 0.5184420567920184 0.1765648148148148 0.10275518035303145
4 0.5024629629629629 0.28102072141212586 0.11458333333333333 0.13856485034535687
4 0.30882407407407403 0.3704451266308519 0.1438796296296296 0.09877206446661549
4 0.583925925925926 0.47920184190330006 0.08761111111111111 0.20117421335379893
4 0.7205185185185184 0.39411358403683805 0.1107962962962963 0.10774366845740597
4 0.686175925925926 0.26681504221028396 0.09303703703703704 0.11408288564850345
4 0.3817407407407407 0.19356101304681506 0.07212962962962964 0.05584036838066002
4 0.8551851851851852 0.6160859554873369 0.13475 0.1065617805065234
4 0.6163425925925926 0.6570222563315427 0.09687962962962962 0.08866462010744436
4 0.5001944444444445 0.5559478127398312 0.06366666666666668 0.07071373752877974
4 0.24245370370370373 0.4753491941673062 0.10373148148148148 0.09370683039140444