14 0.5 0.5 1 1
12 0.40380434782608693 0.12880434782608696 0.21630434782608696 0.1673913043478261
12 0.37717391304347825 0.3168478260869565 0.2467391304347826 0.16630434782608697
12 0.11630434782608695 0.3407608695652174 0.20869565217391303 0.14673913043478262
12 0.3032608695652174 0.5108695652173914 0.2902173913043478 0.1858695652173913
12 0.25815217391304346 0.8005434782608696 0.29782608695652174 0.1956521739130435
10 0.22065217391304348 0.6396739130434783 0.10869565217391304 0.14456521739130435
10 0.20434782608695654 0.7641304347826087 0.09130434782608696 0.10108695652173913
10 0.28804347826086957 0.8070652173913043 0.10434782608695652 0.05
10 0.3684782608695652 0.7793478260869565 0.06086956521739131 0.08260869565217391
10 0.03152173913043478 0.5054347826086957 0.06304347826086956 0.21521739130434783
10 0.16358695652173913 0.27119565217391306 0.16304347826086957 0.058695652173913045
10 0.4652173913043478 0.23206521739130434 0.06304347826086956 0.13260869565217392
10 0.3690217391304348 0.3184782608695652 0.10760869565217392 0.05652173913043478