14 0.5 0.5 1 1
11 0.1736111111111111 0.5083333333333333 0.3472222222222222 0.39444444444444443
11 0.44537037037037036 0.7907407407407407 0.30092592592592593 0.35833333333333334
11 0.5962962962962963 0.8777777777777778 0.1925925925925926 0.24444444444444444
11 0.7453703703703703 0.10740740740740741 0.2037037037037037 0.21481481481481482
11 0.39861111111111114 0.08333333333333333 0.24722222222222223 0.16666666666666666
11 0.8949074074074074 0.3388888888888889 0.12685185185185185 0.17777777777777778
7 0.6037037037037037 0.35185185185185186 0.21574074074074073 0.2824074074074074
1 0.8236111111111111 0.649074074074074 0.34074074074074073 0.4222222222222222
6 0.3398148148148148 0.4537037037037037 0.0824074074074074 0.1259259259259259
6 0.3013888888888889 0.7055555555555556 0.06851851851851852 0.062037037037037036
6 0.3962962962962963 0.7023148148148148 0.053703703703703705 0.053703703703703705
6 0.6657407407407407 0.7550925925925925 0.11944444444444445 0.10740740740740741
12 0.22083333333333333 0.19583333333333333 0.17037037037037037 0.18703703703703703
12 0.47962962962962963 0.5356481481481481 0.25462962962962965 0.18703703703703703
12 0.4949074074074074 0.37824074074074077 0.07037037037037037 0.08888888888888889
12 0.9532407407407407 0.5277777777777778 0.09351851851851851 0.1648148148148148