14 0.47430555555555554 0.5111111111111111 0.9486111111111111 0.9777777777777777
2 0.6416666666666667 0.68125 0.1638888888888889 0.11944444444444445
2 0.43472222222222223 0.53125 0.1111111111111111 0.15694444444444444
2 0.5236111111111111 0.4979166666666667 0.18194444444444444 0.12916666666666668
2 0.6638888888888889 0.49027777777777776 0.15 0.0875
2 0.36944444444444446 0.4736111111111111 0.1 0.08472222222222223
2 0.6083333333333333 0.37083333333333335 0.0625 0.06805555555555555
2 0.4340277777777778 0.25763888888888886 0.06666666666666667 0.06666666666666667
2 0.4722222222222222 0.35694444444444445 0.12916666666666668 0.08472222222222223
2 0.14652777777777778 0.3111111111111111 0.11666666666666667 0.14583333333333334
2 0.07152777777777777 0.4013888888888889 0.12083333333333333 0.11944444444444445
2 0.1763888888888889 0.575 0.075 0.059722222222222225
4 0.2972222222222222 0.6229166666666667 0.20972222222222223 0.1597222222222222
4 0.5145833333333333 0.6166666666666667 0.15 0.17083333333333334
4 0.2916666666666667 0.48194444444444445 0.12777777777777777 0.11388888888888889
4 0.16875 0.4444444444444444 0.1388888888888889 0.1375
4 0.21458333333333332 0.31180555555555556 0.12916666666666668 0.11805555555555555
4 0.3590277777777778 0.3506944444444444 0.10833333333333334 0.15138888888888888
4 0.5555555555555556 0.32569444444444445 0.09722222222222222 0.06111111111111111
4 0.525 0.4083333333333333 0.07083333333333333 0.07222222222222222
4 0.6291666666666667 0.42916666666666664 0.07777777777777778 0.06805555555555555
4 0.08333333333333333 0.56875 0.09722222222222222 0.09166666666666666
4 0.25 0.6895833333333333 0.10277777777777777 0.07777777777777778
4 0.2111111111111111 0.51875 0.10972222222222222 0.08472222222222223