14 0.49953703703703706 0.5279097387173397 0.9990740740740741 0.9085510688836105
15 0.28055555555555556 0.5570071258907363 0.1638888888888889 0.1508313539192399
15 0.6541666666666667 0.6128266033254157 0.0962962962962963 0.10807600950118765
15 0.4773148148148148 0.6680522565320665 0.06018518518518518 0.07007125890736342
15 0.549074074074074 0.754750593824228 0.06111111111111111 0.08669833729216152
15 0.6824074074074075 0.7672209026128266 0.0787037037037037 0.0831353919239905
15 0.7217592592592592 0.5195961995249406 0.13796296296296295 0.11282660332541568
15 0.4773148148148148 0.43942992874109266 0.0962962962962963 0.11401425178147269
15 0.19953703703703704 0.35629453681710216 0.08425925925925926 0.1543942992874109
4 0.3138888888888889 0.6846793349168646 0.10925925925925926 0.11757719714964371
4 0.4115740740740741 0.6502375296912114 0.11944444444444445 0.17933491686460806
4 0.6166666666666667 0.7351543942992874 0.08333333333333333 0.10688836104513064
4 0.7398148148148148 0.6336104513064132 0.1037037037037037 0.14845605700712589
4 0.5949074074074074 0.42695961995249404 0.15 0.16152019002375298
4 0.27175925925925926 0.40676959619952496 0.125 0.2007125890736342
4 0.41898148148148145 0.39311163895486934 0.06018518518518518 0.07244655581947744
2 0.5300925925925926 0.3159144893111639 0.14814814814814814 0.16033254156769597
2 0.3439814814814815 0.3687648456057007 0.10925925925925926 0.11163895486935867
2 0.35324074074074074 0.251187648456057 0.044444444444444446 0.07600950118764846
2 0.41203703703703703 0.32185273159144895 0.06666666666666667 0.060570071258907364
2 0.4986111111111111 0.6086698337292161 0.08425925925925926 0.10688836104513064
2 0.5083333333333333 0.7286223277909739 0.09351851851851851 0.1543942992874109
2 0.4685185185185185 0.7274346793349169 0.06111111111111111 0.0665083135391924
2 0.5722222222222222 0.6395486935866983 0.075 0.1187648456057007
2 0.6532407407407408 0.6787410926365796 0.05648148148148148 0.047505938242280284
2 0.7671296296296296 0.5967933491686461 0.17777777777777778 0.10570071258907364
2 0.6439814814814815 0.44299287410926363 0.07407407407407407 0.06769596199524941
2 0.5481481481481482 0.3996437054631829 0.06018518518518518 0.0510688836104513
2 0.39444444444444443 0.4679334916864608 0.11018518518518519 0.08788598574821853
2 0.23287037037037037 0.41983372921615203 0.05092592592592592 0.060570071258907364
2 0.2162037037037037 0.32957244655581946 0.046296296296296294 0.05463182897862233
2 0.2898148148148148 0.4513064133016627 0.04814814814814815 0.07125890736342043