14 0.5 0.5 1 1
11 0.16099074074074074 0.43723148148148144 0.3219814814814815 0.33539814814814817
11 0.3860092592592593 0.7732407407407408 0.24026851851851852 0.31466666666666665
11 0.515287037037037 0.8902777777777777 0.15000925925925926 0.21944444444444444
11 0.8256851851851852 0.15000925925925926 0.16099074074074074 0.2219722222222222
11 0.48906481481481484 0.06708333333333334 0.22440740740740742 0.1341574074074074
11 0.9195925925925925 0.42442592592592593 0.09512962962962962 0.16099074074074074
7 0.6323703703703704 0.3768611111111111 0.1670925925925926 0.2536851851851852
1 0.7854351851851852 0.7128703703703704 0.2683148148148148 0.37442592592592594
6 0.3530833333333333 0.4213796296296296 0.05975925925925926 0.11586111111111111
6 0.2628240740740741 0.6598148148148149 0.05975925925925926 0.051222222222222225
6 0.3567407407407407 0.6762777777777778 0.04512962962962963 0.04512962962962963
6 0.6090555555555556 0.7837500000000001 0.10327777777777779 0.08789814814814816
12 0.29014814814814816 0.1444537037037037 0.13947222222222222 0.1618888888888889
12 0.4725833333333333 0.5304907407407407 0.23037962962962963 0.14196296296296296
12 0.5205277777777777 0.37980555555555556 0.054796296296296294 0.07969444444444444
12 0.9526574074074073 0.6245092592592593 0.09468518518518519 0.14818518518518517