14 0.5 0.6631944444444444 1 0.6736111111111112
8 0.40431944444444445 0.7600277777777779 0.1915972222222222 0.15073611111111113
8 0.8325833333333333 0.7720138888888889 0.16059722222222222 0.21131944444444445
8 0.1831388888888889 0.4972916666666667 0.12397222222222223 0.12397222222222223
15 0.769888888888889 0.5064583333333333 0.13101388888888887 0.09720833333333333
15 0.5451944444444444 0.40431944444444445 0.07044444444444445 0.10143055555555555
15 0.18666666666666668 0.6783194444444445 0.08593055555555555 0.09438888888888888
15 0.28175 0.5620972222222222 0.10425000000000001 0.06480555555555555
12 0.4515138888888889 0.52125 0.1450972222222222 0.13805555555555557
12 0.10425000000000001 0.4775694444444445 0.09579166666666666 0.08170833333333333
12 0.274 0.7663749999999999 0.06902777777777779 0.050722222222222224
12 0.43319444444444444 0.6649444444444444 0.06620833333333334 0.03944444444444444
12 0.7079027777777778 0.7093194444444444 0.06902777777777779 0.20145833333333335
12 0.901611111111111 0.69875 0.08170833333333333 0.09861111111111111
10 0.19395833333333334 0.7741527777777778 0.065625 0.09801388888888887
4 0.17431944444444444 0.9180694444444444 0.29886111111111113 0.1475
4 0.6471805555555556 0.9291111111111111 0.43904166666666666 0.14177777777777778
4 0.5892777777777778 0.6880138888888889 0.13574999999999998 0.30194444444444446
4 0.3907638888888889 0.4133333333333334 0.21788888888888888 0.059277777777777776
4 0.09733333333333333 0.5661388888888889 0.17266666666666666 0.08251388888888889