14 0.45208333333333334 0.5277777777777778 0.9041666666666667 0.8666666666666667
2 0.6708333333333333 0.6534722222222222 0.15555555555555556 0.09861111111111111
2 0.4409722222222222 0.5423611111111111 0.09027777777777778 0.15
2 0.5229166666666667 0.49375 0.1736111111111111 0.10416666666666667
2 0.6597222222222222 0.4618055555555556 0.14722222222222223 0.06388888888888888
2 0.36666666666666664 0.49722222222222223 0.09166666666666666 0.07222222222222222
2 0.5847222222222223 0.35347222222222224 0.05555555555555555 0.06111111111111111
2 0.39305555555555555 0.27291666666666664 0.059722222222222225 0.058333333333333334
2 0.4479166666666667 0.3638888888888889 0.125 0.06527777777777778
2 0.11944444444444445 0.375 0.09861111111111111 0.1361111111111111
2 0.06041666666666667 0.47708333333333336 0.10833333333333334 0.10555555555555556
2 0.19444444444444445 0.6298611111111111 0.06944444444444445 0.05
4 0.3215277777777778 0.65625 0.19722222222222222 0.13333333333333333
4 0.5347222222222222 0.6125 0.12916666666666668 0.15694444444444444
4 0.2916666666666667 0.5180555555555556 0.11666666666666667 0.09861111111111111
4 0.1638888888888889 0.5027777777777778 0.12361111111111112 0.12222222222222222
4 0.18611111111111112 0.3638888888888889 0.11666666666666667 0.10277777777777777
4 0.3347222222222222 0.3770833333333333 0.08888888888888889 0.14444444444444443
4 0.5243055555555556 0.31875 0.09444444444444444 0.04722222222222222
4 0.5090277777777777 0.4048611111111111 0.0625 0.06527777777777778
4 0.6145833333333334 0.4076388888888889 0.07083333333333333 0.058333333333333334
4 0.10138888888888889 0.6395833333333333 0.0875 0.08055555555555556
4 0.28680555555555554 0.7305555555555555 0.09722222222222222 0.06388888888888888
4 0.21875 0.56875 0.10277777777777777 0.06944444444444445