14 0.5 0.5 1 1
0 0.1125 0.4416126042632067 0.10555555555555556 0.1742354031510658
0 0.2800925925925926 0.25996292863762743 0.09074074074074075 0.11214087117701575
0 0.4699074074074074 0.19416126042632068 0.18703703703703703 0.19184430027803523
0 0.2953703703703704 0.7377201112140871 0.1527777777777778 0.14365152919369786
0 0.5402777777777777 0.8642261353104727 0.12962962962962962 0.16311399443929564
0 0.7638888888888888 0.7562557924003707 0.11851851851851852 0.11492122335495829
0 0.7967592592592593 0.561631139944393 0.09259259259259259 0.08804448563484708
0 0.7541666666666667 0.4499536607970343 0.16203703703703703 0.12882298424467098
0 0.6023148148148149 0.3086190917516219 0.10555555555555556 0.12418906394810009
0 0.7574074074074074 0.2849860982391103 0.14907407407407408 0.12418906394810009
0 0.5861111111111111 0.13670064874884152 0.12407407407407407 0.11306765523632993
4 0.27546296296296297 0.4916589434661724 0.17685185185185184 0.1927710843373494
4 0.41712962962962963 0.45644114921223355 0.16296296296296298 0.1936978683966636
4 0.5550925925925926 0.4281742354031511 0.17407407407407408 0.19833178869323448
4 0.46805555555555556 0.577386468952734 0.43796296296296294 0.19833178869323448
4 0.5648148148148148 0.6913809082483782 0.4083333333333333 0.24930491195551435
4 0.687962962962963 0.37720111214087115 0.11296296296296296 0.08897126969416126