14 0.5005185185185185 0.5050417052826692 0.9294351851851852 0.8976367006487488
0 0.14085185185185187 0.34335495829471735 0.0656574074074074 0.16277108433734938
0 0.34951851851851856 0.21110287303058387 0.06818518518518518 0.09844300278035217
0 0.5501666666666666 0.19689527340129748 0.1509537037037037 0.1589990732159407
0 0.24087037037037035 0.6767562557924004 0.12742592592592594 0.11409638554216868
0 0.44460185185185186 0.862159406858202 0.09537037037037037 0.1438368860055607
0 0.6887592592592593 0.8161167747914736 0.09851851851851852 0.09253012048192771
0 0.7708703703703703 0.6365801668211307 0.0775462962962963 0.07081556997219647
0 0.7585277777777778 0.5176274328081557 0.14175000000000001 0.09610750695088045
0 0.6483240740740741 0.341501390176089 0.08060185185185186 0.10715477293790547
0 0.804212962962963 0.3591102873030584 0.1294074074074074 0.09417979610750696
0 0.6770370370370371 0.171241890639481 0.10468518518518519 0.0891566265060241
4 0.28532407407407406 0.4338924930491196 0.13977777777777778 0.1621964782205746
4 0.4313240740740741 0.4363670064874884 0.12437962962962965 0.1671362372567192
4 0.5717777777777777 0.44501390176088973 0.1349074074074074 0.16961075069508805
4 0.4489351851851852 0.5664411492122337 0.42998148148148146 0.08994439295644115
4 0.5131388888888889 0.7014828544949027 0.38060185185185186 0.15613531047265988
4 0.7131481481481482 0.43017608897126974 0.09913888888888889 0.06578313253012048