14 0.5208796296296296 0.48653366583541147 0.7181296296296297 0.9326932668329176
0 0.3193240740740741 0.6770822942643391 0.1298240740740741 0.18091022443890276
0 0.31115740740740744 0.29937655860349127 0.11086111111111112 0.1593640897755611
0 0.49549074074074073 0.08527431421446384 0.10385185185185185 0.06246882793017457
0 0.5779444444444444 0.16336658354114714 0.05712037037037037 0.086857855361596
0 0.6654814814814815 0.16811720698254365 0.07611111111111112 0.11061097256857855
0 0.4608703703703704 0.2319576059850374 0.11133333333333333 0.07798004987531172
0 0.4242685185185185 0.35845386533665835 0.06987962962962962 0.06734413965087281
0 0.33849999999999997 0.47307980049875314 0.065 0.07571072319201995
0 0.2677222222222222 0.4703990024937656 0.04778703703703704 0.08104738154613467
0 0.39384259259259263 0.5553241895261846 0.06193518518518518 0.06564837905236907
0 0.5129074074074075 0.5131670822942643 0.1042962962962963 0.13096009975062345
0 0.48005555555555557 0.6387655860349126 0.08355555555555555 0.0508354114713217
0 0.4507222222222222 0.7646758104738154 0.08046296296296297 0.10315461346633417
0 0.5076111111111111 0.7133042394014963 0.06724999999999999 0.06097256857855361
0 0.486 0.8689027431421447 0.061074074074074065 0.10854114713216957
0 0.5656018518518519 0.8341645885286783 0.0906388888888889 0.1352493765586035
0 0.6438703703703703 0.7700249376558603 0.05405555555555556 0.10672069825436409
0 0.7320648148148148 0.7839775561097256 0.0822962962962963 0.13820448877805486
0 0.7263333333333334 0.6877680798004988 0.04437037037037037 0.0882793017456359
0 0.7669074074074074 0.5966084788029925 0.10435185185185185 0.1446508728179551
0 0.6632777777777779 0.4888154613466334 0.07169444444444445 0.09649625935162094
0 0.785425925925926 0.43477556109725685 0.10964814814814815 0.07391521197007482
0 0.7342685185185185 0.29254364089775564 0.07083333333333333 0.12076059850374064
0 0.6174166666666666 0.3504364089775561 0.10167592592592593 0.06912718204488778
0 0.6165277777777778 0.6340149625935162 0.052287037037037035 0.0983416458852868
3 0.6363703703703704 0.5339526184538653 0.03905555555555556 0.07988778054862843
3 0.3922962962962963 0.427643391521197 0.029740740740740738 0.03114713216957606
3 0.5296574074074074 0.30708229426433914 0.07431481481481482 0.039413965087281795
15 0.6158703703703704 0.36231920199501244 0.13298148148148148 0.15701995012468828
15 0.47630555555555554 0.16129675810473817 0.17395370370370372 0.19316708229426433
15 0.2677222222222222 0.24325436408977558 0.07600925925925926 0.12905236907730674
15 0.28690740740740744 0.5490897755610973 0.13642592592592592 0.0852493765586035
15 0.3623148148148148 0.7664588528678304 0.13380555555555554 0.17086034912718204
15 0.5940462962962964 0.7869576059850374 0.1342962962962963 0.1940274314214464
15 0.7217037037037037 0.6571945137157108 0.15946296296296297 0.1945635910224439
15 0.5605277777777777 0.6081920199501246 0.1254722222222222 0.15713216957605985
15 0.4308888888888889 0.5078304239401495 0.12543518518518518 0.1844014962593516
15 0.43419444444444444 0.34718204488778054 0.09237037037037038 0.10891521197007481
15 0.6619537037037037 0.19099750623441397 0.11138888888888888 0.1741645885286783
15 0.7693333333333333 0.43062344139650877 0.1541851851851852 0.18674563591022444