14 0.5 0.5 1 1
11 0.3023148148148148 0.3731481481481482 0.19444444444444445 0.20833333333333334
11 0.3458333333333333 0.18472222222222223 0.19907407407407407 0.20833333333333334
11 0.38657407407407407 0.06805555555555555 0.1675925925925926 0.1361111111111111
11 0.4439814814814815 0.04259259259259259 0.16203703703703703 0.08518518518518518
11 0.5564814814814815 0.05092592592592592 0.10925925925925926 0.10185185185185185
11 0.5555555555555556 0.1712962962962963 0.15555555555555556 0.17592592592592593
11 0.49583333333333335 0.24583333333333332 0.14722222222222223 0.15185185185185185
11 0.5763888888888888 0.3277777777777778 0.1537037037037037 0.13518518518518519
11 0.4777777777777778 0.36666666666666664 0.1574074074074074 0.14907407407407408
11 0.44907407407407407 0.5268518518518519 0.18888888888888888 0.19907407407407407
11 0.3125 0.5513888888888889 0.23425925925925925 0.21851851851851853
11 0.41805555555555557 0.7490740740740741 0.2074074074074074 0.23148148148148148
11 0.5018518518518519 0.862037037037037 0.09537037037037037 0.15648148148148147
11 0.5370370370370371 0.6814814814814815 0.12222222222222222 0.16944444444444445
11 0.6388888888888888 0.7236111111111111 0.17314814814814813 0.19814814814814816
11 0.5916666666666667 0.8967592592592593 0.18518518518518517 0.2064814814814815
11 0.7407407407407407 0.899074074074074 0.175 0.1925925925925926
11 0.8657407407407407 0.8537037037037037 0.14351851851851852 0.1685185185185185
11 0.8268518518518518 0.7277777777777777 0.13055555555555556 0.13055555555555556
11 0.7435185185185185 0.7277777777777777 0.11574074074074074 0.13148148148148148
11 0.7203703703703703 0.5958333333333333 0.13333333333333333 0.15092592592592594
11 0.6462962962962963 0.5481481481481482 0.09074074074074075 0.13148148148148148
11 0.5787037037037037 0.4759259259259259 0.16666666666666666 0.16018518518518518
11 0.6546296296296297 0.3976851851851852 0.10462962962962963 0.11666666666666667
11 0.6333333333333333 0.07916666666666666 0.13796296296296295 0.13796296296296295
11 0.7143518518518519 0.10694444444444444 0.12962962962962962 0.15092592592592594
11 0.7763888888888889 0.18287037037037038 0.07592592592592592 0.07962962962962963
11 0.6513888888888889 0.2111111111111111 0.12222222222222222 0.14537037037037037
11 0.7212962962962963 0.26342592592592595 0.09259259259259259 0.12222222222222222
11 0.674074074074074 0.3226851851851852 0.12037037037037036 0.10462962962962963
11 0.7527777777777778 0.3439814814814815 0.10555555555555556 0.125
11 0.8101851851851852 0.2800925925925926 0.1388888888888889 0.1388888888888889
11 0.8930555555555556 0.49444444444444446 0.12222222222222222 0.17314814814814813
11 0.9194444444444444 0.6731481481481482 0.11574074074074074 0.14166666666666666
11 0.8412037037037037 0.6199074074074075 0.10833333333333334 0.11666666666666667
11 0.7287037037037037 0.47175925925925927 0.09907407407407408 0.10925925925925926
11 0.8101851851851852 0.48842592592592593 0.10925925925925926 0.1398148148148148