14 0.5 0.5 1 1
11 0.2833333333333333 0.40925925925925927 0.16944444444444445 0.18703703703703703
11 0.29305555555555557 0.2162037037037037 0.17407407407407408 0.18611111111111112
11 0.31296296296296294 0.08842592592592592 0.15185185185185185 0.12685185185185185
11 0.3611111111111111 0.04537037037037037 0.15 0.09074074074074075
11 0.47638888888888886 0.046296296296296294 0.09537037037037037 0.09259259259259259
11 0.4976851851851852 0.16666666666666666 0.13425925925925927 0.15925925925925927
11 0.45185185185185184 0.25046296296296294 0.1287037037037037 0.13518518518518519
11 0.5453703703703704 0.31712962962962965 0.1388888888888889 0.11574074074074074
11 0.4550925925925926 0.3726851851851852 0.14074074074074075 0.13055555555555556
11 0.45416666666666666 0.5351851851851852 0.1648148148148148 0.1787037037037037
11 0.324537037037037 0.5833333333333334 0.2111111111111111 0.18981481481481483
11 0.4625 0.7597222222222222 0.1787037037037037 0.2101851851851852
11 0.5648148148148148 0.8564814814814815 0.07222222222222222 0.15
11 0.5675925925925925 0.6722222222222223 0.09907407407407408 0.15925925925925927
11 0.6754629629629629 0.6962962962962963 0.14814814814814814 0.18055555555555555
11 0.6601851851851852 0.8773148148148148 0.15833333333333333 0.1935185185185185
11 0.8064814814814815 0.850925925925926 0.15092592592592594 0.17407407407407408
11 0.9212962962962963 0.7851851851851852 0.12222222222222222 0.1537037037037037
11 0.861574074074074 0.6675925925925926 0.11574074074074074 0.11574074074074074
11 0.7791666666666667 0.6819444444444445 0.09907407407407408 0.11944444444444445
11 0.7337962962962963 0.5560185185185185 0.11481481481481481 0.13703703703703704
11 0.6523148148148148 0.5222222222222223 0.07222222222222222 0.125
11 0.5736111111111111 0.4625 0.14907407407407408 0.1398148148148148
11 0.6347222222222222 0.3726851851851852 0.08981481481481482 0.10555555555555556
11 0.5583333333333333 0.0625 0.12129629629629629 0.12222222222222222
11 0.6425925925925926 0.07546296296296297 0.11018518518518519 0.13796296296296295
11 0.7171296296296297 0.1398148148148148 0.06666666666666667 0.07037037037037037
11 0.5990740740740741 0.18888888888888888 0.1037037037037037 0.13240740740740742
11 0.6768518518518518 0.22870370370370371 0.07592592592592592 0.11388888888888889
11 0.6407407407407407 0.2953703703703704 0.10925925925925926 0.08888888888888889
11 0.7217592592592592 0.30277777777777776 0.08981481481481482 0.11388888888888889
11 0.7675925925925926 0.22962962962962963 0.12314814814814815 0.12222222222222222
11 0.8861111111111111 0.4263888888888889 0.09814814814814815 0.16296296296296298
11 0.9430555555555555 0.5976851851851852 0.09722222222222222 0.13055555555555556
11 0.8564814814814815 0.5587962962962963 0.09444444444444444 0.10462962962962963
11 0.7203703703703703 0.43287037037037035 0.08611111111111111 0.09907407407407408
11 0.8032407407407407 0.43472222222222223 0.09074074074074075 0.12962962962962962