14 0.4987037037037037 0.4813777777777778 0.9217962962962962 0.5059703703703703
8 0.3809722222222222 0.5347333333333333 0.07984259259259259 0.046014814814814814
8 0.2883611111111111 0.5470814814814814 0.0612962962962963 0.04848888888888889
8 0.44849074074074075 0.4714518518518519 0.06211111111111111 0.03425185185185185
8 0.6977500000000001 0.4448962962962963 0.06988888888888889 0.04041481481481481
8 0.81775 0.452 0.08303703703703705 0.04351111111111111
8 0.823537037037037 0.5862888888888889 0.05294444444444445 0.07134814814814815
8 0.5985925925925926 0.5396740740740741 0.07063888888888889 0.03366666666666667
8 0.5796759259259259 0.34703703703703703 0.03744444444444444 0.03358518518518519
8 0.3470185185185185 0.3476592592592592 0.10452777777777778 0.04222962962962963
8 0.1375 0.3495111111111111 0.04197222222222222 0.03111111111111111
15 0.21968518518518518 0.3590814814814815 0.08134259259259259 0.03914814814814815
15 0.1930648148148148 0.39272592592592587 0.10680555555555556 0.03607407407407408
15 0.46624074074074073 0.40322222222222226 0.06983333333333333 0.03484444444444444
15 0.5025092592592593 0.4939851851851852 0.040518518518518516 0.03117777777777778
15 0.1706851851851852 0.5057185185185186 0.09908333333333334 0.06205185185185185
15 0.1398148148148148 0.5838222222222222 0.12068518518518519 0.08122962962962962
15 0.37363888888888885 0.6600740740740741 0.09759259259259259 0.04482962962962963
15 0.48514814814814816 0.6545111111111112 0.07524074074074075 0.04112592592592593
15 0.6051481481481481 0.6227185185185184 0.06060185185185185 0.07013333333333334
15 0.8717685185185186 0.5381333333333334 0.07996296296296296 0.041696296296296294
15 0.8574907407407407 0.6190148148148148 0.04677777777777778 0.05531111111111111
15 0.8748518518518519 0.4464444444444445 0.0490925925925926 0.03239259259259259
15 0.5588518518518518 0.2525777777777778 0.1161574074074074 0.05206666666666667
15 0.7664351851851852 0.26214074074074073 0.0714537037037037 0.05268888888888888
15 0.6147962962962963 0.2782 0.07526851851851853 0.04034074074074074