14 0.5 0.49074074074074076 1 0.9133333333333333
11 0.15046296296296297 0.6288888888888889 0.275 0.1725925925925926
11 0.6652777777777777 0.6137037037037038 0.2388888888888889 0.1562962962962963
11 0.6597222222222222 0.7581481481481481 0.26851851851851855 0.1348148148148148
11 0.37083333333333335 0.6848148148148148 0.22592592592592592 0.18222222222222223
11 0.4351851851851852 0.4885185185185185 0.14074074074074075 0.1348148148148148
11 0.20185185185185187 0.45111111111111113 0.2037037037037037 0.11777777777777777
11 0.03564814814814815 0.4051851851851852 0.06759259259259259 0.10814814814814815
11 0.06018518518518518 0.25296296296296295 0.11388888888888889 0.10888888888888888
11 0.25462962962962965 0.2577777777777778 0.1925925925925926 0.11777777777777777
11 0.38564814814814813 0.33925925925925926 0.18703703703703703 0.11407407407407408
11 0.5740740740740741 0.2940740740740741 0.18981481481481483 0.11037037037037037
11 0.7083333333333334 0.36925925925925923 0.21481481481481482 0.10518518518518519
11 0.7828703703703703 0.4685185185185185 0.225 0.12444444444444444
11 0.9171296296296296 0.2607407407407407 0.1574074074074074 0.10888888888888888
11 0.7671296296296296 0.17148148148148148 0.18703703703703703 0.08814814814814814
11 0.3990740740740741 0.11 0.14907407407407408 0.08518518518518518
11 0.6157407407407407 0.09666666666666666 0.15648148148148147 0.07111111111111111
11 0.22175925925925927 0.15481481481481482 0.17222222222222222 0.08444444444444445
4 0.4925925925925926 0.2 0.29074074074074074 0.08
4 0.5574074074074075 0.4437037037037037 0.18425925925925926 0.15703703703703703
4 0.29907407407407405 0.5522222222222222 0.18888888888888888 0.08592592592592592
4 0.48009259259259257 0.6092592592592593 0.14166666666666666 0.10740740740740741
11 0.5314814814814814 0.22444444444444445 0.17222222222222222 0.054814814814814816