14 0.5169166666666667 0.485265760197775 0.8054351851851852 0.8916440049443758
7 0.19849074074074075 0.6974165636588381 0.08922222222222222 0.1257849196538937
7 0.8440740740740741 0.3477008652657602 0.0787962962962963 0.09736711990111248
7 0.6787129629629629 0.7374536464771323 0.1078611111111111 0.06457354758961681
7 0.39119444444444446 0.7306922126081582 0.08838888888888888 0.19585908529048207
7 0.20466666666666666 0.45897404202719405 0.06982407407407407 0.07975278121137205
7 0.58125 0.11927070457354759 0.07167592592592592 0.07135970333745364
7 0.3131388888888889 0.25820766378244747 0.12807407407407406 0.06671199011124845
8 0.4505 0.7848454882571076 0.056212962962962965 0.09933250927070457
8 0.7929166666666667 0.5731891223733003 0.06114814814814815 0.08922126081582202
8 0.7351481481481482 0.2526205191594561 0.06730555555555555 0.0873176761433869
8 0.18041666666666667 0.5543510506798517 0.09538888888888888 0.08686032138442522
8 0.3074074074074074 0.1734363411619283 0.05837962962962963 0.07374536464771322