14 0.5208333333333334 0.486284289276808 0.7175925925925926 0.9326683291770573
0 0.3194444444444444 0.6770573566084788 0.12962962962962962 0.18204488778054864
0 0.3111111111111111 0.29925187032418954 0.1111111111111111 0.1596009975062344
0 0.49537037037037035 0.08541147132169576 0.1037037037037037 0.06234413965087282
0 0.5777777777777777 0.1633416458852868 0.05740740740740741 0.08728179551122195
0 0.6652777777777777 0.16832917705735662 0.07592592592592592 0.11097256857855362
0 0.46064814814814814 0.23192019950124687 0.1111111111111111 0.0773067331670823
0 0.42407407407407405 0.3584788029925187 0.07037037037037037 0.06733167082294264
0 0.3384259259259259 0.47319201995012466 0.06574074074074074 0.07605985037406483
0 0.2675925925925926 0.4706982543640898 0.04814814814814815 0.08104738154613467
0 0.3939814814814815 0.5554862842892768 0.062037037037037036 0.06608478802992519
0 0.512962962962963 0.5130922693266833 0.1037037037037037 0.13092269326683292
0 0.48009259259259257 0.6390274314214464 0.08425925925925926 0.05112219451371571
0 0.45092592592592595 0.7649625935162094 0.08055555555555556 0.10349127182044887
0 0.5074074074074074 0.713216957605985 0.06759259259259259 0.06109725685785536
0 0.4861111111111111 0.8690773067331671 0.06111111111111111 0.1084788029925187
0 0.5657407407407408 0.8341645885286783 0.09074074074074075 0.13466334164588528
0 0.6439814814814815 0.7699501246882793 0.05462962962962963 0.1059850374064838
0 0.7319444444444444 0.78428927680798 0.0824074074074074 0.13840399002493767
0 0.7263888888888889 0.6876558603491272 0.044444444444444446 0.0885286783042394
0 0.7671296296296296 0.5966334164588528 0.10462962962962963 0.14463840399002495
0 0.663425925925926 0.48877805486284287 0.0712962962962963 0.09725685785536159
0 0.7856481481481481 0.43453865336658354 0.10925925925925926 0.07356608478802992
0 0.7342592592592593 0.29239401496259354 0.07037037037037037 0.12094763092269327
0 0.6175925925925926 0.35037406483790523 0.10185185185185185 0.06982543640897755
0 0.6166666666666667 0.6340399002493765 0.05185185185185185 0.09850374064837905
3 0.6365740740740741 0.5336658354114713 0.03888888888888889 0.0798004987531172
3 0.3921296296296296 0.42768079800498754 0.02962962962962963 0.03117206982543641
3 0.5296296296296297 0.307356608478803 0.07407407407407407 0.0399002493765586
15 0.6157407407407407 0.3622194513715711 0.13333333333333333 0.1571072319201995
15 0.47638888888888886 0.1614713216957606 0.17407407407407408 0.19326683291770574
15 0.2675925925925926 0.243142144638404 0.07592592592592592 0.12967581047381546
15 0.28703703703703703 0.5492518703241895 0.13703703703703704 0.08603491271820449
15 0.3625 0.766209476309227 0.13425925925925927 0.1708229426433915
15 0.5939814814814814 0.786783042394015 0.13425925925925927 0.19451371571072318
15 0.7217592592592592 0.6571072319201995 0.16018518518518518 0.19451371571072318
15 0.5606481481481481 0.6084788029925187 0.125 0.1571072319201995
15 0.4310185185185185 0.5081047381546134 0.125 0.18453865336658354
15 0.43425925925925923 0.3472568578553616 0.09259259259259259 0.1084788029925187
15 0.6620370370370371 0.19077306733167082 0.1111111111111111 0.1745635910224439
15 0.7694444444444445 0.4307980049875312 0.1537037037037037 0.18703241895261846