14 0.5 0.5 1 1
9 0.4097222222222222 0.7578703703703704 0.0824074074074074 0.0787037037037037
9 0.4023148148148148 0.6949074074074074 0.06018518518518518 0.05648148148148148
9 0.45787037037037037 0.6791666666666667 0.06759259259259259 0.08796296296296297
9 0.5268518518518519 0.649537037037037 0.05740740740740741 0.06018518518518518
9 0.4962962962962963 0.5847222222222223 0.062037037037037036 0.062037037037037036
9 0.40046296296296297 0.5268518518518519 0.0712962962962963 0.07592592592592592
9 0.2759259259259259 0.5888888888888889 0.05648148148148148 0.06481481481481481
9 0.3226851851851852 0.5805555555555556 0.05740740740740741 0.058333333333333334
9 0.3453703703703704 0.6337962962962963 0.058333333333333334 0.06481481481481481
9 0.22592592592592592 0.6060185185185185 0.05925925925925926 0.06759259259259259
9 0.25416666666666665 0.6546296296296297 0.06111111111111111 0.053703703703703705
9 0.17546296296296296 0.612037037037037 0.06944444444444445 0.05740740740740741
9 0.041666666666666664 0.5319444444444444 0.07222222222222222 0.06759259259259259
9 0.10277777777777777 0.3560185185185185 0.08703703703703704 0.07037037037037037
9 0.17777777777777778 0.3453703703703704 0.06388888888888888 0.06111111111111111
9 0.36064814814814816 0.35694444444444445 0.08703703703703704 0.08148148148148149
9 0.3398148148148148 0.47453703703703703 0.046296296296296294 0.041666666666666664
9 0.31574074074074077 0.3087962962962963 0.05 0.04537037037037037
9 0.24768518518518517 0.3287037037037037 0.05185185185185185 0.041666666666666664
9 0.3699074074074074 0.21574074074074073 0.06574074074074074 0.06851851851851852
9 0.4111111111111111 0.24814814814814815 0.05092592592592592 0.062037037037037036
9 0.44027777777777777 0.23333333333333334 0.041666666666666664 0.06388888888888888
9 0.4412037037037037 0.16620370370370371 0.062037037037037036 0.06388888888888888
9 0.6995370370370371 0.10092592592592593 0.044444444444444446 0.04814814814814815
9 0.7 0.1287037037037037 0.037037037037037035 0.028703703703703703
9 0.7236111111111111 0.19768518518518519 0.07407407407407407 0.08148148148148149
9 0.6300925925925925 0.32083333333333336 0.06388888888888888 0.05
9 0.6930555555555555 0.2916666666666667 0.06018518518518518 0.058333333333333334
9 0.6805555555555556 0.3861111111111111 0.06574074074074074 0.05462962962962963
9 0.7675925925925926 0.4759259259259259 0.058333333333333334 0.0712962962962963
9 0.6212962962962963 0.48842592592592593 0.062037037037037036 0.06944444444444445
9 0.6060185185185185 0.4398148148148148 0.044444444444444446 0.04351851851851852
9 0.5050925925925925 0.3125 0.053703703703703705 0.06759259259259259
9 0.4393518518518518 0.4064814814814815 0.07037037037037037 0.06111111111111111
0 0.18703703703703703 0.7162037037037037 0.17037037037037037 0.14907407407407408
0 0.2462962962962963 0.45416666666666666 0.15648148148148147 0.20277777777777778
0 0.337037037037037 0.5254629629629629 0.08055555555555556 0.075
0 0.40185185185185185 0.5930555555555556 0.09351851851851851 0.09166666666666666
0 0.3472222222222222 0.8023148148148148 0.15 0.20277777777777778
0 0.8060185185185185 0.37453703703703706 0.125 0.17777777777777778
0 0.8930555555555556 0.5662037037037037 0.17777777777777778 0.23425925925925925
0 0.5805555555555556 0.37037037037037035 0.11851851851851852 0.13333333333333333
0 0.28888888888888886 0.2810185185185185 0.3 0.1962962962962963
0 0.5351851851851852 0.14305555555555555 0.21666666666666667 0.20185185185185187
4 0.5287037037037037 0.7907407407407407 0.13148148148148148 0.19537037037037036
4 0.13657407407407407 0.49166666666666664 0.14722222222222223 0.19166666666666668
4 0.4703703703703704 0.41435185185185186 0.1675925925925926 0.1425925925925926
4 0.6550925925925926 0.1685185185185185 0.13055555555555556 0.17962962962962964