14 0.5 0.5 1 1
9 0.36203703703703705 0.7361111111111112 0.0712962962962963 0.06666666666666667
9 0.36666666666666664 0.6726851851851852 0.05277777777777778 0.04722222222222222
9 0.42453703703703705 0.6675925925925926 0.053703703703703705 0.07962962962962963
9 0.4976851851851852 0.6523148148148148 0.049074074074074076 0.05185185185185185
9 0.48009259259259257 0.5828703703703704 0.05277777777777778 0.05277777777777778
9 0.3972222222222222 0.5074074074074074 0.06018518518518518 0.06574074074074074
9 0.26296296296296295 0.5444444444444444 0.046296296296296294 0.05740740740740741
9 0.3106481481481482 0.5453703703703704 0.049074074074074076 0.05
9 0.3226851851851852 0.6018518518518519 0.049074074074074076 0.05648148148148148
9 0.21064814814814814 0.5518518518518518 0.049074074074074076 0.05925925925925926
9 0.22916666666666666 0.6050925925925926 0.053703703703703705 0.044444444444444446
9 0.1597222222222222 0.5481481481481482 0.062037037037037036 0.046296296296296294
9 0.04398148148148148 0.4439814814814815 0.06296296296296296 0.05648148148148148
9 0.1375 0.2828703703703704 0.07777777777777778 0.05740740740740741
9 0.21296296296296297 0.2865740740740741 0.05555555555555555 0.05185185185185185
9 0.3902777777777778 0.33287037037037037 0.075 0.06944444444444445
9 0.3476851851851852 0.4444444444444444 0.040740740740740744 0.03518518518518519
9 0.35555555555555557 0.2773148148148148 0.044444444444444446 0.03796296296296296
9 0.2847222222222222 0.2833333333333333 0.04722222222222222 0.03333333333333333
9 0.4263888888888889 0.1962962962962963 0.05555555555555555 0.05925925925925926
9 0.46111111111111114 0.2361111111111111 0.041666666666666664 0.05555555555555555
9 0.49212962962962964 0.22685185185185186 0.030555555555555555 0.06018518518518518
9 0.5060185185185185 0.16111111111111112 0.05277777777777778 0.05555555555555555
9 0.7717592592592593 0.14629629629629629 0.037037037037037035 0.04259259259259259
9 0.7675925925925926 0.1736111111111111 0.03425925925925926 0.023148148148148147
9 0.7768518518518519 0.24583333333333332 0.062037037037037036 0.0712962962962963
9 0.6620370370370371 0.3486111111111111 0.058333333333333334 0.03981481481481482
9 0.7291666666666666 0.33240740740740743 0.05185185185185185 0.05
9 0.6990740740740741 0.42268518518518516 0.05925925925925926 0.044444444444444446
9 0.7671296296296296 0.5277777777777778 0.04722222222222222 0.06388888888888888
9 0.6212962962962963 0.5120370370370371 0.05185185185185185 0.06111111111111111
9 0.6157407407407407 0.46111111111111114 0.03888888888888889 0.037037037037037035
9 0.5407407407407407 0.31712962962962965 0.04259259259259259 0.06111111111111111
9 0.4583333333333333 0.3962962962962963 0.062037037037037036 0.05
0 0.15138888888888888 0.6527777777777778 0.15 0.12407407407407407
0 0.25972222222222224 0.40694444444444444 0.12407407407407407 0.18333333333333332
0 0.3351851851851852 0.49398148148148147 0.07037037037037037 0.06296296296296296
0 0.3861111111111111 0.5726851851851852 0.08055555555555556 0.0787037037037037
0 0.29259259259259257 0.7675925925925926 0.1175925925925926 0.18425925925925926
0 0.8245370370370371 0.4351851851851852 0.0962962962962963 0.1638888888888889
0 0.8731481481481481 0.6398148148148148 0.14074074074074075 0.21296296296296297
0 0.6037037037037037 0.38796296296296295 0.09814814814814815 0.1175925925925926
0 0.3347222222222222 0.2449074074074074 0.2796296296296296 0.14629629629629629
0 0.6027777777777777 0.15648148148148147 0.18888888888888888 0.17037037037037037
4 0.4726851851851852 0.7907407407407407 0.09907407407407408 0.1814814814814815
4 0.1449074074074074 0.4222222222222222 0.11666666666666667 0.17314814814814813
4 0.4875 0.4101851851851852 0.14907407407407408 0.1175925925925926
4 0.7152777777777778 0.20416666666666666 0.10185185185185185 0.1648148148148148