14 0.4962962962962963 0.48148148148148145 0.9824074074074074 0.58
8 0.3861111111111111 0.5444444444444444 0.08611111111111111 0.052592592592592594
8 0.29583333333333334 0.5644444444444444 0.06759259259259259 0.05333333333333334
8 0.4449074074074074 0.4759259259259259 0.06666666666666667 0.04
8 0.6893518518518519 0.4285185185185185 0.07407407407407407 0.045925925925925926
8 0.8097222222222222 0.4255555555555556 0.08888888888888889 0.05037037037037037
8 0.8328703703703704 0.5588888888888889 0.062037037037037036 0.07555555555555556
8 0.6032407407407407 0.5311111111111111 0.075 0.03925925925925926
8 0.5592592592592592 0.3411111111111111 0.041666666666666664 0.0362962962962963
8 0.3277777777777778 0.3611111111111111 0.10925925925925926 0.05037037037037037
8 0.11990740740740741 0.38074074074074077 0.04537037037037037 0.034074074074074076
15 0.20277777777777778 0.38333333333333336 0.08611111111111111 0.045925925925925926
15 0.18055555555555555 0.41888888888888887 0.1111111111111111 0.04518518518518518
15 0.4537037037037037 0.4066666666666667 0.07407407407407407 0.040740740740740744
15 0.5018518518518519 0.4937037037037037 0.044444444444444446 0.034074074074074076
15 0.17314814814814813 0.5333333333333333 0.10648148148148148 0.07037037037037037
15 0.1527777777777778 0.6133333333333333 0.13055555555555556 0.09111111111111111
15 0.39537037037037037 0.6696296296296296 0.10277777777777777 0.052592592592592594
15 0.5055555555555555 0.6548148148148148 0.08055555555555556 0.04666666666666667
15 0.6208333333333333 0.6133333333333333 0.06944444444444445 0.07481481481481482
15 0.874537037037037 0.5066666666666667 0.08518518518518518 0.04888888888888889
15 0.8712962962962963 0.5885185185185186 0.053703703703703705 0.05925925925925926
15 0.8657407407407407 0.41555555555555557 0.05277777777777778 0.0362962962962963
15 0.5263888888888889 0.24888888888888888 0.12222222222222222 0.061481481481481484
15 0.7337962962962963 0.2411111111111111 0.07777777777777778 0.05851851851851852
15 0.5851851851851851 0.27 0.08055555555555556 0.04666666666666667