14 0.5 0.48148148148148145 0.9537037037037037 0.5437037037037037
8 0.3787037037037037 0.5296296296296297 0.08333333333333333 0.04888888888888889
8 0.28564814814814815 0.5381481481481482 0.06481481481481481 0.051111111111111114
8 0.45046296296296295 0.46925925925925926 0.06388888888888888 0.037037037037037035
8 0.700925925925926 0.4533333333333333 0.07222222222222222 0.0437037037037037
8 0.8203703703703704 0.4651851851851852 0.08611111111111111 0.047407407407407405
8 0.8175925925925925 0.5996296296296296 0.05740740740740741 0.07407407407407407
8 0.5958333333333333 0.5437037037037037 0.07314814814814814 0.0362962962962963
8 0.5893518518518519 0.35074074074074074 0.03888888888888889 0.03481481481481481
8 0.3574074074074074 0.3414814814814815 0.10740740740740741 0.04666666666666667
8 0.1476851851851852 0.33444444444444443 0.04351851851851852 0.03259259259259259
15 0.22916666666666666 0.3474074074074074 0.08425925925925926 0.042222222222222223
15 0.20046296296296295 0.38 0.10833333333333334 0.040740740740740744
15 0.4726851851851852 0.40185185185185185 0.0712962962962963 0.03777777777777778
15 0.5027777777777778 0.49407407407407405 0.04259259259259259 0.03259259259259259
15 0.17083333333333334 0.4918518518518519 0.10277777777777777 0.06592592592592593
15 0.13472222222222222 0.5685185185185185 0.1259259259259259 0.08666666666666667
15 0.36342592592592593 0.6544444444444445 0.1 0.04888888888888889
15 0.475 0.6537037037037037 0.0787037037037037 0.0437037037037037
15 0.5967592592592592 0.6270370370370371 0.06481481481481481 0.0725925925925926
15 0.8689814814814815 0.5537037037037037 0.08333333333333333 0.04518518518518518
15 0.8490740740740741 0.6337037037037037 0.05 0.05703703703703704
15 0.8777777777777778 0.4622222222222222 0.05092592592592592 0.03481481481481481
15 0.575 0.25555555555555554 0.11944444444444445 0.05703703703703704
15 0.7814814814814814 0.2737037037037037 0.075 0.05555555555555555
15 0.6291666666666667 0.2833333333333333 0.0787037037037037 0.0437037037037037