14 0.5 0.5 1 1
7 0.22150735294117646 0.3704044117647059 0.2849264705882353 0.25
7 0.5183823529411765 0.04871323529411765 0.20220588235294118 0.0974264705882353
7 0.6709558823529411 0.3161764705882353 0.21875 0.23161764705882354
7 0.7113970588235294 0.08915441176470588 0.14154411764705882 0.1213235294117647
7 0.8887867647058824 0.16544117647058823 0.18382352941176472 0.18382352941176472
7 0.9457720588235294 0.4641544117647059 0.10845588235294118 0.19669117647058823
7 0.90625 0.6185661764705882 0.17279411764705882 0.12867647058823528
7 0.8097426470588235 0.7490808823529411 0.21507352941176472 0.21323529411764705
7 0.7840073529411765 0.9420955882352942 0.23345588235294118 0.11580882352941177
7 0.30606617647058826 0.9090073529411765 0.2113970588235294 0.15441176470588236
7 0.39246323529411764 0.7564338235294118 0.13051470588235295 0.19852941176470587
7 0.5376838235294118 0.6681985294117647 0.16911764705882354 0.14154411764705882
7 0.4540441176470588 0.46599264705882354 0.1875 0.17095588235294118
7 0.28308823529411764 0.6617647058823529 0.25735294117647056 0.21875
5 0.48161764705882354 0.9283088235294118 0.14705882352941177 0.14338235294117646
5 0.6341911764705882 0.9375 0.17647058823529413 0.125
5 0.6332720588235294 0.703125 0.11580882352941177 0.0974264705882353
5 0.8998161764705882 0.5082720588235294 0.11397058823529412 0.11580882352941177
5 0.7803308823529411 0.17555147058823528 0.10845588235294118 0.13051470588235295
5 0.6001838235294118 0.14613970588235295 0.09926470588235294 0.09926470588235294
5 0.4016544117647059 0.029411764705882353 0.11213235294117647 0.058823529411764705
5 0.24632352941176472 0.20680147058823528 0.09191176470588236 0.09558823529411764
5 0.4108455882352941 0.29871323529411764 0.1323529411764706 0.09375
5 0.40441176470588236 0.4641544117647059 0.09558823529411764 0.09191176470588236
5 0.08272058823529412 0.4375 0.0974264705882353 0.09558823529411764
5 0.9724264705882353 0.21415441176470587 0.05514705882352941 0.12683823529411764
4 0.5799632352941176 0.8033088235294118 0.25183823529411764 0.17279411764705882
4 0.3125 0.53125 0.23529411764705882 0.11764705882352941
4 0.11213235294117647 0.546875 0.15992647058823528 0.13786764705882354
4 0.5073529411764706 0.17830882352941177 0.18933823529411764 0.1875
4 0.3391544117647059 0.23345588235294118 0.11397058823529412 0.11764705882352941
7 0.4025735294117647 0.16911764705882354 0.15992647058823528 0.12683823529411764
7 0.6213235294117647 0.5119485294117647 0.17647058823529413 0.13602941176470587