14 0.5 0.5009191176470589 1 0.9981617647058824
7 0.19669117647058823 0.44669117647058826 0.2426470588235294 0.1948529411764706
7 0.39797794117647056 0.043198529411764705 0.18566176470588236 0.08639705882352941
7 0.6176470588235294 0.27849264705882354 0.17463235294117646 0.19301470588235295
7 0.5974264705882353 0.04871323529411765 0.1213235294117647 0.09375
7 0.7886029411764706 0.07628676470588236 0.15073529411764705 0.15073529411764705
7 0.9430147058823529 0.34375 0.11397058823529412 0.17279411764705882
7 0.9227941176470589 0.5091911764705882 0.15441176470588236 0.09191176470588236
7 0.8639705882352942 0.6608455882352942 0.17647058823529413 0.17463235294117646
7 0.9034926470588235 0.9080882352941176 0.19301470588235295 0.18382352941176472
7 0.4181985294117647 0.9457720588235294 0.18933823529411764 0.10845588235294118
7 0.46231617647058826 0.7757352941176471 0.08639705882352941 0.18198529411764705
7 0.5799632352941176 0.6525735294117647 0.14705882352941177 0.10661764705882353
7 0.44669117647058826 0.4797794117647059 0.15808823529411764 0.13419117647058823
7 0.3327205882352941 0.7123161764705882 0.22242647058823528 0.16727941176470587
5 0.5965073529411765 0.9273897058823529 0.11580882352941177 0.13419117647058823
5 0.7518382352941176 0.9200367647058824 0.13970588235294118 0.15992647058823528
5 0.6810661764705882 0.6617647058823529 0.10110294117647059 0.07352941176470588
5 0.8878676470588235 0.40441176470588236 0.09191176470588236 0.09558823529411764
5 0.6865808823529411 0.11397058823529412 0.08272058823529412 0.11213235294117647
5 0.5055147058823529 0.1323529411764706 0.08088235294117647 0.08088235294117647
5 0.2766544117647059 0.046875 0.09375 0.08639705882352941
5 0.17830882352941177 0.2821691176470588 0.07352941176470588 0.07904411764705882
5 0.36121323529411764 0.3290441176470588 0.11948529411764706 0.06433823529411764
5 0.39797794117647056 0.4898897058823529 0.07904411764705882 0.07536764705882353
5 0.08088235294117647 0.5477941176470589 0.08088235294117647 0.07720588235294118
5 0.9053308823529411 0.09650735294117647 0.07536764705882353 0.11213235294117647
4 0.65625 0.7720588235294118 0.22977941176470587 0.11764705882352941
4 0.3272058823529412 0.5790441176470589 0.22794117647058823 0.06066176470588235
4 0.13694852941176472 0.6452205882352942 0.13786764705882354 0.10661764705882353
4 0.42371323529411764 0.18658088235294118 0.15625 0.15257352941176472
4 0.2757352941176471 0.28400735294117646 0.09191176470588236 0.0974264705882353
7 0.32077205882352944 0.20496323529411764 0.13970588235294118 0.09375
7 0.6204044117647058 0.4797794117647059 0.15625 0.09926470588235294
7 0.9742647058823529 0.04779411764705882 0.051470588235294115 0.08823529411764706