14 0.5044907407407407 0.5030148148148148 0.9565185185185184 0.7418296296296296
11 0.28875 0.29517777777777776 0.08830555555555555 0.0706074074074074
11 0.21081481481481482 0.3473555555555556 0.09600925925925925 0.08235555555555556
11 0.31306481481481485 0.37235555555555555 0.09217592592592593 0.0694074074074074
11 0.40142592592592596 0.36803703703703705 0.1068611111111111 0.08298518518518519
11 0.41762962962962963 0.2318962962962963 0.10223148148148148 0.07366666666666667
11 0.44463888888888886 0.29332592592592593 0.1099537037037037 0.0743111111111111
11 0.5808425925925925 0.23776296296296298 0.09995370370370371 0.0816962962962963
11 0.6495277777777778 0.26616296296296293 0.11694444444444445 0.07923703703703704
11 0.7413518518518518 0.3732814814814815 0.07838888888888888 0.08977777777777778
11 0.8509351851851852 0.43163703703703704 0.07532407407407407 0.11388148148148149
11 0.5445740740740741 0.36494814814814813 0.09223148148148148 0.07680740740740741
11 0.6313888888888889 0.40817037037037035 0.11308333333333333 0.07435555555555555
11 0.7641203703703704 0.527637037037037 0.10076851851851852 0.09478518518518518
11 0.5812314814814815 0.5514074074074073 0.11462037037037037 0.05713333333333333
11 0.5144722222222222 0.4902814814814815 0.1061111111111111 0.08303703703703703
11 0.6275277777777778 0.6384666666666666 0.10537037037037036 0.09791851851851852
11 0.48785185185185187 0.6789037037037037 0.11305555555555555 0.0862074074074074
11 0.3813611111111111 0.6072888888888889 0.11302777777777777 0.09111851851851853
11 0.31769444444444445 0.5069555555555555 0.08291666666666667 0.07934074074074074
11 0.24322222222222223 0.6026518518518519 0.11453703703703703 0.08555555555555555
11 0.12669444444444444 0.5214666666666666 0.11296296296296296 0.08984444444444445
4 0.4064351851851852 0.4872 0.103 0.12872592592592594
4 0.6464351851851852 0.4760814814814815 0.13855555555555554 0.04722222222222222
4 0.6769166666666667 0.5483185185185185 0.07450925925925926 0.06577777777777778
4 0.766824074074074 0.4482962962962963 0.1015462962962963 0.05832592592592592
4 0.2061851851851852 0.4260740740740741 0.14230555555555555 0.07313333333333334
4 0.654925925925926 0.3396296296296296 0.09997222222222223 0.06321481481481482