14 0.5003125 0.5012316176470588 0.9993749999999999 0.9975367647058823
7 0.19713235294117645 0.4468566176470588 0.24229779411764707 0.19395220588235296
7 0.3984375 0.04387867647058824 0.18534926470588234 0.08775735294117648
7 0.6172058823529412 0.27862132352941177 0.174375 0.1920404411764706
7 0.5975919117647058 0.04878676470588235 0.12044117647058823 0.09264705882352942
7 0.7888051470588235 0.07606617647058823 0.1499080882352941 0.15088235294117647
7 0.9433272058823529 0.3445036764705882 0.1133639705882353 0.1730698529411765
7 0.9231066176470588 0.5099632352941177 0.15378676470588235 0.09224264705882353
7 0.8641727941176471 0.6607536764705882 0.17566176470588235 0.17321691176470588
7 0.9038051470588235 0.9084007352941177 0.19238970588235293 0.1831985294117647
7 0.4186580882352941 0.9460845588235294 0.18904411764705883 0.10784926470588235
7 0.4621691176470588 0.7753492647058824 0.08487132352941176 0.18183823529411766
7 0.5795220588235294 0.6527757352941177 0.1467830882352941 0.10579044117647059
7 0.4468566176470588 0.4793382352941176 0.15716911764705882 0.13389705882352942
7 0.3322610294117647 0.7122242647058823 0.2221139705882353 0.16832720588235292
5 0.5966727941176471 0.9273529411764706 0.1149264705882353 0.13286764705882353
5 0.7523345588235294 0.9203492647058824 0.13948529411764704 0.1593014705882353
5 0.68125 0.6619669117647059 0.10023897058823529 0.07270220588235293
5 0.8880698529411765 0.4045588235294118 0.0911029411764706 0.09465073529411765
5 0.6867647058823529 0.11375 0.08185661764705883 0.11229779411764707
5 0.5053676470588235 0.1324264705882353 0.07935661764705883 0.07981617647058824
5 0.27678308823529413 0.04724264705882353 0.09279411764705882 0.08591911764705883
5 0.17873161764705883 0.2825919117647059 0.07316176470588234 0.07865808823529412
5 0.3616544117647059 0.32886029411764706 0.11915441176470587 0.06457720588235294
5 0.398125 0.48974264705882353 0.07810661764705883 0.07384191176470589
5 0.08099264705882353 0.5476654411764706 0.07987132352941177 0.07571691176470588
5 0.9052389705882353 0.09689338235294118 0.07393382352941176 0.11167279411764706
4 0.6558272058823529 0.7722794117647059 0.2295404411764706 0.11687499999999999
4 0.3273529411764706 0.5786029411764706 0.22700367647058822 0.06040441176470588
4 0.13705882352941176 0.6454227941176471 0.136875 0.10579044117647059
4 0.4235661764705882 0.18698529411764706 0.15472426470588235 0.15216911764705882
4 0.2761764705882353 0.2844301470588235 0.0915625 0.0970404411764706
7 0.32060661764705883 0.20536764705882352 0.13998161764705883 0.09332720588235295
7 0.6205882352941177 0.47994485294117645 0.15538602941176471 0.09836397058823529
7 0.9745772058823529 0.048474264705882356 0.050863970588235295 0.0883639705882353