14 0.5003888888888889 0.4953111111111111 0.9992314814814816 0.8782740740740741
15 0.11164814814814815 0.42391111111111107 0.10601851851851851 0.0651037037037037
15 0.18496296296296297 0.3964370370370371 0.09523148148148147 0.0583037037037037
15 0.04875 0.365562962962963 0.07744444444444444 0.041
15 0.2169814814814815 0.6217925925925926 0.04353703703703704 0.04234814814814815
15 0.14675925925925926 0.6236444444444444 0.032712962962962965 0.02382222222222222
15 0.05955555555555555 0.6267259259259259 0.07127777777777779 0.03740740740740741
15 0.4361481481481482 0.5933925925925926 0.04667592592592592 0.04480740740740741
15 0.6171111111111112 0.5649851851851851 0.06137962962962964 0.04725925925925926
15 0.702 0.6196296296296296 0.07375000000000001 0.04172592592592592
15 0.914212962962963 0.6363037037037037 0.08151851851851852 0.04543703703703704
15 0.713574074074074 0.794362962962963 0.05060185185185185 0.04303703703703704
15 0.7425092592592593 0.7372518518518518 0.06681481481481481 0.05845185185185185
15 0.7108703703703704 0.4186592592592593 0.059083333333333335 0.0434962962962963
15 0.6313888888888889 0.47175555555555554 0.06678703703703703 0.03857777777777777
15 0.5121574074074075 0.40075555555555553 0.04591666666666667 0.04471851851851852
15 0.5735092592592592 0.38007407407407406 0.06213888888888889 0.051503703703703704
15 0.4222592592592593 0.39025925925925925 0.06519444444444444 0.04594814814814815
15 0.30842592592592594 0.4853407407407408 0.055129629629629626 0.05834074074074074
15 0.20926851851851852 0.5162148148148148 0.05587962962962963 0.06082222222222222
15 0.2617407407407408 0.47916296296296296 0.04971296296296296 0.03117037037037037
15 0.4261111111111111 0.4748444444444444 0.08216666666666667 0.05957037037037037
15 0.2875925925925926 0.39952592592592595 0.05049074074074074 0.06447407407407407
15 0.2918425925925926 0.3257407407407407 0.07287962962962963 0.04654074074074074
15 0.10161111111111111 0.3038222222222222 0.048907407407407406 0.050851851851851856
15 0.24708333333333335 0.24485925925925925 0.05742592592592593 0.05514814814814815
15 0.17724074074074073 0.20503703703703705 0.04275 0.04586666666666667
15 0.4847685185185185 0.16922222222222222 0.09762037037037037 0.06314074074074073
15 0.5881666666666667 0.1726222222222222 0.06368518518518519 0.05141481481481481
15 0.6159537037037037 0.3198740740740741 0.054435185185185184 0.06074074074074074
15 0.8956944444444445 0.3106148148148148 0.06299074074074074 0.07184444444444445
15 0.8663703703703703 0.3797629629629629 0.1247222222222222 0.062
15 0.7741481481481481 0.5912296296296297 0.0837962962962963 0.04418518518518518
15 0.8621203703703704 0.598637037037037 0.05603703703703704 0.02937037037037037
15 0.8937592592592593 0.5646814814814816 0.0545 0.04294074074074074
15 0.8451481481481481 0.658837037037037 0.05912037037037037 0.06459259259259259
15 0.2243148148148148 0.732925925925926 0.0350462962962963 0.05721481481481481
15 0.34353703703703703 0.6798296296296296 0.05590740740740741 0.039903703703703705
2 0.593574074074074 0.6539037037037037 0.07449074074074075 0.07693333333333334
2 0.5268240740740741 0.5754814814814815 0.047462962962962964 0.038622222222222224
2 0.4824444444444444 0.6347555555555555 0.037425925925925925 0.03864444444444445
2 0.31228703703703703 0.7261333333333333 0.09062962962962963 0.05103703703703704
2 0.16799074074074075 0.6674814814814815 0.17239814814814813 0.044837037037037036
2 0.20772222222222222 0.4520074074074074 0.08057407407407408 0.07314074074074074
2 0.6190370370370369 0.13032592592592593 0.06987037037037036 0.0446
2 0.304962962962963 0.1398962962962963 0.11763888888888889 0.06745185185185186
2 0.8165925925925925 0.322037037037037 0.08535185185185186 0.05394814814814815
2 0.6483703703703704 0.3717333333333333 0.11 0.038533333333333336
2 0.9412222222222222 0.4976962962962963 0.08924074074074073 0.07562962962962963
2 0.5669444444444444 0.5038666666666667 0.06290740740740741 0.07316296296296296
2 0.42765740740740743 0.27356296296296295 0.05747222222222222 0.042192592592592594
15 0.42032407407407407 0.2457851851851852 0.08448148148148148 0.04588888888888889
15 0.4809074074074074 0.32666666666666666 0.07137962962962963 0.05209629629629629
15 0.7101018518518518 0.17571111111111112 0.04827777777777778 0.065
15 0.26637037037037037 0.5754888888888888 0.06824074074074074 0.05343703703703704
15 0.6533796296296296 0.7628740740740741 0.050583333333333334 0.03931851851851852