14 0.5 0.49027777777777776 1 0.6898148148148148
4 0.28055555555555556 0.3375 0.1824074074074074 0.13240740740740742
4 0.21342592592592594 0.4787037037037037 0.2064814814814815 0.14166666666666666
4 0.3087962962962963 0.638425925925926 0.1287037037037037 0.1259259259259259
4 0.41944444444444445 0.4787037037037037 0.1962962962962963 0.14444444444444443
4 0.4398148148148148 0.3402777777777778 0.12314814814814815 0.11944444444444445
4 0.5125 0.24305555555555555 0.10740740740740741 0.06481481481481481
4 0.587037037037037 0.36018518518518516 0.14629629629629629 0.14722222222222223
4 0.7490740740740741 0.36064814814814816 0.17037037037037037 0.1685185185185185
4 0.850925925925926 0.5185185185185185 0.12685185185185185 0.11666666666666667
4 0.7199074074074074 0.5925925925925926 0.1925925925925926 0.1287037037037037
4 0.5717592592592593 0.549074074074074 0.09537037037037037 0.21203703703703702
14 0.21944444444444444 0.07407407407407407 0.25092592592592594 0.12685185185185185