14 0.5 0.5022222222222222 1 0.8296296296296296
11 0.25925925925925924 0.3174074074074074 0.09907407407407408 0.07851851851851852
11 0.18981481481481483 0.37666666666666665 0.10833333333333334 0.09185185185185185
11 0.2949074074074074 0.3914814814814815 0.10277777777777777 0.07777777777777778
11 0.3819444444444444 0.37851851851851853 0.11851851851851852 0.09259259259259259
11 0.3773148148148148 0.24185185185185185 0.11203703703703703 0.0837037037037037
11 0.4134259259259259 0.30037037037037034 0.12037037037037036 0.08444444444444445
11 0.5402777777777777 0.23185185185185186 0.11203703703703703 0.09037037037037036
11 0.6129629629629629 0.25333333333333335 0.1287037037037037 0.09037037037037036
11 0.7203703703703703 0.35074074074074074 0.09166666666666666 0.09703703703703703
11 0.8379629629629629 0.3977777777777778 0.09259259259259259 0.12074074074074075
11 0.5236111111111111 0.36148148148148146 0.1037037037037037 0.08518518518518518
11 0.6162037037037037 0.3959259259259259 0.12314814814814815 0.08444444444444445
11 0.7662037037037037 0.5018518518518519 0.11481481481481481 0.1037037037037037
11 0.5884259259259259 0.542962962962963 0.12222222222222222 0.06814814814814815
11 0.512962962962963 0.4888888888888889 0.11851851851851852 0.09259259259259259
11 0.6476851851851851 0.6251851851851852 0.11944444444444445 0.10740740740740741
11 0.5152777777777777 0.6788888888888889 0.125 0.09703703703703703
11 0.39861111111111114 0.6181481481481481 0.1259259259259259 0.10148148148148148
11 0.3199074074074074 0.5248148148148148 0.09444444444444444 0.08666666666666667
11 0.26064814814814813 0.6270370370370371 0.12685185185185185 0.09555555555555556
11 0.13287037037037036 0.5577777777777778 0.1259259259259259 0.10074074074074074
4 0.4050925925925926 0.4962962962962963 0.12222222222222222 0.13777777777777778
4 0.6416666666666667 0.46185185185185185 0.14537037037037037 0.06074074074074074
4 0.6828703703703703 0.5307407407407407 0.08333333333333333 0.0725925925925926
4 0.7569444444444444 0.4225925925925926 0.11018518518518519 0.06814814814814815
4 0.19722222222222222 0.4551851851851852 0.1527777777777778 0.08666666666666667
4 0.6291666666666667 0.32555555555555554 0.10925925925925926 0.0725925925925926