14 0.449537037037037 0.6481481481481481 0.6805555555555556 0.4674074074074074
15 0.275 0.674074074074074 0.12222222222222222 0.07703703703703704
9 0.49953703703703706 0.512962962962963 0.04722222222222222 0.037037037037037035
9 0.5606481481481481 0.5885185185185186 0.044444444444444446 0.03259259259259259
9 0.6407407407407407 0.7633333333333333 0.05555555555555555 0.05555555555555555
4 0.33240740740740743 0.6114814814814815 0.14629629629629629 0.03481481481481481
4 0.4527777777777778 0.6403703703703704 0.13703703703703704 0.07777777777777778
4 0.6087962962962963 0.5288888888888889 0.11944444444444445 0.07925925925925927
4 0.6560185185185186 0.6411111111111111 0.09814814814814815 0.0674074074074074
4 0.5652777777777778 0.6414814814814814 0.06574074074074074 0.06444444444444444
4 0.3435185185185185 0.5537037037037037 0.12777777777777777 0.07407407407407407
8 0.7328703703703704 0.65 0.044444444444444446 0.07185185185185185
8 0.5509259259259259 0.4588888888888889 0.07592592592592592 0.05703703703703704
8 0.6319444444444444 0.46 0.05277777777777778 0.03851851851851852
9 0.32546296296296295 0.8048148148148148 0.04814814814814815 0.034074074074074076
4 0.4736111111111111 0.76 0.1935185185185185 0.08074074074074074