14 0.51225 0.48840384615384613 0.9603055555555556 0.9562980769230769
9 0.3624907407407407 0.20138461538461538 0.057074074074074076 0.06302884615384616
9 0.1982685185185185 0.23088461538461538 0.07678703703703704 0.0989423076923077
9 0.17727777777777778 0.37546153846153846 0.06443518518518519 0.045788461538461535
9 0.2544444444444445 0.3934134615384615 0.04346296296296296 0.04579807692307693
9 0.30568518518518517 0.4331634615384615 0.047185185185185184 0.06120192307692308
9 0.42854629629629626 0.2161346153846154 0.04844444444444444 0.05405769230769231
9 0.4896666666666667 0.11675 0.05957407407407408 0.06299038461538461
9 0.5615833333333333 0.102 0.05156481481481481 0.05656730769230769
9 0.5927592592592592 0.13277884615384616 0.0509537037037037 0.04888461538461539
9 0.5794907407407408 0.18182692307692308 0.05774074074074074 0.058528846153846154
9 0.6520277777777779 0.17060576923076923 0.05097222222222222 0.047625
9 0.7146851851851852 0.15553846153846154 0.05407407407407407 0.05979807692307692
9 0.5893703703703703 0.40591346153846153 0.06268518518518519 0.05670192307692307
9 0.5569537037037037 0.2683846153846154 0.03119444444444444 0.05472115384615384
9 0.6081944444444445 0.3020480769230769 0.044787037037037035 0.048961538461538466
9 0.49027777777777776 0.314875 0.05339814814814815 0.06692307692307692
9 0.43533333333333335 0.36135576923076923 0.054620370370370375 0.05603846153846154
9 0.26864814814814814 0.52325 0.07680555555555556 0.052903846153846155
9 0.1559814814814815 0.6405865384615385 0.05516666666666666 0.05680769230769231
9 0.3393333333333334 0.6675096153846154 0.06632407407407406 0.056817307692307695
9 0.44243518518518515 0.6662307692307692 0.0873425925925926 0.06194230769230769
9 0.2683425925925926 0.838701923076923 0.057666666666666665 0.0684326923076923
9 0.40075925925925926 0.8665961538461538 0.052138888888888894 0.058826923076923075
9 0.46002777777777776 0.7668942307692308 0.07437962962962963 0.04788461538461538
9 0.5918333333333333 0.7643269230769231 0.07502777777777778 0.04275
9 0.6223981481481482 0.7899711538461539 0.05837037037037037 0.04020192307692308
9 0.7532777777777777 0.7508653846153845 0.060870370370370366 0.06967307692307692
9 0.7514259259259259 0.8547307692307692 0.05716666666666667 0.05433653846153846
9 0.6730185185185186 0.706625 0.05591666666666667 0.10427884615384615
9 0.7412407407407408 0.5719807692307692 0.05531481481481482 0.05036538461538462
9 0.8866203703703703 0.6562884615384615 0.0535 0.06129807692307692
9 0.8693425925925926 0.5245288461538461 0.05596296296296296 0.06316346153846153
9 0.9733611111111111 0.4174615384615385 0.04549074074074074 0.06440384615384616
9 0.7853796296296297 0.34244230769230766 0.028777777777777777 0.03744230769230769
10 0.8603888888888889 0.295 0.10102777777777777 0.09640384615384616
10 0.2853148148148148 0.21965384615384614 0.09039814814814814 0.10086538461538462
10 0.3161851851851852 0.3129519230769231 0.09039814814814814 0.07076923076923076
10 0.17173148148148148 0.4411826923076923 0.17185185185185184 0.07338461538461538
10 0.4615740740740741 0.48189423076923077 0.08858333333333333 0.08943269230769231
10 0.40385185185185185 0.7069423076923077 0.0953611111111111 0.07799038461538461
10 0.74525 0.46875 0.0818611111111111 0.0900673076923077
10 0.7085185185185185 0.11386538461538462 0.13062037037037036 0.06875961538461539
10 0.6971018518518518 0.37385576923076924 0.09666666666666668 0.07720192307692308
10 0.6903055555555555 0.6139711538461539 0.07567592592592592 0.053586538461538456
10 0.6211574074074074 0.7149615384615384 0.05589814814814815 0.097875
10 0.4983055555555555 0.3696923076923077 0.06945370370370371 0.04963461538461538
10 0.4161944444444445 0.28954807692307694 0.07560185185185185 0.06626923076923077
10 0.3927407407407408 0.12444230769230769 0.0509074074074074 0.08607692307692308
8 0.23223148148148148 0.7194519230769231 0.12248148148148148 0.137625
8 0.3235925925925926 0.5437788461538461 0.11262962962962964 0.13242307692307692
8 0.20784259259259258 0.5325480769230769 0.1144537037037037 0.09843269230769232
8 0.17296296296296299 0.33475 0.09283333333333334 0.07590384615384616
8 0.6699351851851851 0.24146153846153848 0.13123148148148148 0.10087499999999999
8 0.9375555555555555 0.31872115384615385 0.07017592592592593 0.09770192307692308
8 0.8437222222222223 0.6098076923076924 0.06768518518518518 0.10295192307692307
8 0.6946296296296297 0.8880769230769231 0.16580555555555554 0.10564423076923077
8 0.5699166666666666 0.6854711538461539 0.06452777777777778 0.10811538461538461
8 0.5946203703703704 0.5908942307692308 0.10651851851851853 0.115125
12 0.8637870370370371 0.18120192307692307 0.08929629629629629 0.13675
12 0.8236574074074073 0.3844423076923077 0.15719444444444444 0.10221153846153846
12 0.6893796296296296 0.46875961538461536 0.0923425925925926 0.10546153846153847
12 0.55325 0.5081826923076923 0.1126851851851852 0.07277884615384615
12 0.6634537037037037 0.536076923076923 0.07751851851851851 0.07855769230769231
12 0.8409444444444445 0.7572788461538462 0.10287037037037036 0.11327884615384616
12 0.762537037037037 0.8034326923076923 0.08680555555555555 0.03635576923076923
12 0.5921481481481481 0.8156153846153846 0.13121296296296298 0.029951923076923074
12 0.449537037037037 0.815625 0.09784259259259259 0.06842307692307692
12 0.5112685185185185 0.6803461538461538 0.05834259259259259 0.13632692307692307
12 0.40137962962962964 0.5335096153846154 0.09041666666666667 0.10420192307692308
12 0.3205092592592592 0.738048076923077 0.0990462962962963 0.10557692307692307
12 0.21062037037037037 0.5989038461538462 0.08666666666666666 0.050375
12 0.27667592592592594 0.6437884615384615 0.11508333333333334 0.05552884615384615
12 0.09209259259259259 0.36232692307692305 0.1310925925925926 0.19260576923076922
12 0.32174074074074077 0.10457692307692308 0.12374074074074073 0.13864423076923077
12 0.3853425925925926 0.3828365384615384 0.25092592592592594 0.11824038461538461
12 0.5384351851851852 0.21132692307692308 0.07563888888888888 0.06367307692307692
12 0.5989351851851852 0.3469326923076923 0.06330555555555556 0.0771923076923077