14 0.5046296296296297 0.49615384615384617 0.9907407407407407 0.9923076923076923
9 0.37777777777777777 0.19423076923076923 0.05925925925925926 0.06538461538461539
9 0.21203703703703702 0.21490384615384617 0.08148148148148149 0.10288461538461538
9 0.1837962962962963 0.3581730769230769 0.06666666666666667 0.04903846153846154
9 0.2601851851851852 0.3802884615384615 0.04537037037037037 0.04807692307692308
9 0.30925925925925923 0.42259615384615384 0.05 0.06346153846153846
9 0.44305555555555554 0.2125 0.05092592592592592 0.05673076923076923
9 0.5087962962962963 0.11682692307692308 0.062037037037037036 0.06538461538461539
9 0.5814814814814815 0.10576923076923077 0.053703703703703705 0.058653846153846154
9 0.6111111111111112 0.13846153846153847 0.053703703703703705 0.051923076923076926
9 0.5953703703703703 0.18653846153846154 0.06018518518518518 0.06153846153846154
9 0.6685185185185185 0.17932692307692308 0.053703703703703705 0.05
9 0.7319444444444444 0.16778846153846153 0.05648148148148148 0.0625
9 0.5939814814814814 0.4110576923076923 0.06481481481481481 0.05961538461538462
9 0.5685185185185185 0.27163461538461536 0.03333333333333333 0.05673076923076923
9 0.6180555555555556 0.30817307692307694 0.04722222222222222 0.05096153846153846
9 0.49953703703703706 0.3144230769230769 0.05648148148148148 0.06923076923076923
9 0.4425925925925926 0.3581730769230769 0.05740740740740741 0.058653846153846154
9 0.2675925925925926 0.510576923076923 0.07962962962962963 0.05673076923076923
9 0.14953703703703702 0.6216346153846154 0.05740740740740741 0.05961538461538462
9 0.33101851851851855 0.6586538461538461 0.06851851851851852 0.06057692307692308
9 0.43425925925925923 0.6629807692307692 0.08981481481481482 0.06634615384615385
9 0.2513888888888889 0.8254807692307692 0.06111111111111111 0.07115384615384615
9 0.3824074074074074 0.8605769230769231 0.05462962962962963 0.06153846153846154
9 0.44675925925925924 0.7644230769230769 0.07685185185185185 0.05096153846153846
9 0.5782407407407407 0.76875 0.07685185185185185 0.046153846153846156
9 0.6074074074074074 0.7961538461538461 0.06018518518518518 0.04230769230769231
9 0.7402777777777778 0.7644230769230769 0.06388888888888888 0.07211538461538461
9 0.7333333333333333 0.8677884615384616 0.05925925925925926 0.05673076923076923
9 0.6625 0.7158653846153846 0.06111111111111111 0.10673076923076923
9 0.7375 0.5850961538461539 0.05740740740740741 0.052884615384615384
9 0.8782407407407408 0.676923076923077 0.05555555555555555 0.06346153846153846
9 0.8675925925925926 0.5447115384615384 0.058333333333333334 0.06538461538461539
9 0.9763888888888889 0.4427884615384615 0.04722222222222222 0.06634615384615385
9 0.7930555555555555 0.3581730769230769 0.030555555555555555 0.03942307692307692
10 0.8703703703703703 0.31490384615384615 0.10555555555555556 0.10192307692307692
10 0.29953703703703705 0.20817307692307693 0.09537037037037037 0.10576923076923077
10 0.32592592592592595 0.3033653846153846 0.09351851851851851 0.075
10 0.175 0.4235576923076923 0.175 0.08269230769230769
10 0.4625 0.4798076923076923 0.09259259259259259 0.09423076923076923
10 0.39351851851851855 0.7014423076923076 0.09907407407407408 0.08269230769230769
10 0.7462962962962963 0.48221153846153847 0.08611111111111111 0.09423076923076923
10 0.7277777777777777 0.12596153846153846 0.13425925925925927 0.075
10 0.7032407407407407 0.38461538461538464 0.1 0.08173076923076923
10 0.6842592592592592 0.6240384615384615 0.07777777777777778 0.05673076923076923
10 0.6101851851851852 0.7211538461538461 0.06018518518518518 0.1
10 0.5050925925925925 0.3697115384615385 0.07222222222222222 0.052884615384615384
10 0.42685185185185187 0.28509615384615383 0.0787037037037037 0.07019230769230769
10 0.41203703703703703 0.11923076923076924 0.05555555555555555 0.08846153846153847
8 0.22175925925925927 0.7048076923076924 0.1287037037037037 0.14423076923076922
8 0.32175925925925924 0.5341346153846154 0.11851851851851852 0.1375
8 0.2064814814814815 0.5168269230769231 0.11851851851851852 0.10384615384615385
8 0.18194444444444444 0.3173076923076923 0.0962962962962963 0.08076923076923077
8 0.6828703703703703 0.25096153846153846 0.13518518518518519 0.1076923076923077
8 0.9462962962962963 0.34278846153846154 0.07407407407407407 0.10096153846153846
8 0.8375 0.6283653846153846 0.07314814814814814 0.10673076923076923
8 0.675 0.8980769230769231 0.1712962962962963 0.11442307692307692
8 0.5606481481481481 0.6889423076923077 0.06944444444444445 0.11153846153846154
8 0.5898148148148148 0.5956730769230769 0.11203703703703703 0.1201923076923077
12 0.8791666666666667 0.2014423076923077 0.09537037037037037 0.1423076923076923
12 0.8291666666666667 0.40240384615384617 0.16203703703703703 0.11057692307692307
12 0.6907407407407408 0.4793269230769231 0.09722222222222222 0.10961538461538461
12 0.5527777777777778 0.5110576923076923 0.11574074074074074 0.07788461538461539
12 0.6615740740740741 0.5447115384615384 0.08055555555555556 0.08173076923076923
12 0.8273148148148148 0.7754807692307693 0.10833333333333334 0.11826923076923077
12 0.7467592592592592 0.8173076923076923 0.08796296296296297 0.04038461538461539
12 0.575925925925926 0.8201923076923077 0.13240740740740742 0.03653846153846154
12 0.4337962962962963 0.8125 0.10092592592592593 0.07307692307692308
12 0.5023148148148148 0.6807692307692308 0.06481481481481481 0.13846153846153847
12 0.4 0.5278846153846154 0.09537037037037037 0.10865384615384616
12 0.3087962962962963 0.7278846153846154 0.10462962962962963 0.11057692307692307
12 0.20601851851851852 0.583173076923077 0.08888888888888889 0.05480769230769231
12 0.26990740740740743 0.63125 0.1175925925925926 0.06153846153846154
12 0.09953703703703703 0.3403846153846154 0.1398148148148148 0.19903846153846153
12 0.3421296296296296 0.09519230769230769 0.13055555555555556 0.1451923076923077
12 0.3912037037037037 0.3769230769230769 0.2564814814814815 0.13173076923076923
12 0.5527777777777778 0.21394230769230768 0.0787037037037037 0.0673076923076923
12 0.6064814814814815 0.3524038461538462 0.06666666666666667 0.08076923076923077