14 0.5092592592592593 0.6533333333333333 0.7907407407407407 0.5777777777777777
15 0.35324074074074074 0.7211111111111111 0.1398148148148148 0.09777777777777778
9 0.5046296296296297 0.5122222222222222 0.05555555555555555 0.044444444444444446
9 0.5916666666666667 0.5692592592592592 0.05277777777777778 0.03925925925925926
9 0.7356481481481482 0.7155555555555555 0.06944444444444445 0.0637037037037037
4 0.3837962962962963 0.6474074074074074 0.15092592592592594 0.06222222222222222
4 0.5092592592592593 0.6451851851851852 0.15462962962962962 0.10074074074074074
4 0.6143518518518518 0.5007407407407407 0.13796296296296295 0.09851851851851852
4 0.7027777777777777 0.5955555555555555 0.11388888888888889 0.08296296296296296
4 0.6171296296296296 0.6185185185185185 0.0824074074074074 0.07481481481481482
4 0.37175925925925923 0.59 0.14444444444444443 0.09555555555555556
8 0.7796296296296297 0.5851851851851851 0.06481481481481481 0.07703703703703704
8 0.5328703703703703 0.44851851851851854 0.08981481481481482 0.06888888888888889
8 0.6101851851851852 0.4292592592592593 0.062037037037037036 0.04666666666666667
9 0.45185185185185184 0.832962962962963 0.05555555555555555 0.04148148148148148
4 0.575 0.7540740740740741 0.20833333333333334 0.11481481481481481