14 0.5 0.5 1 1
4 0.07222222222222222 0.4564814814814815 0.14444444444444443 0.2037037037037037
4 0.29259259259259257 0.2125 0.26944444444444443 0.20092592592592592
4 0.624537037037037 0.1787037037037037 0.25555555555555554 0.1925925925925926
4 0.7944444444444444 0.1310185185185185 0.14444444444444443 0.16296296296296298
4 0.899074074074074 0.1 0.10092592592592593 0.1675925925925926
4 0.9337962962962963 0.33425925925925926 0.11388888888888889 0.1685185185185185
4 0.8925925925925926 0.48194444444444445 0.15 0.17037037037037037
4 0.7393518518518518 0.5625 0.2972222222222222 0.262037037037037
4 0.8430555555555556 0.7814814814814814 0.2212962962962963 0.2
4 0.6555555555555556 0.36157407407407405 0.2222222222222222 0.21388888888888888
4 0.5421296296296296 0.49953703703703706 0.175 0.19074074074074074
4 0.3458333333333333 0.45740740740740743 0.31296296296296294 0.2824074074074074
4 0.41712962962962963 0.6837962962962963 0.32407407407407407 0.287962962962963
4 0.5342592592592592 0.8666666666666667 0.2564814814814815 0.24259259259259258
4 0.3023148148148148 0.9305555555555556 0.18055555555555555 0.1388888888888889
4 0.13148148148148148 0.7106481481481481 0.24722222222222223 0.34444444444444444
4 0.14305555555555555 0.9319444444444445 0.16018518518518518 0.1361111111111111
9 0.4708333333333333 0.12546296296296297 0.10462962962962963 0.06666666666666667
9 0.36712962962962964 0.500462962962963 0.10462962962962963 0.09351851851851851
9 0.5152777777777777 0.3958333333333333 0.09259259259259259 0.07222222222222222
9 0.2625 0.6356481481481482 0.12407407407407407 0.08703703703703704
9 0.09027777777777778 0.8212962962962963 0.0824074074074074 0.11388888888888889
9 0.34953703703703703 0.8171296296296297 0.08055555555555556 0.0824074074074074
9 0.9722222222222222 0.7203703703703703 0.05555555555555555 0.08888888888888889
9 0.7550925925925925 0.8064814814814815 0.07592592592592592 0.1175925925925926
9 0.9027777777777778 0.41898148148148145 0.11666666666666667 0.11388888888888889
9 0.9800925925925926 0.4564814814814815 0.03981481481481482 0.08888888888888889
9 0.8870370370370371 0.3476851851851852 0.06481481481481481 0.05
9 0.07222222222222222 0.25 0.07037037037037037 0.08148148148148149
9 0.1726851851851852 0.27037037037037037 0.09351851851851851 0.06851851851851852
9 0.12962962962962962 0.3296296296296296 0.062037037037037036 0.05462962962962963
9 0.43842592592592594 0.2152777777777778 0.0824074074074074 0.07222222222222222
9 0.500462962962963 0.2574074074074074 0.053703703703703705 0.03333333333333333
2 0.6861111111111111 0.10046296296296296 0.14537037037037037 0.14166666666666666
2 0.9111111111111111 0.2175925925925926 0.10185185185185185 0.08148148148148149
2 0.8666666666666667 0.2824074074074074 0.09722222222222222 0.09259259259259259
2 0.7837962962962963 0.3587962962962963 0.14537037037037037 0.14629629629629629
2 0.95 0.6041666666666666 0.1 0.15462962962962962
2 0.5361111111111111 0.7138888888888889 0.1111111111111111 0.09259259259259259
2 0.4287037037037037 0.6458333333333334 0.10833333333333334 0.09074074074074075
2 0.23796296296296296 0.7486111111111111 0.13518518518518519 0.10277777777777777
2 0.1648148148148148 0.5356481481481481 0.13148148148148148 0.10462962962962963
2 0.19490740740740742 0.3388888888888889 0.06666666666666667 0.05185185185185185
2 0.3712962962962963 0.29953703703703705 0.12962962962962962 0.13518518518518519