14 0.5 0.5 1 1
9 0.44166666666666665 0.17451923076923076 0.07037037037037037 0.07596153846153846
9 0.27546296296296297 0.15913461538461537 0.09907407407407408 0.11634615384615385
9 0.21944444444444444 0.29278846153846155 0.07314814814814814 0.06057692307692308
9 0.28935185185185186 0.33125 0.053703703703703705 0.05576923076923077
9 0.32916666666666666 0.38317307692307695 0.06111111111111111 0.07115384615384615
9 0.5018518518518519 0.20673076923076922 0.06018518518518518 0.06538461538461539
9 0.5856481481481481 0.12692307692307692 0.07314814814814814 0.07596153846153846
9 0.6587962962962963 0.13221153846153846 0.06296296296296296 0.06826923076923076
9 0.6810185185185185 0.1701923076923077 0.06111111111111111 0.06057692307692308
9 0.6560185185185186 0.21394230769230768 0.07037037037037037 0.07211538461538461
9 0.7291666666666666 0.22259615384615383 0.06111111111111111 0.05961538461538462
9 0.7930555555555555 0.225 0.06666666666666667 0.07211538461538461
9 0.6097222222222223 0.43317307692307694 0.07407407407407407 0.07115384615384615
9 0.6129629629629629 0.29134615384615387 0.04351851851851852 0.06153846153846154
9 0.6537037037037037 0.33798076923076925 0.05555555555555555 0.05961538461538462
9 0.5365740740740741 0.31875 0.06759259259259259 0.07884615384615384
9 0.4722222222222222 0.3485576923076923 0.06666666666666667 0.06826923076923076
9 0.2708333333333333 0.4600961538461538 0.08703703703703704 0.07211538461538461
9 0.13287037037037036 0.5432692307692307 0.06666666666666667 0.06923076923076923
9 0.30324074074074076 0.61875 0.07777777777777778 0.07211538461538461
9 0.4027777777777778 0.6451923076923077 0.09907407407407408 0.08269230769230769
9 0.19166666666666668 0.7649038461538461 0.07222222222222222 0.08173076923076923
9 0.31296296296296294 0.8274038461538461 0.06481481481481481 0.07019230769230769
9 0.39490740740740743 0.7471153846153846 0.08333333333333333 0.06538461538461539
9 0.5226851851851851 0.7798076923076923 0.08333333333333333 0.06153846153846154
9 0.5458333333333333 0.8129807692307692 0.06666666666666667 0.05384615384615385
9 0.6819444444444445 0.8105769230769231 0.07592592592592592 0.08365384615384615
9 0.6546296296296297 0.9100961538461538 0.06851851851851852 0.0673076923076923
9 0.6157407407407407 0.7461538461538462 0.07962962962962963 0.11538461538461539
9 0.7152777777777778 0.6341346153846154 0.06574074074074074 0.06346153846153846
9 0.8347222222222223 0.7548076923076923 0.06666666666666667 0.07307692307692308
9 0.850462962962963 0.6230769230769231 0.06944444444444445 0.07596153846153846
9 0.9736111111111111 0.5475961538461539 0.05277777777777778 0.07403846153846154
9 0.8148148148148148 0.42451923076923076 0.037037037037037035 0.04423076923076923
10 0.899074074074074 0.39903846153846156 0.12129629629629629 0.1201923076923077
10 0.3625 0.17163461538461539 0.11296296296296296 0.12211538461538461
10 0.36898148148148147 0.26971153846153845 0.10462962962962963 0.09230769230769231
10 0.19768518518518519 0.3548076923076923 0.18425925925925926 0.11634615384615385
10 0.4675925925925926 0.4721153846153846 0.10740740740740741 0.10961538461538461
10 0.35555555555555557 0.6740384615384616 0.1111111111111111 0.10096153846153846
10 0.7449074074074075 0.5355769230769231 0.10092592592592593 0.10865384615384616
10 0.7976851851851852 0.1831730769230769 0.14351851851851852 0.10096153846153846
10 0.7217592592592592 0.43125 0.11203703703703703 0.1
10 0.6555555555555556 0.6610576923076923 0.08611111111111111 0.07115384615384615
10 0.5634259259259259 0.7403846153846154 0.07777777777777778 0.10865384615384616
10 0.5310185185185186 0.3735576923076923 0.07962962962962963 0.06634615384615385
10 0.47129629629629627 0.27403846153846156 0.08888888888888889 0.08461538461538462
10 0.4898148148148148 0.10817307692307693 0.07037037037037037 0.09615384615384616
8 0.1865740740740741 0.6399038461538461 0.1527777777777778 0.16538461538461538
8 0.31851851851851853 0.4947115384615385 0.14166666666666666 0.1576923076923077
8 0.20972222222222223 0.4528846153846154 0.13425925925925927 0.125
8 0.22546296296296298 0.25240384615384615 0.10833333333333334 0.09807692307692308
8 0.7287037037037037 0.29615384615384616 0.15185185185185185 0.1326923076923077
8 0.9611111111111111 0.44182692307692306 0.07777777777777778 0.1125
8 0.8046296296296296 0.6985576923076923 0.09074074074074075 0.11730769230769231
8 0.5912037037037037 0.926923076923077 0.18611111111111112 0.14615384615384616
8 0.5212962962962963 0.698076923076923 0.08888888888888889 0.12115384615384615
8 0.5685185185185185 0.6134615384615385 0.13148148148148148 0.13942307692307693
12 0.9310185185185185 0.2899038461538462 0.12037037037037036 0.15673076923076923
12 0.8412037037037037 0.4754807692307692 0.17685185185185184 0.14038461538461539
12 0.6907407407407408 0.520673076923077 0.11481481481481481 0.12596153846153846
12 0.549537037037037 0.5221153846153846 0.12685185185185185 0.1
12 0.649074074074074 0.5788461538461539 0.09351851851851851 0.09615384615384616
12 0.7652777777777777 0.8403846153846154 0.12777777777777777 0.13653846153846153
12 0.6777777777777778 0.8634615384615385 0.09259259259259259 0.057692307692307696
12 0.5101851851851852 0.8298076923076924 0.13333333333333333 0.06442307692307692
12 0.3726851851851852 0.7913461538461538 0.1111111111111111 0.09230769230769231
12 0.46574074074074073 0.6774038461538462 0.08981481481481482 0.14711538461538462
12 0.3962962962962963 0.5057692307692307 0.11296296296296296 0.125
12 0.2671296296296296 0.6817307692307693 0.12222222222222222 0.12788461538461537
12 0.19583333333333333 0.5177884615384616 0.09537037037037037 0.07115384615384615
12 0.24861111111111112 0.5788461538461539 0.125 0.08365384615384615
12 0.14027777777777778 0.25721153846153844 0.17407407407407408 0.22115384615384615
12 0.42592592592592593 0.07692307692307693 0.1537037037037037 0.15384615384615385
12 0.4185185185185185 0.35625 0.2722222222222222 0.18173076923076922
12 0.6092592592592593 0.23173076923076924 0.08888888888888889 0.08173076923076923
12 0.6337962962962963 0.37884615384615383 0.07962962962962963 0.09134615384615384