14 0.5 0.5014814814814815 1 0.9511111111111111
11 0.21712962962962962 0.36148148148148146 0.11296296296296296 0.08962962962962963
11 0.16435185185185186 0.4311111111111111 0.125 0.1037037037037037
11 0.2712962962962963 0.42814814814814817 0.11574074074074074 0.08962962962962963
11 0.35324074074074074 0.40074074074074073 0.13425925925925927 0.10592592592592592
11 0.31296296296296294 0.2677777777777778 0.12685185185185185 0.0962962962962963
11 0.36342592592592593 0.3188888888888889 0.13425925925925927 0.09851851851851852
11 0.4699074074074074 0.2311111111111111 0.12777777777777777 0.10296296296296296
11 0.5462962962962963 0.24 0.14351851851851852 0.10518518518518519
11 0.6768518518518518 0.3174074074074074 0.1111111111111111 0.10592592592592592
11 0.8041666666666667 0.3440740740740741 0.1175925925925926 0.1274074074074074
11 0.48703703703703705 0.36074074074074075 0.11851851851851852 0.09703703703703703
11 0.587037037037037 0.3788888888888889 0.13703703703703704 0.09925925925925926
11 0.7611111111111111 0.45740740740740743 0.13425925925925927 0.11555555555555555
11 0.5976851851851852 0.5274074074074074 0.13148148148148148 0.0837037037037037
11 0.5097222222222222 0.48703703703703705 0.13425925925925927 0.10592592592592592
11 0.6768518518518518 0.5977777777777777 0.1398148148148148 0.12
11 0.5611111111111111 0.6722222222222223 0.14166666666666666 0.1111111111111111
11 0.43148148148148147 0.6322222222222222 0.14351851851851852 0.11555555555555555
11 0.33055555555555555 0.554074074074074 0.1111111111111111 0.0962962962962963
11 0.29907407407407405 0.664074074074074 0.14351851851851852 0.11037037037037037
11 0.15555555555555556 0.6174074074074074 0.14351851851851852 0.11481481481481481
4 0.4064814814814815 0.5122222222222222 0.15 0.14888888888888888
4 0.6287037037037037 0.43925925925925924 0.15092592592592594 0.08074074074074074
4 0.687037037037037 0.49962962962962965 0.09722222222222222 0.08148148148148149
4 0.7310185185185185 0.3814814814814815 0.12037037037037036 0.08148148148148149
4 0.19212962962962962 0.5066666666666667 0.1648148148148148 0.10666666666666667
4 0.5810185185185185 0.30814814814814817 0.12037037037037036 0.08592592592592592