14 0.4861111111111111 0.6325925925925926 0.9722222222222222 0.6148148148148148
15 0.324537037037037 0.5755555555555556 0.10185185185185185 0.06074074074074074
15 0.2773148148148148 0.47 0.08148148148148149 0.04814814814814815
15 0.43472222222222223 0.47 0.07037037037037037 0.057777777777777775
15 0.5319444444444444 0.4651851851851852 0.08148148148148149 0.04962962962962963
15 0.6231481481481481 0.47814814814814816 0.08518518518518518 0.05037037037037037
15 0.7092592592592593 0.5014814814814815 0.06574074074074074 0.04
15 0.7685185185185185 0.5988888888888889 0.07314814814814814 0.045925925925925926
15 0.7171296296296297 0.7240740740740741 0.1287037037037037 0.08296296296296296
15 0.6101851851851852 0.6077777777777778 0.10462962962962963 0.06
15 0.48009259259259257 0.5611111111111111 0.06388888888888888 0.05037037037037037
15 0.537962962962963 0.5062962962962962 0.06481481481481481 0.044444444444444446
15 0.4935185185185185 0.6981481481481482 0.09537037037037037 0.08222222222222222
15 0.37962962962962965 0.6696296296296296 0.10185185185185185 0.09185185185185185
4 0.3819444444444444 0.5185185185185185 0.14444444444444443 0.08518518518518518
4 0.35324074074074074 0.45111111111111113 0.0962962962962963 0.044444444444444446
4 0.24166666666666667 0.5696296296296296 0.12037037037037036 0.15851851851851853
4 0.29583333333333334 0.6696296296296296 0.08611111111111111 0.1362962962962963
4 0.4777777777777778 0.6203703703703703 0.18055555555555555 0.06888888888888889
4 0.6046296296296296 0.6981481481481482 0.125 0.14814814814814814
4 0.775 0.6492592592592593 0.16296296296296298 0.06666666666666667
4 0.5930555555555556 0.5588888888888889 0.15 0.0637037037037037
4 0.637962962962963 0.5285185185185185 0.09907407407407408 0.051111111111111114