14 0.33194444444444443 0.5365740740740741 0.6638888888888889 0.6712962962962963
14 0.5745370370370371 0.15046296296296297 0.3435185185185185 0.30092592592592593
7 0.262037037037037 0.4009259259259259 0.05648148148148148 0.06759259259259259
7 0.22361111111111112 0.4513888888888889 0.053703703703703705 0.06296296296296296
7 0.15601851851851853 0.4791666666666667 0.044444444444444446 0.041666666666666664
7 0.32916666666666666 0.475462962962963 0.040740740740740744 0.025925925925925925
7 0.30925925925925923 0.5162037037037037 0.06944444444444445 0.04722222222222222
7 0.35694444444444445 0.5194444444444445 0.03888888888888889 0.053703703703703705
7 0.4111111111111111 0.32222222222222224 0.03611111111111111 0.04537037037037037
7 0.3578703703703704 0.3226851851851852 0.06574074074074074 0.04537037037037037
7 0.4439814814814815 0.5643518518518519 0.05092592592592592 0.04814814814814815
7 0.4310185185185185 0.5023148148148148 0.07314814814814814 0.05092592592592592
7 0.5013888888888889 0.5712962962962963 0.05462962962962963 0.04259259259259259
7 0.475462962962963 0.5925925925925926 0.044444444444444446 0.03333333333333333
7 0.5847222222222223 0.44305555555555554 0.028703703703703703 0.02962962962962963
7 0.28425925925925927 0.5592592592592592 0.05555555555555555 0.053703703703703705
7 0.28379629629629627 0.5944444444444444 0.037037037037037035 0.04537037037037037
7 0.32037037037037036 0.6324074074074074 0.044444444444444446 0.049074074074074076
7 0.3625 0.6481481481481481 0.05277777777777778 0.06666666666666667
7 0.42268518518518516 0.7166666666666667 0.05648148148148148 0.06388888888888888
7 0.26342592592592595 0.6430555555555556 0.046296296296296294 0.046296296296296294
7 0.21157407407407408 0.6907407407407408 0.05462962962962963 0.05
7 0.2587962962962963 0.7689814814814815 0.04351851851851852 0.041666666666666664
0 0.31527777777777777 0.75 0.07685185185185185 0.05092592592592592
0 0.24212962962962964 0.6023148148148149 0.06296296296296296 0.04722222222222222
0 0.09074074074074075 0.6055555555555555 0.0712962962962963 0.07685185185185185
0 0.1125 0.43287037037037035 0.06759259259259259 0.07222222222222222
0 0.46574074074074073 0.3925925925925926 0.07777777777777778 0.058333333333333334
0 0.2125 0.36574074074074076 0.0824074074074074 0.0787037037037037
5 0.47638888888888886 0.09907407407407408 0.05277777777777778 0.05092592592592592
5 0.5291666666666667 0.0763888888888889 0.058333333333333334 0.04722222222222222
5 0.5768518518518518 0.06435185185185185 0.05277777777777778 0.06111111111111111
5 0.6203703703703703 0.18611111111111112 0.06018518518518518 0.05925925925925926
5 0.5995370370370371 0.2212962962962963 0.05092592592592592 0.03148148148148148
5 0.6638888888888889 0.18472222222222223 0.041666666666666664 0.05648148148148148
5 0.5800925925925926 0.125 0.03333333333333333 0.032407407407407406
4 0.32592592592592595 0.3939814814814815 0.10740740740740741 0.11666666666666667
4 0.4949074074074074 0.43842592592592594 0.14166666666666666 0.09907407407407408
4 0.17037037037037037 0.5083333333333333 0.12962962962962962 0.1259259259259259