14 0.344 0.5829444444444445 0.5460185185185186 0.5424351851851852
14 0.47176851851851853 0.13096296296296295 0.28305555555555556 0.26069444444444445
7 0.24395370370370373 0.47052777777777777 0.04223148148148148 0.058333333333333334
7 0.22111111111111112 0.5294907407407408 0.040990740740740744 0.054037037037037036
7 0.16369444444444445 0.5745555555555555 0.03726851851851852 0.03306481481481482
7 0.3288425925925926 0.5236203703703703 0.037925925925925925 0.01637037037037037
7 0.3211203703703704 0.5680740740740741 0.06324074074074074 0.031212962962962963
7 0.36773148148148144 0.5581944444444444 0.026824074074074073 0.04849074074074074
7 0.36557407407407405 0.35383333333333333 0.026203703703703705 0.03975925925925926
7 0.31433333333333335 0.3686481481481481 0.059527777777777784 0.02988888888888889
7 0.4640370370370371 0.5770277777777778 0.041666666666666664 0.038009259259259257
7 0.43410185185185185 0.5211481481481481 0.06697222222222222 0.03365740740740741
7 0.5211481481481481 0.5680740740740741 0.04847222222222222 0.031212962962962963
7 0.5020092592592592 0.5955462962962963 0.039824074074074074 0.023194444444444445
7 0.5659074074074074 0.4220555555555556 0.023166666666666665 0.024351851851851854
7 0.3087777777777778 0.6165462962962963 0.04594444444444444 0.04296296296296296
7 0.31803703703703706 0.6501944444444445 0.027425925925925927 0.03988888888888889
7 0.3640277777777778 0.6767407407407408 0.03423148148148148 0.04113888888888889
7 0.40878703703703706 0.6801388888888888 0.038564814814814816 0.0590462962962963
7 0.48534259259259255 0.7295277777777778 0.04351851851851852 0.054120370370370374
7 0.3118611111111111 0.7029814814814815 0.03730555555555556 0.038064814814814815
7 0.2754351851851852 0.7628703703703703 0.04593518518518518 0.039324074074074074
7 0.3424259259259259 0.8249166666666666 0.03546296296296296 0.033796296296296297
0 0.3915 0.790962962962963 0.0706574074074074 0.032546296296296295
0 0.28037962962962965 0.6693333333333333 0.05581481481481482 0.03372222222222222
0 0.13591666666666666 0.7144074074074074 0.05578703703703704 0.0646111111111111
0 0.10875 0.5421481481481482 0.05330555555555556 0.060833333333333336
0 0.4375 0.4063148148148148 0.07005555555555555 0.04101851851851852
0 0.18653703703703706 0.4501481481481482 0.06813888888888889 0.06202777777777777
5 0.36680555555555555 0.12106481481481482 0.04349074074074074 0.040888888888888884
5 0.41125925925925927 0.08463888888888889 0.0509074074074074 0.0347037037037037
5 0.4538518518518519 0.05994444444444444 0.03980555555555556 0.05198148148148148
5 0.5291759259259259 0.16489814814814815 0.0497037037037037 0.04708333333333333
5 0.5189907407407407 0.20472222222222222 0.047851851851851854 0.019324074074074073
5 0.570537037037037 0.1519351851851852 0.028722222222222222 0.05078703703703704
5 0.4736111111111111 0.11736111111111111 0.027462962962962963 0.026074074074074076
4 0.3035277777777778 0.44583333333333336 0.08360185185185186 0.09783333333333333
4 0.47825 0.4421203703703704 0.12933333333333333 0.06574074074074074
4 0.18562037037037038 0.5989537037037037 0.10703703703703703 0.10037037037037037