14 0.4662962962962963 0.4687481481481481 0.921787037037037 0.7510740740740741
5 0.16991666666666666 0.3461185185185185 0.1623611111111111 0.06507407407407408
5 0.2941574074074074 0.29765185185185183 0.17937037037037037 0.11259259259259259
5 0.3844444444444444 0.25875555555555557 0.10067592592592593 0.12368888888888888
5 0.47164814814814815 0.21615555555555555 0.0806388888888889 0.10514814814814814
5 0.6186574074074074 0.23714814814814814 0.12928703703703703 0.13973333333333332
5 0.7363333333333334 0.34673333333333334 0.06372222222222222 0.06630370370370371
5 0.7591018518518519 0.4470666666666666 0.13240740740740742 0.08548888888888889
5 0.6738333333333334 0.6072962962962963 0.16094444444444445 0.1578
5 0.7837962962962963 0.5365851851851852 0.06141666666666667 0.0349037037037037
5 0.5511296296296296 0.4501555555555556 0.10072222222222223 0.12130370370370369
5 0.4793611111111111 0.3556962962962963 0.06828703703703703 0.13237037037037036
5 0.4342222222222222 0.4726962962962963 0.11226851851851852 0.14045185185185186
5 0.5252777777777777 0.6897185185185185 0.09994444444444445 0.1559851851851852
5 0.4133796296296296 0.7137925925925926 0.09837037037037037 0.09301481481481481
5 0.32425 0.6218074074074075 0.10992592592592593 0.1831185185185185
5 0.17762962962962964 0.5798074074074074 0.12224074074074075 0.06949629629629629
5 0.25249074074074074 0.43162962962962964 0.15158333333333335 0.07683703703703704
2 0.18149074074074073 0.5122 0.12069444444444444 0.04908888888888888
2 0.28798148148148145 0.3782148148148148 0.08367592592592593 0.03297777777777778
2 0.33119444444444446 0.42051111111111117 0.06825925925925926 0.039792592592592595
2 0.42842592592592593 0.35475555555555555 0.07753703703703703 0.03791111111111111
2 0.3705555555555555 0.5872148148148149 0.08215740740740742 0.05468148148148148
2 0.43807407407407406 0.2717111111111111 0.07368518518518519 0.045896296296296296
4 0.6043796296296297 0.35600000000000004 0.15166666666666667 0.08482962962962963
4 0.6572407407407408 0.4686814814814815 0.08608333333333333 0.12131111111111112
4 0.6398796296296296 0.6705777777777777 0.12080555555555555 0.14732592592592592
4 0.30650925925925926 0.1963925925925926 0.17628703703703702 0.09525925925925925
4 0.11627777777777777 0.4248444444444444 0.11527777777777778 0.12993333333333332
4 0.18303703703703705 0.6128518518518519 0.1978611111111111 0.19114074074074075
4 0.39641666666666664 0.7363333333333333 0.23110185185185186 0.11957777777777778