14 0.43945 0.5547300000000001 0.8650249999999999 0.89054
0 0.311275 0.66325 0.19616250000000002 0.17539
0 0.527975 0.56794 0.3629 0.09477
8 0.41509999999999997 0.40152 0.1163125 0.10526
8 0.806125 0.36679 0.12335000000000002 0.09913
8 0.6071375 0.29288 0.15456250000000002 0.05131
8 0.8043875 0.29177 0.1157125 0.06242
7 0.7214 0.3968 0.2289 0.12582
7 0.7592375 0.49737 0.150425 0.08029
7 0.7401375 0.5565599999999999 0.124725 0.13533
7 0.711325 0.6768500000000001 0.187925 0.09259999999999999
7 0.2206375 0.58128 0.1523875 0.12812
7 0.41753749999999995 0.49515 0.133675 0.07585
7 0.7634125 0.22231 0.1421 0.05017
4 0.5977625 0.48681 0.1566375 0.07251
4 0.7071500000000001 0.31706 0.12125 0.14301