14 0.35694444444444445 0.6037037037037037 0.6157407407407407 0.6129629629629629
14 0.42083333333333334 0.14351851851851852 0.31574074074074077 0.28703703703703703
7 0.24212962962962964 0.5064814814814815 0.049074074074074076 0.06388888888888888
7 0.22777777777777777 0.5680555555555555 0.04814814814814815 0.05925925925925926
7 0.17731481481481481 0.6208333333333333 0.041666666666666664 0.037037037037037035
7 0.3337962962962963 0.5472222222222223 0.03981481481481482 0.021296296296296296
7 0.33240740740740743 0.5921296296296297 0.06666666666666667 0.03888888888888889
7 0.3773148148148148 0.575925925925926 0.03333333333333333 0.05185185185185185
7 0.34675925925925927 0.37407407407407406 0.03148148148148148 0.04259259259259259
7 0.29768518518518516 0.3958333333333333 0.06388888888888888 0.03796296296296296
7 0.475 0.5814814814814815 0.046296296296296294 0.04351851851851852
7 0.4375 0.5300925925925926 0.07037037037037037 0.04259259259259259
7 0.5305555555555556 0.5643518518518519 0.05185185185185185 0.037037037037037035
7 0.5152777777777777 0.5944444444444444 0.04259259259259259 0.028703703703703703
7 0.5546296296296296 0.4134259259259259 0.025925925925925925 0.026851851851851852
7 0.32685185185185184 0.6421296296296296 0.05092592592592592 0.04814814814814815
7 0.34074074074074073 0.674074074074074 0.032407407407407406 0.04351851851851852
7 0.38981481481481484 0.6939814814814815 0.03981481481481482 0.04537037037037037
7 0.43472222222222223 0.6912037037037037 0.046296296296296294 0.06296296296296296
7 0.5175925925925926 0.7291666666666666 0.05092592592592592 0.05925925925925926
7 0.3421296296296296 0.7273148148148149 0.041666666666666664 0.04259259259259259
7 0.3143518518518518 0.7916666666666666 0.05092592592592592 0.04537037037037037
7 0.38935185185185184 0.8435185185185186 0.03981481481481482 0.03796296296296296
0 0.43287037037037035 0.8032407407407407 0.07407407407407407 0.041666666666666664
0 0.3060185185185185 0.6981481481481482 0.06018518518518518 0.040740740740740744
0 0.16944444444444445 0.762962962962963 0.06388888888888888 0.0712962962962963
0 0.11851851851851852 0.5962962962962963 0.06111111111111111 0.06666666666666667
0 0.425 0.41574074074074074 0.075 0.05
0 0.18287037037037038 0.49444444444444446 0.07592592592592592 0.0712962962962963
5 0.31527777777777777 0.14351851851851852 0.049074074074074076 0.046296296296296294
5 0.3541666666666667 0.10092592592592593 0.05555555555555555 0.040740740740740744
5 0.39305555555555555 0.07083333333333333 0.046296296296296294 0.05648148148148148
5 0.4824074074074074 0.1638888888888889 0.05555555555555555 0.053703703703703705
5 0.4777777777777778 0.2050925925925926 0.05 0.025925925925925925
5 0.5212962962962963 0.14537037037037037 0.03518518518518519 0.05462962962962963
5 0.42083333333333334 0.12453703703703704 0.030555555555555555 0.02962962962962963
4 0.29768518518518516 0.4736111111111111 0.0962962962962963 0.10833333333333334
4 0.4703703703703704 0.44583333333333336 0.13703703703703704 0.08333333333333333
4 0.2023148148148148 0.6416666666666667 0.11944444444444445 0.11388888888888889