14 0.49212962962962964 0.524074074074074 0.9842592592592593 0.912962962962963
1 0.22361111111111112 0.5041666666666667 0.0787037037037037 0.12222222222222222
1 0.4097222222222222 0.5222222222222223 0.13703703703703704 0.1287037037037037
1 0.40324074074074073 0.7203703703703703 0.13148148148148148 0.09444444444444444
1 0.29768518518518516 0.23148148148148148 0.11944444444444445 0.07314814814814814
2 0.24768518518518517 0.28703703703703703 0.07685185185185185 0.07685185185185185
2 0.4351851851851852 0.42453703703703705 0.07222222222222222 0.06666666666666667
2 0.26342592592592595 0.4263888888888889 0.06759259259259259 0.0824074074074074
2 0.4861111111111111 0.2824074074074074 0.04814814814814815 0.05462962962962963
2 0.6222222222222222 0.31157407407407406 0.05277777777777778 0.044444444444444446
2 0.7666666666666667 0.549074074074074 0.09351851851851851 0.09259259259259259
2 0.8125 0.42824074074074076 0.046296296296296294 0.03796296296296296
2 0.5060185185185185 0.4791666666666667 0.04537037037037037 0.07407407407407407
2 0.5078703703703704 0.7078703703703704 0.05648148148148148 0.09907407407407408
1 0.5300925925925926 0.6282407407407408 0.10462962962962963 0.0787037037037037
1 0.2689814814814815 0.6175925925925926 0.08796296296296297 0.14629629629629629
1 0.2111111111111111 0.3648148148148148 0.11388888888888889 0.08518518518518518
1 0.47685185185185186 0.3472222222222222 0.12407407407407407 0.0787037037037037
1 0.5203703703703704 0.22175925925925927 0.1537037037037037 0.09351851851851851
1 0.7069444444444445 0.2953703703703704 0.11388888888888889 0.12777777777777777
1 0.6828703703703703 0.42083333333333334 0.13240740740740742 0.10740740740740741
1 0.8078703703703703 0.4888888888888889 0.1037037037037037 0.09537037037037037
1 0.6472222222222223 0.5300925925925926 0.1175925925925926 0.13148148148148148
1 0.6800925925925926 0.6726851851851852 0.16296296296296298 0.1
1 0.6194444444444445 0.8708333333333333 0.08981481481481482 0.13425925925925927
1 0.8180555555555555 0.6657407407407407 0.09259259259259259 0.0962962962962963
1 0.562037037037037 0.41574074074074074 0.07407407407407407 0.05555555555555555
4 0.612037037037037 0.7393518518518518 0.13518518518518519 0.09814814814814815
4 0.49074074074074076 0.812962962962963 0.1787037037037037 0.12037037037037036
4 0.33796296296296297 0.37222222222222223 0.12962962962962962 0.16666666666666666
4 0.5796296296296296 0.3060185185185185 0.13148148148148148 0.11481481481481481
4 0.5726851851851852 0.4962962962962963 0.10740740740740741 0.10092592592592593