14 0.5 0.5044444444444445 1 0.965925925925926
2 0.15601851851851853 0.4488888888888889 0.262037037037037 0.2659259259259259
2 0.22685185185185186 0.16185185185185186 0.3537037037037037 0.2614814814814815
2 0.4898148148148148 0.2777777777777778 0.26481481481481484 0.1674074074074074
2 0.7527777777777778 0.2574074074074074 0.25462962962962965 0.18592592592592594
2 0.7592592592592593 0.38333333333333336 0.225 0.14
2 0.8685185185185185 0.4774074074074074 0.18703703703703703 0.1562962962962963
2 0.825925925925926 0.5666666666666667 0.16944444444444445 0.16666666666666666
2 0.6791666666666667 0.4622222222222222 0.16574074074074074 0.07777777777777778
2 0.38981481481481484 0.45296296296296296 0.23796296296296296 0.12222222222222222
2 0.5726851851851852 0.5051851851851852 0.16666666666666666 0.13111111111111112
2 0.6046296296296296 0.617037037037037 0.24814814814814815 0.1622222222222222
2 0.7106481481481481 0.5592592592592592 0.12407407407407407 0.12962962962962962
2 0.3486111111111111 0.5818518518518518 0.2175925925925926 0.15407407407407409
2 0.462037037037037 0.6266666666666667 0.19166666666666668 0.13703703703703704