14 0.5 0.4861111111111111 1 0.9722222222222222
15 0.3699074074074074 0.5046296296296297 0.18425925925925926 0.16666666666666666
15 0.25787037037037036 0.5986111111111111 0.15462962962962962 0.13425925925925927
15 0.6231481481481481 0.5476851851851852 0.24166666666666667 0.19444444444444445
15 0.6013888888888889 0.4564814814814815 0.2 0.1388888888888889
15 0.6138888888888889 0.35324074074074074 0.13703703703703704 0.10092592592592593
15 0.5898148148148148 0.2689814814814815 0.1398148148148148 0.1037037037037037
15 0.6175925925925926 0.18287037037037038 0.13796296296296295 0.09444444444444444
15 0.30925925925925923 0.25416666666666665 0.15925925925925927 0.12222222222222222
15 0.2523148148148148 0.3527777777777778 0.18055555555555555 0.12777777777777777
0 0.6208333333333333 0.2712962962962963 0.14814814814814814 0.12314814814814815
0 0.637962962962963 0.3800925925925926 0.1361111111111111 0.1037037037037037
0 0.29814814814814816 0.47129629629629627 0.13333333333333333 0.10555555555555556
0 0.41944444444444445 0.2199074074074074 0.09351851851851851 0.07407407407407407
0 0.17731481481481481 0.36157407407407405 0.13518518518518519 0.10092592592592593
0 0.35694444444444445 0.6143518518518518 0.17314814814814813 0.12314814814814815
15 0.47824074074074074 0.31851851851851853 0.12962962962962962 0.12685185185185185
4 0.18518518518518517 0.48842592592592593 0.1638888888888889 0.15833333333333333
4 0.749537037037037 0.2662037037037037 0.17314814814814813 0.1962962962962963
4 0.8 0.4583333333333333 0.20925925925925926 0.23333333333333334
4 0.37962962962962965 0.36203703703703705 0.10648148148148148 0.14814814814814814
4 0.49675925925925923 0.4115740740740741 0.15 0.10555555555555556
4 0.49166666666666664 0.5625 0.12222222222222222 0.2074074074074074
4 0.5106481481481482 0.19537037037037036 0.11203703703703703 0.08333333333333333