14 0.5003055555555556 0.5127039007092199 0.9993796296296296 0.9745833333333332
15 0.06337962962962963 0.584991134751773 0.12675925925925927 0.13688829787234041
15 0.519611111111111 0.7029255319148936 0.16762037037037036 0.13516843971631207
15 0.9335462962962963 0.4605496453900709 0.11771296296296296 0.08304078014184398
15 0.8681018518518518 0.2181826241134752 0.07571296296296295 0.06638297872340425
15 0.655425925925926 0.2353191489361702 0.061462962962962955 0.07939716312056738
15 0.6054166666666667 0.32340425531914896 0.09478703703703704 0.07115248226950355
15 0.3476666666666667 0.22822695035460994 0.08423148148148148 0.09122340425531915
15 0.2455 0.18655141843971632 0.06383333333333333 0.07050531914893617
15 0.23346296296296296 0.07601063829787233 0.0805 0.06218085106382979
15 0.4699074074074074 0.16320035460992907 0.07932407407407407 0.04152482269503546
15 0.6964814814814815 0.07157801418439716 0.05838888888888889 0.07104609929078014
12 0.5597407407407408 0.08783687943262411 0.13675925925925925 0.10710992907801418
12 0.35075925925925927 0.06861702127659575 0.12250925925925926 0.05094858156028369
12 0.17975 0.1703014184397163 0.12123148148148148 0.09118794326241135
12 0.05134259259259259 0.2897163120567376 0.10144444444444445 0.12434397163120567
12 0.04176851851851852 0.4259663120567376 0.08353703703703703 0.07415780141843972
12 0.24519444444444444 0.26664893617021274 0.14100925925925925 0.06403368794326242
12 0.5748611111111112 0.3866578014184397 0.1386111111111111 0.1172872340425532
12 0.34952777777777777 0.3990691489361702 0.083 0.10193262411347519
12 0.8088425925925925 0.3035992907801418 0.14237962962962963 0.07765070921985816
12 0.9762314814814814 0.3213386524822695 0.04752777777777777 0.09184397163120567
12 0.8684166666666666 0.4741489361702128 0.16152777777777777 0.12442375886524822
12 0.8690370370370369 0.6438209219858156 0.20721296296296296 0.18716312056737588
12 0.7647037037037037 0.2010372340425532 0.12692592592592594 0.0722872340425532
12 0.7424722222222222 0.1212322695035461 0.08000925925925925 0.07816489361702128
12 0.5977037037037037 0.1779787234042553 0.09046296296296297 0.056906028368794326
12 0.4445925925925926 0.2320656028368794 0.05832407407407408 0.05515957446808511
12 0.48072222222222216 0.5445035460992909 0.21575925925925926 0.14455673758865248
8 0.31032407407407403 0.5589804964539007 0.1638611111111111 0.15578900709219856
8 0.11801851851851851 0.45611702127659576 0.13850925925925925 0.09190602836879433
8 0.4822592592592593 0.4375 0.1410648148148148 0.08657801418439716
8 0.34149999999999997 0.3148315602836879 0.14102777777777778 0.05046099290780142
8 0.5433796296296296 0.2775886524822695 0.11514814814814815 0.046897163120567374
8 0.8014351851851852 0.37218085106382975 0.19917592592592595 0.13916666666666666
8 0.40447222222222223 0.17828014184397162 0.08177777777777777 0.0752304964539007
8 0.4538611111111111 0.0975886524822695 0.06944444444444445 0.06632978723404255
4 0.2773055555555556 0.7723936170212766 0.32375 0.24218971631205674
4 0.6791944444444444 0.6964450354609929 0.14975 0.3633421985815603
4 0.8607037037037036 0.8436170212765958 0.17201851851851852 0.16124113475177304
4 0.52825 0.8634219858156029 0.1404537037037037 0.14055851063829788
4 0.23839814814814816 0.45286347517730496 0.13483333333333333 0.0889450354609929
4 0.18900925925925927 0.5891312056737589 0.11012037037037038 0.13807624113475178
4 0.46374074074074073 0.3296099290780142 0.10401851851851852 0.08711879432624113
4 0.6838240740740741 0.3928812056737589 0.0664074074074074 0.22074468085106383
4 0.18469444444444444 0.3582801418439716 0.1311111111111111 0.1054609929078014