14 0.5 0.47962962962962963 1 0.9592592592592593
15 0.37916666666666665 0.4513888888888889 0.1814814814814815 0.16203703703703703
15 0.2388888888888889 0.49166666666666664 0.15185185185185185 0.13055555555555556
15 0.5930555555555556 0.5935185185185186 0.23796296296296296 0.18796296296296297
15 0.6101851851851852 0.5013888888888889 0.19814814814814816 0.13333333333333333
15 0.6638888888888889 0.4125 0.13518518518518519 0.09722222222222222
15 0.6759259259259259 0.32546296296296295 0.13796296296296295 0.1
15 0.736574074074074 0.25833333333333336 0.13703703703703704 0.09074074074074075
15 0.42592592592592593 0.19768518518518519 0.15648148148148147 0.1175925925925926
15 0.3337962962962963 0.26481481481481484 0.1787037037037037 0.12314814814814815
0 0.7037037037037037 0.3402777777777778 0.14537037037037037 0.11944444444444445
0 0.674537037037037 0.44675925925925924 0.13425925925925927 0.10092592592592593
0 0.32731481481481484 0.39166666666666666 0.13148148148148148 0.10277777777777777
0 0.5402777777777777 0.21157407407407408 0.09166666666666666 0.07222222222222222
0 0.26157407407407407 0.24212962962962964 0.13333333333333333 0.09814814814814815
0 0.3226851851851852 0.5462962962962963 0.1712962962962963 0.11851851851851852
15 0.5537037037037037 0.32546296296296295 0.12685185185185185 0.12407407407407407
4 0.21712962962962962 0.36157407407407405 0.16018518518518518 0.15462962962962962
4 0.8231481481481482 0.38796296296296295 0.1675925925925926 0.1925925925925926
4 0.7912037037037037 0.5837962962962963 0.2037037037037037 0.22870370370370371
4 0.4462962962962963 0.325 0.10185185185185185 0.14722222222222223
4 0.5333333333333333 0.41805555555555557 0.14814814814814814 0.10185185185185185
4 0.4671296296296296 0.5537037037037037 0.11574074074074074 0.2064814814814815
4 0.6337962962962963 0.22592592592592592 0.1111111111111111 0.08055555555555556