14 0.5 0.5040740740740741 1 0.9162962962962963
2 0.15231481481481482 0.46814814814814815 0.24166666666666667 0.2548148148148148
2 0.19814814814814816 0.17777777777777778 0.33611111111111114 0.24518518518518517
2 0.4708333333333333 0.2788888888888889 0.2537037037037037 0.15481481481481482
2 0.7310185185185185 0.24407407407407408 0.24166666666666667 0.17407407407407408
2 0.7481481481481481 0.36925925925925923 0.21574074074074073 0.12962962962962962
2 0.8652777777777778 0.45666666666666667 0.17592592592592593 0.1474074074074074
2 0.8310185185185185 0.5485185185185185 0.1574074074074074 0.15925925925925927
2 0.6754629629629629 0.45222222222222225 0.16111111111111112 0.06962962962962962
2 0.38564814814814813 0.45925925925925926 0.23055555555555557 0.11037037037037037
2 0.5731481481481482 0.5011111111111111 0.1574074074074074 0.12296296296296297
2 0.6148148148148148 0.6111111111111112 0.23703703703703705 0.15037037037037038
2 0.7152777777777778 0.5474074074074075 0.11388888888888889 0.12444444444444444
2 0.3560185185185185 0.5903703703703703 0.2064814814814815 0.1437037037037037
2 0.47314814814814815 0.6285185185185185 0.1824074074074074 0.12814814814814815