14 0.538425925925926 0.5 0.9231481481481482 1
15 0.27870370370370373 0.47444444444444445 0.1037037037037037 0.08814814814814814
15 0.38657407407407407 0.45 0.15462962962962962 0.12296296296296297
15 0.7902777777777777 0.9051851851851852 0.1787037037037037 0.15037037037037038
15 0.9078703703703703 0.825925925925926 0.075 0.1037037037037037
15 0.8449074074074074 0.22703703703703704 0.20555555555555555 0.07333333333333333
15 0.9763888888888889 0.23222222222222222 0.04722222222222222 0.06888888888888889
0 0.41064814814814815 0.29555555555555557 0.14166666666666666 0.11407407407407408
0 0.34629629629629627 0.6459259259259259 0.25462962962962965 0.21555555555555556
0 0.45231481481481484 0.837037037037037 0.17037037037037037 0.17407407407407408
0 0.21435185185185185 0.7777777777777778 0.13055555555555556 0.12222222222222222
0 0.8351851851851851 0.7125925925925926 0.2351851851851852 0.1837037037037037
0 0.899537037037037 0.557037037037037 0.18703703703703703 0.12518518518518518
0 0.7699074074074074 0.4537037037037037 0.14722222222222223 0.18592592592592594
0 0.9407407407407408 0.3711111111111111 0.11851851851851852 0.1274074074074074
0 0.7314814814814815 0.30074074074074075 0.17962962962962964 0.10444444444444445
0 0.749537037037037 0.1374074074074074 0.1398148148148148 0.11851851851851852
0 0.9342592592592592 0.17037037037037037 0.13148148148148148 0.11407407407407408
12 0.5259259259259259 0.41814814814814816 0.10092592592592593 0.11777777777777777
12 0.6583333333333333 0.43333333333333335 0.1259259259259259 0.07555555555555556
12 0.8055555555555556 0.5251851851851852 0.1 0.09185185185185185
12 0.6504629629629629 0.6274074074074074 0.13425925925925927 0.11777777777777777
12 0.6884259259259259 0.92 0.1037037037037037 0.10222222222222223
12 0.8717592592592592 0.34185185185185185 0.10833333333333334 0.09185185185185185
12 0.8546296296296296 0.1337037037037037 0.08703703703703704 0.0874074074074074
12 0.4986111111111111 0.1662962962962963 0.09074074074074075 0.056296296296296296
3 0.6310185185185185 0.86 0.1574074074074074 0.17185185185185184
3 0.6486111111111111 0.23962962962962964 0.11388888888888889 0.10814814814814815
3 0.3819444444444444 0.40444444444444444 0.2111111111111111 0.10666666666666667