14 0.502175925925926 0.5360444444444444 0.9426296296296296 0.7523407407407408
15 0.4045092592592593 0.7817037037037037 0.07599074074074073 0.04365185185185185
15 0.47512037037037036 0.8437555555555555 0.05516666666666666 0.05294074074074074
15 0.8374259259259259 0.7008222222222222 0.08072222222222222 0.052259259259259255
15 0.6807777777777778 0.5372074074074075 0.06371296296296297 0.04354814814814815
15 0.7965277777777777 0.5282518518518519 0.05447222222222222 0.03674814814814815
15 0.44964814814814813 0.43224444444444443 0.05053703703703703 0.048437037037037035
15 0.2787222222222222 0.4266814814814815 0.05589814814814815 0.029911111111111114
15 0.3165277777777778 0.4013703703703704 0.057444444444444444 0.031133333333333336
15 0.2748611111111111 0.3473481481481482 0.057435185185185186 0.0304962962962963
6 0.35743518518518513 0.3254296296296296 0.03738888888888889 0.0274
6 0.35627777777777775 0.3492 0.05823148148148148 0.019385185185185186
6 0.3574259259259259 0.37420000000000003 0.02812962962962963 0.021244444444444444
6 0.18765740740740738 0.3275851851851852 0.06822222222222223 0.020607407407407408
6 0.17800925925925926 0.3454962962962963 0.06281481481481482 0.019385185185185186
6 0.16682407407407407 0.40044444444444444 0.045064814814814814 0.0404
6 0.09813888888888889 0.422362962962963 0.037333333333333336 0.01385925925925926
6 0.09350925925925925 0.5279407407407407 0.037333333333333336 0.03983703703703704
6 0.08348148148148148 0.5612814814814815 0.035787037037037034 0.025029629629629627
6 0.12900925925925927 0.6273481481481481 0.03425 0.03123703703703704
6 0.1575648148148148 0.6517333333333334 0.045064814814814814 0.02445185185185185
6 0.24977777777777777 0.7113185185185185 0.039685185185185184 0.03621481481481482
6 0.3080462962962963 0.6718 0.04047222222222222 0.03125185185185185
6 0.2902962962962963 0.7227333333333333 0.032749999999999994 0.02571851851851852
6 0.3265648148148148 0.8255407407407408 0.04047222222222222 0.027614814814814814
6 0.3744074074074074 0.8199851851851852 0.052833333333333336 0.03872592592592593
6 0.4832222222222222 0.7505259259259259 0.06675 0.05907407407407408
6 0.38714814814814813 0.7483629629629629 0.07366666666666667 0.02882222222222222
6 0.6090092592592593 0.7570074074074075 0.04053703703703704 0.03128888888888889
6 0.654537037037037 0.5791851851851851 0.04826851851851852 0.031214814814814817
6 0.6074629629629629 0.5881407407407407 0.04671296296296296 0.030600000000000002
6 0.5754351851851852 0.5736296296296296 0.042851851851851856 0.03491851851851852
6 0.5465 0.6112962962962963 0.04515740740740741 0.03617037037037037
6 0.5773611111111111 0.6520444444444444 0.04207407407407407 0.021370370370370373
6 0.8436018518518519 0.5588148148148148 0.037509259259259256 0.027503703703703707
6 0.7367222222222222 0.5507851851851852 0.05060185185185185 0.02625925925925926
6 0.7486851851851852 0.5146666666666666 0.05137962962962963 0.02439259259259259
6 0.7602592592592593 0.4733037037037037 0.06526851851851852 0.03796296296296296
6 0.847462962962963 0.4010592592592592 0.045231481481481484 0.026814814814814816
6 0.6830833333333334 0.1828074074074074 0.031296296296296294 0.03104444444444444
6 0.6020555555555556 0.24053333333333335 0.02664814814814815 0.031681481481481484
6 0.5758240740740741 0.2562740740740741 0.02973148148148148 0.015022222222222223
6 0.49401851851851847 0.21737777777777775 0.042055555555555554 0.026118518518518517
6 0.4739537037037037 0.27942962962962964 0.03896296296296296 0.027999999999999997
6 0.5410925925925926 0.38685925925925924 0.034351851851851856 0.028044444444444445
6 0.5958888888888888 0.4056888888888889 0.042083333333333334 0.024962962962962965
6 0.6491296296296296 0.3985925925925926 0.03746296296296296 0.03668888888888889
6 0.7556296296296297 0.3377777777777778 0.04675 0.029874074074074074
6 0.29337962962962966 0.5044814814814814 0.048185185185185185 0.04476296296296296
6 0.2841203703703704 0.542762962962963 0.04817592592592593 0.032437037037037035
6 0.23781481481481478 0.569925925925926 0.04816666666666667 0.027503703703703707
6 0.28798148148148145 0.5757925925925926 0.03737962962962963 0.028125925925925926
6 0.3165277777777778 0.6057333333333333 0.038925925925925926 0.03245925925925926
6 0.4438611111111111 0.5727037037037037 0.043583333333333335 0.03677037037037037
6 0.21312037037037035 0.44952592592592594 0.05433333333333333 0.031155555555555558
6 0.6908055555555556 0.47082962962962965 0.03747222222222222 0.02560740740740741
12 0.540324074074074 0.4973851851851852 0.06985185185185185 0.07871851851851852
12 0.6367870370370371 0.48318518518518516 0.0961111111111111 0.05771851851851852
12 0.7780185185185186 0.44058518518518514 0.18412037037037038 0.07622222222222223
12 0.7112592592592593 0.28529629629629627 0.10152777777777779 0.05825185185185185
12 0.49402777777777773 0.2606 0.10687962962962963 0.060711111111111105
12 0.18457407407407408 0.3306814814814815 0.09908333333333334 0.09346666666666667
12 0.11512037037037037 0.4640444444444445 0.06202777777777777 0.06388888888888888
12 0.21737037037037035 0.4871925925925926 0.1045 0.04722962962962963
12 0.2818055555555556 0.6245703703703703 0.10837037037037038 0.07383703703703705
12 0.35627777777777775 0.5594296296296296 0.09526851851851852 0.05096296296296296
12 0.6271388888888888 0.7619481481481483 0.07218518518518519 0.07080740740740742
12 0.70625 0.6523555555555555 0.1609537037037037 0.09977777777777777
12 0.6352407407407407 0.8292444444444445 0.06524074074074074 0.035029629629629626
12 0.32811111111111113 0.7100814814814815 0.05282407407407407 0.05597037037037037
10 0.34855555555555556 0.49151851851851847 0.0427962962962963 0.08551111111111111
10 0.3327407407407407 0.27573333333333333 0.09912037037037037 0.07985925925925925
10 0.6614814814814814 0.6714962962962963 0.08068518518518518 0.0787925925925926
10 0.8127407407407408 0.6069777777777777 0.13319444444444445 0.07938518518518518
10 0.5125462962962962 0.6335259259259259 0.04206481481481481 0.08062962962962962
10 0.3991018518518518 0.6801407407407408 0.09296296296296297 0.06645185185185185
10 0.5534444444444445 0.7270666666666666 0.07756481481481481 0.09363703703703703
10 0.44887962962962963 0.7959037037037037 0.07676851851851851 0.03501481481481482
10 0.22393518518518518 0.5674666666666667 0.10372222222222222 0.10406666666666667
8 0.7907407407407407 0.7360148148148148 0.09383333333333334 0.0633925925925926
8 0.32964814814814813 0.7687407407407407 0.07442592592592592 0.054762962962962965
8 0.12978703703703703 0.5930814814814814 0.11913888888888888 0.0627111111111111
8 0.2748611111111111 0.30134814814814814 0.0759537037037037 0.04591111111111111
8 0.5083055555555556 0.34426666666666667 0.10302777777777777 0.07618518518518518
8 0.6140185185185185 0.31277777777777777 0.06446296296296297 0.08728148148148147
8 0.6838611111111111 0.35846666666666666 0.06987962962962962 0.06754814814814815
8 0.5472685185185184 0.4313185185185185 0.07448148148148148 0.05028888888888889
8 0.21389814814814814 0.4124888888888889 0.07439814814814814 0.07559259259259259
8 0.10894444444444444 0.38562962962962966 0.0682037037037037 0.055207407407407406