14 0.5 0.5 1 1
11 0.3055555555555556 0.06074074074074074 0.11018518518518519 0.10074074074074074
11 0.1675925925925926 0.12 0.13055555555555556 0.0962962962962963
11 0.05648148148148148 0.23444444444444446 0.1037037037037037 0.11407407407407408
11 0.21435185185185185 0.26814814814814814 0.13055555555555556 0.10148148148148148
11 0.38472222222222224 0.2137037037037037 0.10555555555555556 0.07925925925925927
11 0.4462962962962963 0.14333333333333334 0.12129629629629629 0.10148148148148148
11 0.5939814814814814 0.20629629629629628 0.10833333333333334 0.0874074074074074
11 0.700925925925926 0.2751851851851852 0.13333333333333333 0.08592592592592592
11 0.7574074074074074 0.37 0.13240740740740742 0.09185185185185185
11 0.8837962962962963 0.4688888888888889 0.12685185185185185 0.08962962962962963
11 0.9703703703703703 0.5514814814814815 0.058333333333333334 0.09777777777777778
11 0.5675925925925925 0.31555555555555553 0.12129629629629629 0.09851851851851852
11 0.42268518518518516 0.34185185185185185 0.12129629629629629 0.09037037037037036
11 0.31851851851851853 0.4074074074074074 0.12685185185185185 0.08814814814814814
11 0.06481481481481481 0.5422222222222223 0.12407407407407407 0.10962962962962963
11 0.1763888888888889 0.6707407407407407 0.1287037037037037 0.09481481481481481
11 0.28055555555555556 0.5218518518518519 0.12129629629629629 0.09259259259259259
11 0.45601851851851855 0.5237037037037037 0.11481481481481481 0.09333333333333334
11 0.6175925925925926 0.472962962962963 0.11666666666666667 0.09111111111111111
11 0.625462962962963 0.5833333333333334 0.1287037037037037 0.10222222222222223
11 0.9305555555555556 0.6825925925925926 0.12407407407407407 0.09703703703703703
11 0.8675925925925926 0.827037037037037 0.14722222222222223 0.10444444444444445
11 0.7564814814814815 0.7474074074074074 0.1388888888888889 0.09777777777777778
11 0.5703703703703704 0.7414814814814815 0.12962962962962962 0.11333333333333333
11 0.4060185185185185 0.6581481481481481 0.11574074074074074 0.1037037037037037
11 0.325 0.7418518518518519 0.14444444444444443 0.09777777777777778
11 0.6171296296296296 0.9555555555555556 0.1361111111111111 0.08888888888888889