14 0.4444444444444444 0.49537037037037035 0.8888888888888888 0.7870370370370371
4 0.5439814814814815 0.6821018518518518 0.08487962962962962 0.07715740740740741
4 0.19289814814814815 0.6535462962962963 0.09259259259259259 0.06944444444444445
4 0.12962962962962962 0.4405833333333333 0.08333333333333333 0.0663611111111111
4 0.4166666666666667 0.2152777777777778 0.06481481481481481 0.06018518518518518
4 0.5671296296296297 0.3047870370370371 0.06944444444444445 0.057101851851851855
4 0.7337962962962963 0.38580555555555557 0.06326851851851852 0.06481481481481481
4 0.4220648148148148 0.4668240740740741 0.0787037037037037 0.057101851851851855
9 0.24921296296296294 0.5207037037037037 0.05036111111111111 0.05036111111111111
9 0.2396574074074074 0.42721296296296296 0.05325925925925926 0.046314814814814816
9 0.5250462962962963 0.22258333333333333 0.048629629629629634 0.045731481481481484
9 0.6058055555555555 0.27091666666666664 0.08973148148148148 0.04167592592592592
9 0.710287037037037 0.42750925925925926 0.05210185185185186 0.03878703703703704
9 0.6743981481481481 0.4573148148148148 0.042833333333333334 0.046314814814814816
9 0.6819259259259259 0.5050740740740741 0.0602037037037037 0.04688888888888889
9 0.42895370370370367 0.6382222222222222 0.06483333333333333 0.048046296296296295
9 0.6199814814814815 0.6318518518518518 0.05788888888888889 0.05151851851851852
15 0.5725185185185185 0.5230185185185185 0.11346296296296297 0.08046296296296297
15 0.2147685185185185 0.5835185185185185 0.12503703703703703 0.0602037037037037
15 0.4683148148148148 0.5707777777777778 0.0984074074074074 0.08914814814814814
15 0.6599259259259259 0.38669444444444445 0.055574074074074074 0.07177777777777777
15 0.31549074074074074 0.31086111111111114 0.09956481481481481 0.06599074074074074
15 0.3924814814814815 0.40753703703703703 0.1180925925925926 0.0590462962962963
15 0.46311111111111114 0.27931481481481485 0.10767592592592592 0.06888888888888889
0 0.33575 0.5537037037037037 0.1204074074074074 0.20202777777777778
0 0.5131851851851852 0.43068518518518517 0.10014814814814814 0.07873148148148149
0 0.3869814814814815 0.3073888888888889 0.045731481481481484 0.14240740740740743