14 0.4962962962962963 0.4949074074074074 0.9925925925925926 0.9898148148148148
4 0.48564814814814816 0.6865740740740741 0.1037037037037037 0.09907407407407408
4 0.16064814814814815 0.5509259259259259 0.10925925925925926 0.09444444444444444
4 0.16620370370370371 0.32916666666666666 0.1 0.08888888888888889
4 0.5087962962962963 0.20324074074074075 0.08055555555555556 0.07685185185185185
4 0.6240740740740741 0.3351851851851852 0.08333333333333333 0.07592592592592592
4 0.7578703703703704 0.4634259259259259 0.08055555555555556 0.08148148148148149
4 0.4361111111111111 0.4444444444444444 0.09259259259259259 0.0787037037037037
9 0.2550925925925926 0.44212962962962965 0.06296296296296296 0.06388888888888888
9 0.275 0.350462962962963 0.06481481481481481 0.06018518518518518
9 0.6097222222222223 0.2439814814814815 0.06018518518518518 0.058333333333333334
9 0.6712962962962963 0.3148148148148148 0.09814814814814815 0.06759259259259259
9 0.7222222222222222 0.49583333333333335 0.06111111111111111 0.05277777777777778
9 0.6791666666666667 0.513425925925926 0.05462962962962963 0.05740740740740741
9 0.6712962962962963 0.5611111111111111 0.07222222222222222 0.06388888888888888
9 0.38981481481481484 0.6097222222222223 0.07685185185185185 0.06574074074074074
9 0.5731481481481482 0.6625 0.0712962962962963 0.06666666666666667
15 0.562037037037037 0.5444444444444444 0.13333333333333333 0.11203703703703703
15 0.20277777777777778 0.4912037037037037 0.13703703703703704 0.0962962962962963
15 0.44814814814814813 0.5574074074074075 0.12129629629629629 0.11574074074074074
15 0.687037037037037 0.44166666666666665 0.075 0.08518518518518518
15 0.38287037037037036 0.26296296296296295 0.11481481481481481 0.09351851851851851
15 0.4263888888888889 0.3787037037037037 0.13055555555555556 0.09259259259259259
15 0.5333333333333333 0.27870370370370373 0.12407407407407407 0.09907407407407408
0 0.32731481481481484 0.500462962962963 0.17685185185185184 0.22962962962962963
0 0.5337962962962963 0.43796296296296294 0.11944444444444445 0.10555555555555556
0 0.45185185185185184 0.28194444444444444 0.08796296296296297 0.15