14 0.5 0.47662443438914026 1 0.9532398190045248
5 0.14557407407407408 0.32433484162895926 0.11959259259259258 0.05752036199095023
5 0.2379259259259259 0.8481719457013575 0.09642592592592593 0.09790950226244344
5 0.6536666666666667 0.6832488687782805 0.05510185185185185 0.1646153846153846
5 0.41856481481481483 0.4996651583710407 0.10456481481481482 0.09730316742081448
5 0.38099074074074074 0.6226606334841629 0.036944444444444446 0.10586425339366516
12 0.4111388888888889 0.1075656108597285 0.1279537037037037 0.07345701357466064
12 0.18611111111111112 0.18276923076923077 0.07515740740740741 0.09444343891402715
12 0.5050833333333333 0.27809049773755656 0.06531481481481483 0.13466968325791856
12 0.6052962962962963 0.08789140271493213 0.14584259259259258 0.10231674208144796
12 0.6920925925925926 0.2938371040723982 0.12078703703703703 0.06471493212669684
12 0.9086203703703704 0.3865339366515837 0.1351111111111111 0.08744796380090497
12 0.7287777777777779 0.44905882352941173 0.1315277777777778 0.06383710407239819
12 0.5363981481481481 0.6020995475113122 0.09037037037037036 0.10057013574660634
12 0.4947962962962963 0.4958461538461538 0.07874074074074075 0.09969230769230769
12 0.8567222222222222 0.6130316742081448 0.06352777777777778 0.10319457013574661
12 0.7529351851851851 0.7149049773755657 0.1333148148148148 0.03934841628959276
12 0.448712962962963 0.8565791855203619 0.12078703703703703 0.1355475113122172
12 0.1749259259259259 0.686054298642534 0.1279537037037037 0.09882352941176471
12 0.051444444444444445 0.46436199095022623 0.052787037037037035 0.13817194570135746
12 0.27111111111111114 0.5295113122171946 0.07694444444444444 0.0953212669683258
12 0.5278981481481482 0.1692126696832579 0.02684259259259259 0.08133031674208145