9 0.5 0.5 1 1
11 0.7060185185185185 0.7754629629629629 0.22685185185185186 0.21388888888888888
11 0.9212962962962963 0.637962962962963 0.1574074074074074 0.14074074074074075
11 0.9407407407407408 0.4976851851851852 0.11851851851851852 0.13425925925925927
11 0.6097222222222223 0.5925925925925926 0.2037037037037037 0.15185185185185185
11 0.38055555555555554 0.7592592592592593 0.21481481481481482 0.17592592592592593
11 0.10648148148148148 0.6282407407407408 0.21296296296296297 0.16018518518518518
11 0.2962962962962963 0.5314814814814814 0.16666666666666666 0.14074074074074075
11 0.1537037037037037 0.3958333333333333 0.15555555555555556 0.0787037037037037
11 0.3055555555555556 0.350462962962963 0.14814814814814814 0.09907407407407408
11 0.7398148148148148 0.2814814814814815 0.16203703703703703 0.1037037037037037
11 0.8356481481481481 0.38287037037037036 0.17685185185185184 0.09259259259259259
11 0.9638888888888889 0.36574074074074076 0.07222222222222222 0.1259259259259259
11 0.8634259259259259 0.2111111111111111 0.08518518518518518 0.08703703703703704
11 0.9537037037037037 0.1763888888888889 0.09259259259259259 0.0824074074074074
11 0.8375 0.09675925925925925 0.1574074074074074 0.07314814814814814
11 0.5435185185185185 0.1537037037037037 0.1259259259259259 0.08333333333333333
11 0.6541666666666667 0.13842592592592592 0.09351851851851851 0.0824074074074074
11 0.5393518518518519 0.06666666666666667 0.1361111111111111 0.05740740740740741
11 0.46805555555555556 0.019444444444444445 0.09166666666666666 0.03888888888888889
11 0.3625 0.030555555555555555 0.1175925925925926 0.06111111111111111
11 0.41388888888888886 0.09074074074074075 0.06481481481481481 0.05925925925925926
11 0.19212962962962962 0.034722222222222224 0.1175925925925926 0.05740740740740741
11 0.21342592592592594 0.09907407407407408 0.125 0.07037037037037037
11 0.05185185185185185 0.13472222222222222 0.1037037037037037 0.04722222222222222
11 0.07175925925925926 0.2273148148148148 0.14351851851851852 0.09166666666666666
11 0.2074074074074074 0.21666666666666667 0.12407407407407407 0.10833333333333334
2 0.5833333333333334 0.4925925925925926 0.17037037037037037 0.10925925925925926
2 0.3800925925925926 0.22824074074074074 0.1398148148148148 0.10740740740740741
2 0.3314814814814815 0.09675925925925925 0.1037037037037037 0.06944444444444445
2 0.05277777777777778 0.08009259259259259 0.10555555555555556 0.062037037037037036
2 0.08935185185185185 0.34074074074074073 0.1787037037037037 0.08703703703703704
2 0.20462962962962963 0.4810185185185185 0.22037037037037038 0.15092592592592594
2 0.962037037037037 0.2537037037037037 0.07592592592592592 0.06666666666666667
2 0.9074074074074074 0.08518518518518518 0.17222222222222222 0.10185185185185185
2 0.7212962962962963 0.10231481481481482 0.07592592592592592 0.0824074074074074
2 0.5689814814814815 0.1259259259259259 0.1574074074074074 0.07777777777777778
2 0.5976851851851852 0.023148148148148147 0.19907407407407407 0.046296296296296294
2 0.8740740740740741 0.25 0.17407407407407408 0.18888888888888888
4 0.5625 0.2833333333333333 0.18981481481481483 0.14351851851851852
4 0.3625 0.6337962962962963 0.3194444444444444 0.07685185185185185
4 0.2564814814814815 0.7032407407407407 0.11574074074074074 0.06388888888888888
4 0.5296296296296297 0.7824074074074074 0.11018518518518519 0.1925925925925926
4 0.7842592592592592 0.5990740740740741 0.15185185185185185 0.14166666666666666