14 0.45949074074074076 0.5478986402966626 0.8935185185185185 0.904202719406675
2 0.5586111111111111 0.40950556242274416 0.09924074074074074 0.10639060568603213
2 0.3473425925925926 0.4350927070457355 0.060148148148148145 0.11742892459826947
2 0.47966666666666663 0.3738689740420272 0.03909259259259259 0.08330037082818294
2 0.18081481481481482 0.5735970333745365 0.0639074074074074 0.027095179233621758
2 0.2078796296296296 0.60221260815822 0.026314814814814815 0.05620519159456119
4 0.7533888888888889 0.5493325092707046 0.1452314814814815 0.1077132262051916
4 0.3010555555555555 0.3036093943139679 0.19666666666666668 0.11982694684796044
4 0.4478611111111111 0.674177997527812 0.15675 0.28061804697156983
4 0.22053703703703703 0.4448454882571075 0.10687037037037037 0.12213844252163164
4 0.6011018518518519 0.539344870210136 0.12195370370370372 0.10981458590852905
4 0.7100185185185186 0.3385784919653894 0.17049074074074075 0.13210135970333747
4 0.44787037037037036 0.20257107540173053 0.19908333333333333 0.08611866501854142
4 0.3285740740740741 0.60557478368356 0.0848425925925926 0.16106304079110015