14 0.46574074074074073 0.5290482076637825 0.9314814814814815 0.9419035846724351
2 0.5537037037037037 0.4042027194066749 0.10462962962962963 0.11495673671199011
2 0.34444444444444444 0.44932014833127315 0.06574074074074074 0.12237330037082818
2 0.47314814814814815 0.3757725587144623 0.04351851851851852 0.0865265760197775
2 0.18564814814814815 0.6032138442521632 0.06481481481481481 0.03337453646477132
2 0.21388888888888888 0.6291718170580964 0.02962962962962963 0.059332509270704575
4 0.7555555555555555 0.5253399258343634 0.15092592592592594 0.1211372064276885
4 0.2912037037037037 0.3226205191594561 0.20185185185185187 0.138442521631644
4 0.45694444444444443 0.6786155747836835 0.17037037037037037 0.2941903584672435
4 0.21851851851851853 0.47095179233621753 0.11296296296296296 0.13226205191594562
4 0.6027777777777777 0.5296662546353523 0.12777777777777777 0.1211372064276885
4 0.700925925925926 0.3195302843016069 0.17685185185185184 0.14833127317676142
4 0.4324074074074074 0.20828182941903584 0.20277777777777778 0.10506798516687268
4 0.3347222222222222 0.6211372064276885 0.09351851851851851 0.1681087762669963