14 0.5180555555555556 0.549074074074074 0.9638888888888889 0.9018518518518519
7 0.35324074074074074 0.48009259259259257 0.23333333333333334 0.1814814814814815
7 0.5300925925925926 0.3472222222222222 0.22870370370370371 0.1
7 0.387037037037037 0.28379629629629627 0.19814814814814816 0.07592592592592592
7 0.7726851851851851 0.2490740740740741 0.16296296296296298 0.08148148148148149
7 0.875462962962963 0.16157407407407406 0.14907407407407408 0.06574074074074074
7 0.6458333333333334 0.19398148148148148 0.1175925925925926 0.05185185185185185
7 0.45787037037037037 0.23333333333333334 0.08981481481481482 0.03981481481481482
7 0.6819444444444445 0.5027777777777778 0.24722222222222223 0.15462962962962962
5 0.5962962962962963 0.4634259259259259 0.25 0.15462962962962962
5 0.28194444444444444 0.3347222222222222 0.15185185185185185 0.10092592592592593
5 0.5740740740740741 0.22037037037037038 0.12129629629629629 0.049074074074074076
5 0.6236111111111111 0.27037037037037037 0.14074074074074075 0.05648148148148148
5 0.7430555555555556 0.17083333333333334 0.08796296296296297 0.05555555555555555
5 0.9106481481481481 0.38564814814814813 0.16944444444444445 0.13425925925925927
7 0.725 0.3435185185185185 0.13703703703703704 0.13055555555555556