14 0.5017962962962963 0.501237037037037 0.95575 0.9975333333333334
11 0.1363425925925926 0.5347407407407407 0.0998425925925926 0.06823703703703704
11 0.19885185185185184 0.410325925925926 0.08905555555555557 0.07497777777777778
11 0.19460185185185183 0.2840666666666667 0.08211111111111112 0.0706
11 0.14212962962962963 0.18774814814814816 0.07900925925925925 0.06314814814814815
11 0.1930648148148148 0.06210370370370371 0.06976851851851851 0.06741481481481482
11 0.3126759259259259 0.1821925925925926 0.08676851851851851 0.06685185185185186
11 0.40875 0.06611851851851852 0.07985185185185184 0.06433333333333333
11 0.6661111111111111 0.07661481481481482 0.08994444444444445 0.07297777777777778
11 0.8528611111111112 0.07691851851851852 0.09307407407407407 0.06989629629629629
11 0.5781388888888889 0.23282222222222224 0.08992592592592594 0.07922222222222222
11 0.37363888888888885 0.2751111111111111 0.07906481481481481 0.07121481481481481
11 0.7903611111111112 0.2284962962962963 0.08842592592592592 0.07798518518518519
11 0.8706111111111111 0.32728148148148145 0.08227777777777778 0.06814814814814815
11 0.6753703703703704 0.3217259259259259 0.08068518518518518 0.06444444444444444
11 0.5711944444444444 0.4334814814814815 0.11307407407407408 0.07313333333333334
11 0.34894444444444445 0.4013703703703704 0.07597222222222222 0.053362962962962966
11 0.2926111111111111 0.5205333333333334 0.08367592592592593 0.06946666666666666
11 0.7718333333333334 0.46682222222222225 0.09768518518518518 0.07314814814814814
11 0.8605833333333333 0.5538740740740741 0.08073148148148147 0.06948148148148148
11 0.6522222222222221 0.5754888888888888 0.09920370370370371 0.07566666666666667
11 0.8227685185185185 0.6684074074074075 0.08225925925925927 0.06767407407407407
11 0.8868148148148148 0.7940518518518519 0.09 0.07576296296296296
11 0.6313888888888889 0.6702592592592592 0.07604629629629629 0.061511111111111114
11 0.3381388888888889 0.6520444444444444 0.08214814814814815 0.06582222222222223
11 0.18071296296296296 0.6501925925925925 0.08828703703703702 0.06952592592592592
11 0.12361111111111112 0.7434222222222222 0.08826851851851851 0.0633925925925926
11 0.27254629629629634 0.7588592592592592 0.08058333333333334 0.06463703703703703
11 0.21003703703703705 0.8900592592592592 0.0852037037037037 0.06407407407407407
11 0.12824074074074074 0.9725333333333334 0.07900925925925925 0.05494074074074074
11 0.2991666666666667 0.981125925925926 0.07364814814814816 0.0350962962962963
11 0.37016666666666664 0.8841925925925926 0.08600925925925926 0.06345185185185184
11 0.5955 0.8767851851851852 0.1015 0.06345185185185184
11 0.7062407407407407 0.7888074074074075 0.09612962962962962 0.061562962962962965
11 0.8050185185185185 0.9126 0.08071296296296296 0.07581481481481481