14 0.5 0.5 1 1
11 0.13472222222222222 0.4785185185185185 0.11481481481481481 0.08222222222222222
11 0.22592592592592592 0.36592592592592593 0.10555555555555556 0.0874074074074074
11 0.2518518518518518 0.2414814814814815 0.09722222222222222 0.08148148148148149
11 0.22314814814814815 0.1388888888888889 0.09259259259259259 0.07407407407407407
11 0.30324074074074076 0.030740740740740742 0.08425925925925926 0.061481481481481484
11 0.3921296296296296 0.15925925925925927 0.10092592592592593 0.07851851851851852
11 0.5138888888888888 0.06 0.09444444444444444 0.07555555555555556
11 0.7638888888888888 0.10962962962962963 0.10555555555555556 0.08592592592592592
11 0.9467592592592593 0.13814814814814816 0.10648148148148148 0.08222222222222222
11 0.6402777777777777 0.24962962962962962 0.10740740740740741 0.09185185185185185
11 0.42962962962962964 0.26 0.09444444444444444 0.08222222222222222
11 0.85 0.2777777777777778 0.10462962962962963 0.08962962962962963
11 0.9050925925925926 0.387037037037037 0.09722222222222222 0.07925925925925927
11 0.7148148148148148 0.35185185185185186 0.09444444444444444 0.07555555555555556
11 0.5856481481481481 0.44555555555555554 0.1287037037037037 0.08888888888888889
11 0.37546296296296294 0.38 0.08703703703703704 0.0637037037037037
11 0.2916666666666667 0.4885185185185185 0.09814814814814815 0.08074074074074074
11 0.774537037037037 0.5088888888888888 0.11296296296296296 0.08666666666666667
11 0.8412037037037037 0.6077777777777778 0.09537037037037037 0.08074074074074074
11 0.6314814814814815 0.5974074074074074 0.11574074074074074 0.08962962962962963
11 0.7768518518518519 0.7144444444444444 0.09722222222222222 0.07851851851851852
11 0.8097222222222222 0.8477777777777777 0.10648148148148148 0.08814814814814814
11 0.5884259259259259 0.687037037037037 0.08888888888888889 0.07185185185185185
11 0.30462962962962964 0.6244444444444445 0.0962962962962963 0.07703703703703704
11 0.15092592592592594 0.5985185185185186 0.1037037037037037 0.08222222222222222
11 0.07268518518518519 0.6814814814814815 0.10185185185185185 0.07555555555555556
11 0.21481481481481482 0.7192592592592593 0.09444444444444444 0.07555555555555556
11 0.12222222222222222 0.8385185185185186 0.09907407407407408 0.07629629629629629
11 0.033796296296296297 0.9070370370370371 0.06759259259259259 0.06592592592592593
11 0.18796296296296297 0.9414814814814815 0.08055555555555556 0.04518518518518518
11 0.2810185185185185 0.8574074074074074 0.1 0.07481481481481482
11 0.5037037037037037 0.8844444444444445 0.11481481481481481 0.07777777777777778
11 0.6337962962962963 0.8148148148148148 0.10925925925925926 0.07481481481481482
11 0.700925925925926 0.9514814814814815 0.09722222222222222 0.08666666666666667