14 0.5 0.5 1 1
11 0.1337962962962963 0.5092592592592593 0.10740740740740741 0.07481481481481482
11 0.20972222222222223 0.3896296296296296 0.09722222222222222 0.08148148148148149
11 0.21944444444444444 0.2637037037037037 0.08981481481481482 0.07555555555555556
11 0.17731481481481481 0.16407407407407407 0.08518518518518518 0.06814814814814815
11 0.24212962962962964 0.042222222222222223 0.07685185185185185 0.07185185185185185
11 0.34814814814814815 0.17037037037037037 0.09351851851851851 0.0725925925925926
11 0.4564814814814815 0.061481481481481484 0.08703703703703704 0.06962962962962962
11 0.711574074074074 0.08962962962962963 0.09722222222222222 0.07925925925925927
11 0.8976851851851851 0.10296296296296296 0.1 0.07555555555555556
11 0.6069444444444444 0.23925925925925925 0.09814814814814815 0.08518518518518518
11 0.39861111111111114 0.267037037037037 0.08611111111111111 0.07629629629629629
11 0.8189814814814815 0.24962962962962962 0.0962962962962963 0.0837037037037037
11 0.887962962962963 0.3537037037037037 0.08981481481481482 0.07333333333333333
11 0.6939814814814815 0.3348148148148148 0.08703703703703704 0.06962962962962962
11 0.5782407407407407 0.43851851851851853 0.12037037037037036 0.08074074074074074
11 0.36018518518518516 0.39111111111111113 0.08148148148148149 0.05851851851851852
11 0.2912037037037037 0.5059259259259259 0.09074074074074075 0.07481481481481482
11 0.774537037037037 0.48592592592592593 0.10462962962962963 0.08
11 0.8532407407407407 0.5788888888888889 0.08796296296296297 0.07481481481481482
11 0.6435185185185185 0.585925925925926 0.10740740740740741 0.08222222222222222
11 0.8032407407407407 0.6903703703703704 0.08981481481481482 0.0725925925925926
11 0.8532407407407407 0.82 0.09814814814814815 0.08148148148148149
11 0.6125 0.6788888888888889 0.0824074074074074 0.06666666666666667
11 0.32222222222222224 0.64 0.08888888888888889 0.07111111111111111
11 0.16574074074074074 0.6274074074074074 0.0962962962962963 0.07555555555555556
11 0.09861111111111111 0.7162962962962963 0.09444444444444444 0.06888888888888889
11 0.24537037037037038 0.7418518518518519 0.08703703703703704 0.06962962962962962
11 0.1685185185185185 0.8685185185185185 0.09166666666666666 0.07037037037037037
11 0.07824074074074074 0.9448148148148148 0.08425925925925926 0.06
11 0.24768518518518517 0.9651851851851851 0.07777777777777778 0.04
11 0.3287037037037037 0.8737037037037036 0.09259259259259259 0.06888888888888889
11 0.5541666666666667 0.8818518518518519 0.10833333333333334 0.06962962962962962
11 0.674074074074074 0.8022222222222222 0.10277777777777777 0.06814814814814815
11 0.7587962962962963 0.9322222222222222 0.08888888888888889 0.08074074074074074