12 0.27824074074074073 0.39184177997527814 0.07222222222222222 0.08405438813349815
12 0.34074074074074073 0.3034610630407911 0.09351851851851851 0.11248454882571075
12 0.4462962962962963 0.1508034610630408 0.05740740740740741 0.06674907292954264
12 0.44907407407407407 0.2978986402966625 0.07222222222222222 0.09888751545117429
12 0.5231481481481481 0.41656365883807167 0.0962962962962963 0.1260815822002472
12 0.3101851851851852 0.5383189122373301 0.08796296296296297 0.10754017305315204
12 0.3837962962962963 0.6508034610630408 0.09814814814814815 0.12978986402966625
12 0.6800925925925926 0.4276885043263288 0.12685185185185185 0.15451174289245984
12 0.8268518518518518 0.3022249690976514 0.10185185185185185 0.13102595797280595
12 0.8009259259259259 0.36402966625463534 0.07222222222222222 0.09394313967861558
12 0.5643518518518519 0.2812113720642769 0.08981481481481482 0.11742892459826947
12 0.6467592592592593 0.18046971569839307 0.05555555555555555 0.069221260815822
14 0.5 0.5 1 1
11 0.2300925925925926 0.6915945611866502 0.09814814814814815 0.1334981458590853
11 0.2462962962962963 0.5970333745364648 0.1037037037037037 0.10754017305315204
11 0.2800925925925926 0.5037082818294191 0.08425925925925926 0.10135970333745364
11 0.21574074074074073 0.38875154511742893 0.07037037037037037 0.09765142150803462
11 0.23425925925925925 0.24289245982694685 0.08148148148148149 0.08776266996291718
11 0.2722222222222222 0.28491965389369595 0.07962962962962963 0.10877626699629171
11 0.35324074074074074 0.2558714462299135 0.1 0.11495673671199011
11 0.3976851851851852 0.3442521631644005 0.08055555555555556 0.09888751545117429
11 0.325 0.41594561186650186 0.08055555555555556 0.09394313967861558
11 0.37824074074074077 0.5086526576019778 0.09259259259259259 0.11495673671199011
11 0.33796296296296297 0.588380716934487 0.07777777777777778 0.10135970333745364
11 0.3875 0.7632880098887516 0.08796296296296297 0.1260815822002472
11 0.4666666666666667 0.622991347342398 0.08796296296296297 0.12237330037082818
11 0.4699074074074074 0.6551297898640297 0.08888888888888889 0.11742892459826947
11 0.525 0.6143386897404203 0.06574074074074074 0.12484548825710753
11 0.6296296296296297 0.7181705809641533 0.09907407407407408 0.13226205191594562
11 0.5875 0.5067985166872683 0.08888888888888889 0.11372064276885044
11 0.7277777777777777 0.49876390605686033 0.09074074074074075 0.11866501854140915
11 0.7662037037037037 0.2941903584672435 0.09074074074074075 0.11248454882571075
11 0.7199074074074074 0.41656365883807167 0.0824074074074074 0.11124845488257108
11 0.6615740740740741 0.3374536464771323 0.08333333333333333 0.09641532756489493
11 0.612037037037037 0.38813349814585907 0.0824074074074074 0.1100123609394314
11 0.5689814814814815 0.3788627935723115 0.08333333333333333 0.09641532756489493
11 0.46574074074074073 0.48763906056860323 0.10462962962962963 0.10506798516687268
11 0.44722222222222224 0.446229913473424 0.08703703703703704 0.09023485784919653
11 0.5013888888888889 0.27132262051915945 0.06666666666666667 0.09147095179233622
11 0.4587962962962963 0.19592088998763907 0.06851851851851852 0.08281829419035847
11 0.5148148148148148 0.1446229913473424 0.06851851851851852 0.0815822002472188
11 0.5430555555555555 0.18974042027194066 0.06296296296296296 0.0865265760197775
11 0.40324074074074073 0.13164400494437578 0.075 0.09270704573547589
11 0.6351851851851852 0.22435105067985167 0.07685185185185185 0.09023485784919653
11 0.6976851851851852 0.20024721878862795 0.07037037037037037 0.08899876390605686
11 0.6504629629629629 0.27132262051915945 0.06018518518518518 0.06551297898640297