12 0.31402777777777774 0.30530284301606925 0.06102777777777778 0.06202719406674907
12 0.39384259259259263 0.2473176761433869 0.07780555555555556 0.08378244746600742
12 0.5296574074074074 0.1454635352286774 0.047851851851851854 0.049592088998763904
12 0.4985740740740741 0.28676143386897407 0.057101851851851855 0.07791100123609394
12 0.5411296296296296 0.430123609394314 0.07607407407407407 0.09976514215080345
12 0.31072222222222223 0.4580840543881335 0.07293518518518519 0.08152039555006181
12 0.35459259259259257 0.595265760197775 0.07867592592592593 0.10159456118665018
12 0.6879722222222222 0.5054882571075402 0.10521296296296295 0.11627935723114956
12 0.8564166666666666 0.4469097651421508 0.08232407407407408 0.1015327564894932
12 0.8176111111111111 0.49488257107540173 0.05762037037037037 0.07388133498145859
12 0.6118981481481481 0.3185537700865266 0.07212962962962964 0.09206427688504326
12 0.7135462962962963 0.2567367119901112 0.04525 0.05317676143386898
14 0.49442592592592594 0.4967490729295426 0.8451203703703704 0.932274412855377
11 0.19914814814814816 0.570840543881335 0.07731481481481481 0.10571075401730531
11 0.2364166666666667 0.4878244746600741 0.091 0.07388133498145859
11 0.2897685185185185 0.4127564894932015 0.07072222222222221 0.07561186650185414
11 0.2553796296296296 0.27676143386897406 0.05484259259259259 0.07908529048207663
11 0.30675 0.1457601977750309 0.07028703703703704 0.060778739184178
11 0.33299074074074075 0.20169344870210135 0.06191666666666667 0.08788627935723115
11 0.4169907407407408 0.2072929542645241 0.08442592592592593 0.08375772558714463
11 0.4388240740740741 0.30972805933250924 0.06723148148148148 0.07438813349814585
11 0.3530462962962963 0.3477008652657602 0.0676574074074074 0.06911001236093943
11 0.3823796296296297 0.4580964153275649 0.07603703703703704 0.08859085290482077
11 0.3254907407407407 0.5169592088998765 0.0627962962962963 0.0791965389369592
11 0.33187962962962964 0.70389369592089 0.06764814814814815 0.10341161928306551
11 0.4397037037037037 0.6032138442521632 0.06899999999999999 0.09983930778739183
11 0.4352962962962963 0.6350061804697157 0.07075925925925926 0.09278121137206428
11 0.49746296296296294 0.6188257107540173 0.041666666666666664 0.11338689740420273
11 0.5726574074074074 0.7610012360939431 0.07828703703703703 0.10461063040791099
11 0.5816944444444445 0.5422867737948084 0.07255555555555555 0.08744128553770086
11 0.7170740740740741 0.5926205191594561 0.07347222222222222 0.09276885043263287
11 0.801074074074074 0.41393077873918416 0.0748148148148148 0.0850309023485785
11 0.7285370370370371 0.5116687268232386 0.0646574074074074 0.08978986402966625
11 0.6915 0.4118665018541409 0.06994444444444445 0.07032138442521632
11 0.6326296296296297 0.43983930778739183 0.06595370370370371 0.08740420271940667
11 0.5936018518518519 0.4133498145859085 0.06991666666666667 0.06972805933250927
11 0.4701296296296296 0.47398022249690974 0.09281481481481481 0.07092707045735476
11 0.4624074074074074 0.426885043263288 0.0765 0.061495673671199014
11 0.5541296296296296 0.2829419035846724 0.05182407407407407 0.07379480840543881
11 0.531425925925926 0.19374536464771325 0.05667592592592593 0.061384425216316436
11 0.5964629629629629 0.1684301606922126 0.057129629629629634 0.06019777503090235
11 0.6125648148148148 0.22259579728059334 0.049638888888888885 0.0696415327564895
11 0.49327777777777776 0.1095550061804697 0.06239814814814815 0.0695920889987639
11 0.6926018518518519 0.29353522867737947 0.06420370370370371 0.06673671199011125
11 0.7574166666666666 0.2961804697156984 0.05805555555555556 0.06850432632880099
11 0.6959074074074074 0.34446229913473425 0.052305555555555557 0.044969097651421513