14 0.5 0.5 1 1
11 0.16620370370370371 0.5523148148148148 0.13796296296296295 0.08888888888888889
11 0.12777777777777777 0.44166666666666665 0.14814814814814814 0.13333333333333333
11 0.1388888888888889 0.3347222222222222 0.13796296296296295 0.12129629629629629
11 0.17962962962962964 0.2412037037037037 0.10740740740740741 0.1111111111111111
11 0.17962962962962964 0.19768518518518519 0.10555555555555556 0.09907407407407408
11 0.26851851851851855 0.1712962962962963 0.1259259259259259 0.10555555555555556
11 0.36944444444444446 0.12037037037037036 0.12685185185185185 0.10648148148148148
11 0.4162037037037037 0.20694444444444443 0.11944444444444445 0.10277777777777777
11 0.38935185185185184 0.2962962962962963 0.13055555555555556 0.12129629629629629
11 0.2810185185185185 0.25277777777777777 0.12407407407407407 0.10277777777777777
11 0.2601851851851852 0.3458333333333333 0.12685185185185185 0.10185185185185185
11 0.3712962962962963 0.387037037037037 0.13333333333333333 0.12222222222222222
11 0.23981481481481481 0.4652777777777778 0.11574074074074074 0.11296296296296296
11 0.3611111111111111 0.5388888888888889 0.15185185185185185 0.10185185185185185
11 0.2611111111111111 0.6481481481481481 0.15648148148148147 0.14074074074074075
11 0.38935185185185184 0.6925925925925925 0.1675925925925926 0.12777777777777777
11 0.500462962962963 0.5069444444444444 0.1287037037037037 0.10185185185185185
11 0.49444444444444446 0.4148148148148148 0.12685185185185185 0.09351851851851851
11 0.48657407407407405 0.29212962962962963 0.07407407407407407 0.1037037037037037
11 0.5166666666666667 0.23055555555555557 0.09444444444444444 0.1175925925925926
11 0.4703703703703704 0.13240740740740742 0.08333333333333333 0.0962962962962963
11 0.5726851851851852 0.14212962962962963 0.1287037037037037 0.11203703703703703
11 0.6884259259259259 0.18101851851851852 0.11574074074074074 0.11018518518518519
11 0.6439814814814815 0.25601851851851853 0.125 0.08333333333333333
11 0.6087962962962963 0.3384259259259259 0.10277777777777777 0.07962962962962963
11 0.7310185185185185 0.3333333333333333 0.12314814814814815 0.09444444444444444
11 0.85 0.3351851851851852 0.1259259259259259 0.10740740740740741
11 0.8824074074074074 0.4152777777777778 0.13703703703703704 0.09814814814814815
11 0.7611111111111111 0.45787037037037037 0.13240740740740742 0.1111111111111111
11 0.6314814814814815 0.43425925925925923 0.14166666666666666 0.11944444444444445
11 0.8657407407407407 0.5194444444444445 0.16111111111111112 0.12129629629629629
11 0.6851851851851852 0.5689814814814815 0.1361111111111111 0.10555555555555556
11 0.8069444444444445 0.6125 0.15555555555555556 0.1175925925925926
11 0.7111111111111111 0.6717592592592593 0.15648148148148147 0.125
11 0.575 0.6875 0.15185185185185185 0.1259259259259259
11 0.5449074074074074 0.5851851851851851 0.13333333333333333 0.0962962962962963