14 0.5 0.49583333333333335 1 0.9916666666666667
11 0.16805555555555557 0.5643518518518519 0.1361111111111111 0.08425925925925926
11 0.1259259259259259 0.4546296296296296 0.14444444444444443 0.1287037037037037
11 0.13333333333333333 0.3472222222222222 0.13518518518518519 0.11666666666666667
11 0.17083333333333334 0.25277777777777777 0.10462962962962963 0.10833333333333334
11 0.16944444444444445 0.20879629629629629 0.10277777777777777 0.0962962962962963
11 0.2574074074074074 0.17962962962962964 0.12407407407407407 0.10185185185185185
11 0.3560185185185185 0.125 0.12407407407407407 0.10277777777777777
11 0.4060185185185185 0.2101851851851852 0.11666666666666667 0.1
11 0.3819444444444444 0.3 0.12685185185185185 0.11851851851851852
11 0.2726851851851852 0.26064814814814813 0.12129629629629629 0.09907407407407408
11 0.2550925925925926 0.35462962962962963 0.12407407407407407 0.09907407407407408
11 0.3675925925925926 0.39166666666666666 0.12962962962962962 0.11851851851851852
11 0.2388888888888889 0.47453703703703703 0.11296296296296296 0.11018518518518519
11 0.362962962962963 0.5435185185185185 0.14907407407407408 0.09722222222222222
11 0.26666666666666666 0.6560185185185186 0.1527777777777778 0.1361111111111111
11 0.3962962962962963 0.6962962962962963 0.1638888888888889 0.12314814814814815
11 0.500462962962963 0.5069444444444444 0.1259259259259259 0.09814814814814815
11 0.49166666666666664 0.4152777777777778 0.125 0.08981481481481482
11 0.4791666666666667 0.29259259259259257 0.0712962962962963 0.10185185185185185
11 0.5074074074074074 0.2300925925925926 0.09074074074074075 0.11481481481481481
11 0.45740740740740743 0.1337962962962963 0.08055555555555556 0.09444444444444444
11 0.5601851851851852 0.1398148148148148 0.1259259259259259 0.10833333333333334
11 0.6773148148148148 0.17453703703703705 0.11296296296296296 0.10740740740740741
11 0.6356481481481482 0.2513888888888889 0.12314814814814815 0.07962962962962963
11 0.6027777777777777 0.3347222222222222 0.10092592592592593 0.07685185185185185
11 0.725 0.32546296296296295 0.12037037037037036 0.09074074074074075
11 0.8439814814814814 0.3226851851851852 0.12314814814814815 0.1037037037037037
11 0.8791666666666667 0.40185185185185185 0.13425925925925927 0.09444444444444444
11 0.7597222222222222 0.44907407407407407 0.12962962962962962 0.10740740740740741
11 0.6291666666666667 0.42962962962962964 0.1388888888888889 0.11574074074074074
11 0.8662037037037037 0.5064814814814815 0.1574074074074074 0.11666666666666667
11 0.6875 0.5625 0.13333333333333333 0.10185185185185185
11 0.8106481481481481 0.6018518518518519 0.1527777777777778 0.11296296296296296
11 0.7171296296296297 0.6643518518518519 0.1537037037037037 0.12129629629629629
11 0.5814814814814815 0.6847222222222222 0.14814814814814814 0.12129629629629629
11 0.5476851851851852 0.5833333333333334 0.13055555555555556 0.09166666666666666