14 0.5 0.4714603409933284 1 0.9429206819866568
4 0.6662037037037037 0.3765752409191994 0.08518518518518518 0.08005930318754632
4 0.7833333333333333 0.42105263157894735 0.12685185185185185 0.08524833209785027
4 0.6259259259259259 0.2575982209043736 0.1527777777777778 0.12379540400296515
4 0.48009259259259257 0.18235730170496664 0.09259259259259259 0.0681986656782802
4 0.399537037037037 0.28910303928836173 0.09074074074074075 0.07783543365455893
4 0.4888888888888889 0.3402520385470719 0.05740740740740741 0.050407709414381024
4 0.5930555555555556 0.4043736100815419 0.075 0.060044477390659746
4 0.47685185185185186 0.4195700518902891 0.0962962962962963 0.06523350630096368
4 0.2310185185185185 0.5022238695329874 0.10277777777777777 0.07116382505559674
4 0.2 0.5748702742772424 0.10277777777777777 0.08228317272053373
4 0.34120370370370373 0.58117123795404 0.07407407407407407 0.14232765011119347
4 0.39537037037037037 0.647887323943662 0.09074074074074075 0.06968124536693847
4 0.4888888888888889 0.5985915492957746 0.10092592592592593 0.0681986656782802
4 0.5694444444444444 0.5240919199406968 0.11574074074074074 0.07857672349888807
4 0.7018518518518518 0.5441067457375834 0.12962962962962962 0.06893995552260934
4 0.4111111111111111 0.787249814677539 0.075 0.04595997034840623
4 0.5805555555555556 0.7357301704966642 0.0962962962962963 0.10896960711638251
11 0.4393518518518518 0.7201630837657524 0.2 0.1156412157153447
11 0.6055555555555555 0.6204595997034841 0.1638888888888889 0.13787991104521868
11 0.7513888888888889 0.30133432171979246 0.16574074074074074 0.14825796886582654
11 0.7282407407407407 0.4681245366938473 0.16018518518518518 0.11860637509266123
11 0.5435185185185185 0.2631578947368421 0.175 0.11934766493699037
11 0.3421296296296296 0.3446997776130467 0.15833333333333333 0.11638250555967383
11 0.22592592592592592 0.5744996293550778 0.2101851851851852 0.14010378057820608
11 0.46574074074074073 0.4981467753891772 0.17962962962962964 0.1223128243143069