14 0.5 0.5370370370370371 1 0.9259259259259259
2 0.17175925925925925 0.425 0.14074074074074075 0.16203703703703703
2 0.28055555555555556 0.6393518518518518 0.16944444444444445 0.1712962962962963
2 0.6532407407407408 0.7203703703703703 0.12777777777777777 0.1425925925925926
2 0.8060185185185185 0.6273148148148148 0.15925925925925927 0.13148148148148148
2 0.8277777777777777 0.42314814814814816 0.13148148148148148 0.10092592592592593
2 0.6833333333333333 0.2638888888888889 0.09537037037037037 0.06111111111111111
2 0.3921296296296296 0.2337962962962963 0.0824074074074074 0.09537037037037037
2 0.5407407407407407 0.35509259259259257 0.08703703703703704 0.06388888888888888
2 0.6134259259259259 0.524074074074074 0.06574074074074074 0.06111111111111111
2 0.3787037037037037 0.47314814814814815 0.07314814814814814 0.06388888888888888
4 0.2152777777777778 0.34675925925925927 0.1527777777777778 0.13796296296296295
4 0.16574074074074074 0.5578703703703703 0.21388888888888888 0.1685185185185185
4 0.40370370370370373 0.7402777777777778 0.17685185185185184 0.25
4 0.6810185185185185 0.7152777777777778 0.20185185185185187 0.18425925925925926
4 0.8416666666666667 0.5796296296296296 0.19814814814814816 0.14351851851851852
4 0.6449074074074074 0.3023148148148148 0.12222222222222222 0.09814814814814815
4 0.4601851851851852 0.2462962962962963 0.09444444444444444 0.09074074074074075
11 0.5810185185185185 0.2337962962962963 0.0824074074074074 0.09722222222222222
11 0.3351851851851852 0.2689814814814815 0.11388888888888889 0.07685185185185185
11 0.6217592592592592 0.38935185185185184 0.1361111111111111 0.11296296296296296
11 0.7620370370370371 0.3138888888888889 0.09722222222222222 0.09074074074074075
11 0.7064814814814815 0.4824074074074074 0.11574074074074074 0.1111111111111111
11 0.9050925925925926 0.4787037037037037 0.10925925925925926 0.10277777777777777
11 0.8157407407407408 0.6962962962962963 0.16666666666666666 0.1287037037037037
11 0.5763888888888888 0.7314814814814815 0.13425925925925927 0.14629629629629629
11 0.5027777777777778 0.5189814814814815 0.1175925925925926 0.10277777777777777