14 0.47901851851851857 0.4733061527057079 0.9107407407407407 0.8609562638991847
4 0.646287037037037 0.36140103780578203 0.07447222222222223 0.073765752409192
4 0.7691851851851852 0.3939288361749444 0.11655555555555555 0.07457375833951074
4 0.5881666666666667 0.2469310600444774 0.13724074074074075 0.11169014084507041
4 0.4318518518518518 0.1868272794662713 0.08386111111111111 0.06066716085989622
4 0.3680833333333333 0.3004670126019273 0.07978703703703705 0.07049666419570051
4 0.4647685185185185 0.34246108228317274 0.05093518518518518 0.045774647887323945
4 0.5778981481481481 0.39598962194217946 0.06731481481481481 0.05398072646404744
4 0.46475925925925926 0.42234247590808005 0.0879537037037037 0.0572646404744255
4 0.23335185185185187 0.5285693106004448 0.09427777777777777 0.06215715344699777
4 0.2138148148148148 0.6034988880652336 0.09223148148148148 0.07365455893254262
4 0.3547222222222222 0.5960859896219421 0.05305555555555555 0.13788732394366196
4 0.41848148148148145 0.6570274277242402 0.08181481481481481 0.06210526315789474
4 0.5038425925925926 0.5989770200148258 0.09204629629629629 0.0596590066716086
4 0.5727500000000001 0.5170348406226835 0.10639814814814814 0.06875463306152706
4 0.7069629629629629 0.5240400296515937 0.12174074074074073 0.05804299481097109
4 0.4555092592592592 0.7937286879169756 0.06945370370370371 0.03898443291326909
4 0.6159444444444445 0.7261971830985915 0.08168518518518518 0.10160118606375093
11 0.47349074074074077 0.7245515196441809 0.1856574074074074 0.09830244625648629
11 0.6231388888888889 0.6092587101556709 0.1454537037037037 0.12470719051148998
11 0.7192962962962963 0.2782209043736101 0.14641666666666667 0.13473684210526315
11 0.7218703703703704 0.4462120088954782 0.1453888888888889 0.10501853224610821
11 0.5069166666666667 0.2605189028910304 0.15992592592592592 0.10427724240177909
11 0.3197314814814815 0.36140103780578203 0.14358333333333334 0.10340993328391401
11 0.23950925925925928 0.6006152705707932 0.19300925925925924 0.12223869532987398
11 0.4657777777777778 0.5013862120088954 0.1640648148148148 0.10664195700518904