14 0.5 0.48641975308641977 1 0.8962962962962963
12 0.4412037037037037 0.4654320987654321 0.04814814814814815 0.03950617283950617
12 0.49537037037037035 0.4679012345679012 0.053703703703703705 0.06172839506172839
12 0.35694444444444445 0.3197530864197531 0.07407407407407407 0.07654320987654321
12 0.6856481481481481 0.29012345679012347 0.03981481481481482 0.04197530864197531
12 0.8490740740740741 0.6191358024691358 0.03796296296296296 0.040740740740740744
12 0.3773148148148148 0.5265432098765432 0.03981481481481482 0.05308641975308642
15 0.4736111111111111 0.5055555555555555 0.05277777777777778 0.056790123456790124
15 0.49583333333333335 0.562962962962963 0.04537037037037037 0.03950617283950617
15 0.4842592592592593 0.6209876543209877 0.03888888888888889 0.04938271604938271
15 0.624537037037037 0.4802469135802469 0.02962962962962963 0.043209876543209874
15 0.6287037037037037 0.4425925925925926 0.06481481481481481 0.06666666666666667
15 0.4287037037037037 0.2660493827160494 0.05092592592592592 0.05308641975308642
15 0.2875 0.3012345679012346 0.06388888888888888 0.07777777777777778
15 0.7560185185185185 0.3574074074074074 0.03981481481481482 0.040740740740740744
5 0.5333333333333333 0.2833333333333333 0.07777777777777778 0.0728395061728395
5 0.7199074074074074 0.4703703703703704 0.1111111111111111 0.10246913580246914
5 0.6916666666666667 0.3728395061728395 0.10277777777777777 0.09259259259259259
5 0.5953703703703703 0.38395061728395063 0.058333333333333334 0.06172839506172839
5 0.4828703703703704 0.38641975308641974 0.11574074074074074 0.10864197530864197
5 0.5888888888888889 0.5407407407407407 0.1259259259259259 0.14074074074074075
5 0.3384259259259259 0.3950617283950617 0.10555555555555556 0.11728395061728394
5 0.3337962962962963 0.24938271604938272 0.13333333333333333 0.10123456790123457