14 0.5 0.5069444444444444 1 0.9601851851851851
0 0.41759259259259257 0.6726851851851852 0.18703703703703703 0.11203703703703703
0 0.2833333333333333 0.6717592592592593 0.1287037037037037 0.07777777777777778
0 0.36018518518518516 0.5736111111111111 0.1527777777777778 0.08981481481481482
0 0.17592592592592593 0.4875 0.14537037037037037 0.06574074074074074
0 0.41064814814814815 0.4356481481481482 0.10092592592592593 0.10277777777777777
0 0.25462962962962965 0.32083333333333336 0.08425925925925926 0.07314814814814814
0 0.21666666666666667 0.41805555555555557 0.09537037037037037 0.075
0 0.5805555555555556 0.25416666666666665 0.062037037037037036 0.09351851851851851
0 0.5819444444444445 0.4046296296296296 0.09259259259259259 0.06944444444444445
0 0.7722222222222223 0.262037037037037 0.1259259259259259 0.08796296296296297
0 0.7430555555555556 0.4050925925925926 0.1 0.09722222222222222
0 0.6708333333333333 0.5611111111111111 0.12685185185185185 0.0787037037037037
0 0.9398148148148148 0.4671296296296296 0.12037037037037036 0.07685185185185185
0 0.8180555555555555 0.6203703703703703 0.09722222222222222 0.07592592592592592