14 0.4959907407407407 0.487925925925926 0.9508240740740742 0.6274444444444445
12 0.437 0.48387654320987655 0.04477777777777778 0.02675308641975309
12 0.48996296296296293 0.47016049382716046 0.04576851851851852 0.04870370370370371
12 0.330037037037037 0.3673086419753086 0.06541666666666668 0.05697530864197531
12 0.6452685185185185 0.23976543209876544 0.035388888888888886 0.032345679012345675
12 0.8602222222222222 0.5113086419753087 0.03319444444444444 0.03222222222222222
12 0.3850648148148148 0.5627407407407408 0.0335 0.044543209876543206
15 0.4750555555555555 0.5133703703703704 0.046814814814814816 0.0445679012345679
15 0.5064166666666666 0.5627407407407408 0.04164814814814814 0.02808641975308642
15 0.5048796296296296 0.6223950617283951 0.032388888888888884 0.040407407407407406
15 0.6180092592592593 0.4434197530864198 0.024092592592592593 0.03637037037037037
15 0.6159537037037037 0.40570370370370373 0.05700925925925926 0.05146913580246913
15 0.39123148148148146 0.2932469135802469 0.04583333333333333 0.04054320987654322
15 0.25958333333333333 0.37004938271604937 0.05414814814814815 0.06245679012345679
15 0.7254907407407407 0.2843333333333333 0.03533333333333333 0.030950617283950616
5 0.4961296296296297 0.27885185185185185 0.07045370370370371 0.05290123456790124
5 0.7090185185185185 0.40502469135802466 0.10116666666666667 0.07479012345679012
5 0.6653148148148148 0.3186172839506173 0.094 0.06659259259259259
5 0.5732685185185186 0.3583950617283951 0.05188888888888889 0.04738271604938272
5 0.46424074074074073 0.3947283950617284 0.10544444444444444 0.07890123456790123
5 0.5933148148148147 0.513358024691358 0.1105 0.11039506172839507
5 0.3248888888888889 0.4461604938271605 0.09215740740740741 0.09122222222222222
5 0.2955648148148148 0.3055925925925926 0.12612037037037038 0.06523456790123457