14 0.5 0.5069444444444444 1 0.975
0 0.42083333333333334 0.674074074074074 0.18796296296296297 0.11481481481481481
0 0.2861111111111111 0.6754629629629629 0.12962962962962962 0.07962962962962963
0 0.36157407407407405 0.575925925925926 0.1537037037037037 0.09259259259259259
0 0.17592592592592593 0.4930555555555556 0.14537037037037037 0.06851851851851852
0 0.40925925925925927 0.4375 0.10185185185185185 0.1037037037037037
0 0.2518518518518518 0.325 0.08518518518518518 0.07407407407407407
0 0.2152777777777778 0.42314814814814816 0.0962962962962963 0.07592592592592592
0 0.5763888888888888 0.25277777777777777 0.06296296296296296 0.09444444444444444
0 0.5800925925925926 0.40324074074074073 0.09351851851851851 0.0712962962962963
0 0.7680555555555556 0.2569444444444444 0.12685185185185185 0.08888888888888889
0 0.7412037037037037 0.4009259259259259 0.10092592592592593 0.09814814814814815
0 0.6717592592592593 0.5583333333333333 0.12777777777777777 0.08055555555555556
0 0.9393518518518519 0.4597222222222222 0.12129629629629629 0.0787037037037037
0 0.8203703703703704 0.6143518518518518 0.09814814814814815 0.07777777777777778