14 0.5 0.48703703703703705 1 0.9148148148148149
12 0.44166666666666665 0.4641975308641975 0.04814814814814815 0.040740740740740744
12 0.49583333333333335 0.4679012345679012 0.053703703703703705 0.06296296296296296
12 0.3592592592592593 0.31666666666666665 0.07407407407407407 0.07777777777777778
12 0.687962962962963 0.29444444444444445 0.03981481481481482 0.04197530864197531
12 0.8476851851851852 0.6271604938271605 0.03796296296296296 0.04197530864197531
12 0.3773148148148148 0.524074074074074 0.040740740740740744 0.05432098765432099
15 0.47314814814814815 0.5049382716049383 0.05277777777777778 0.05802469135802469
15 0.4949074074074074 0.562962962962963 0.04537037037037037 0.040740740740740744
15 0.4824074074074074 0.6203703703703703 0.03888888888888889 0.04938271604938271
15 0.625 0.48333333333333334 0.02962962962962963 0.043209876543209874
15 0.6296296296296297 0.445679012345679 0.06481481481481481 0.06790123456790123
15 0.43194444444444446 0.2641975308641975 0.05185185185185185 0.05432098765432099
15 0.2902777777777778 0.2962962962962963 0.06388888888888888 0.07901234567901234
15 0.7578703703703704 0.36358024691358026 0.040740740740740744 0.04197530864197531
5 0.5365740740740741 0.2839506172839506 0.07777777777777778 0.07407407407407407
5 0.7199074074074074 0.47530864197530864 0.1111111111111111 0.10493827160493827
5 0.6935185185185185 0.3771604938271605 0.10277777777777777 0.09506172839506173
5 0.5967592592592592 0.38641975308641974 0.05925925925925926 0.06296296296296296
5 0.4842592592592593 0.38641975308641974 0.11666666666666667 0.1111111111111111
5 0.5879629629629629 0.5432098765432098 0.12685185185185185 0.14320987654320988
5 0.3398148148148148 0.391358024691358 0.10648148148148148 0.11851851851851852
5 0.337037037037037 0.24567901234567902 0.13425925925925927 0.1037037037037037