14 0.5168796296296296 0.5206111111111111 0.9436388888888889 0.7362777777777777
15 0.17049074074074075 0.475462962962963 0.06566666666666666 0.06080555555555556
15 0.34180555555555553 0.6887777777777778 0.07867592592592593 0.05411111111111111
15 0.5807222222222221 0.6711851851851852 0.06762037037037037 0.05225
15 0.7477222222222222 0.7286111111111111 0.07938888888888888 0.08561111111111111
15 0.7622222222222222 0.6063518518518519 0.05285185185185185 0.048518518518518516
15 0.7078981481481481 0.47175925925925927 0.05530555555555555 0.05339814814814815
15 0.5007777777777778 0.49429629629629634 0.05957407407407408 0.06513888888888889
15 0.3303888888888889 0.479787037037037 0.059537037037037034 0.04722222222222222
15 0.36464814814814817 0.38346296296296295 0.057694444444444444 0.047185185185185184
15 0.2933425925925926 0.38007407407407406 0.059527777777777784 0.029277777777777778
15 0.3223611111111111 0.264 0.0582962962962963 0.04898148148148148
15 0.40508333333333335 0.2068888888888889 0.06819444444444445 0.049574074074074076
15 0.4729907407407407 0.20503703703703705 0.05586111111111111 0.03846296296296296
15 0.46002777777777776 0.28776851851851853 0.059564814814814813 0.04837962962962963
15 0.6761018518518519 0.26275925925925925 0.03986111111111111 0.039101851851851846
15 0.696787037037037 0.36000925925925925 0.04788888888888889 0.044703703703703704
15 0.8548333333333333 0.3473425925925926 0.03805555555555556 0.0305
15 0.61375 0.3093796296296296 0.04108333333333333 0.03233333333333333
9 0.2896388888888889 0.4140277777777778 0.06199999999999999 0.057694444444444444
9 0.37175 0.5356574074074074 0.06818518518518518 0.05157407407407408
9 0.2624722222222223 0.5903055555555555 0.057046296296296296 0.05344444444444444
9 0.24858333333333335 0.47854629629629636 0.04778703703703704 0.037342592592592594
9 0.25074074074074076 0.2778888888888889 0.040990740740740744 0.03601851851851852
9 0.24765740740740744 0.3340740740740741 0.049638888888888885 0.044694444444444446
9 0.37915740740740744 0.30875925925925923 0.053370370370370374 0.038509259259259264
9 0.504787037037037 0.24485185185185185 0.04908333333333333 0.04033333333333333
9 0.5581851851851852 0.17292592592592593 0.05588888888888889 0.040916666666666664
9 0.6162222222222222 0.22540740740740742 0.04601851851851852 0.05699074074074074
9 0.6937037037037037 0.3884074074074074 0.05159259259259259 0.04225
9 0.590287037037037 0.36772222222222223 0.04601851851851852 0.056435185185185185
9 0.7785833333333333 0.3862407407407407 0.052231481481481476 0.034212962962962966
9 0.8508148148148148 0.4408888888888889 0.05595370370370371 0.0509074074074074
9 0.7955648148148149 0.5146666666666667 0.038037037037037036 0.046620370370370375
9 0.8520555555555556 0.6041944444444444 0.05842592592592593 0.05530555555555555
9 0.590287037037037 0.5180648148148148 0.04601851851851852 0.02748148148148148
9 0.6483240740740741 0.5199166666666667 0.036148148148148145 0.03860185185185185
9 0.47824074074074074 0.41526851851851854 0.040435185185185185 0.040407407407407406
9 0.4970740740740741 0.44274074074074077 0.05216666666666667 0.032388888888888884
9 0.6572777777777777 0.5606666666666666 0.042944444444444445 0.03861111111111112
9 0.5316481481481481 0.7079259259259258 0.06946296296296296 0.06275925925925926
0 0.56375 0.43162962962962964 0.08922222222222222 0.06942592592592593
0 0.45478703703703705 0.37975925925925924 0.11203703703703703 0.054592592592592595
0 0.5791851851851851 0.26122222222222224 0.12009259259259258 0.06194444444444445
0 0.7927870370370371 0.31030555555555556 0.05840740740740741 0.10457407407407407
0 0.9073055555555556 0.46373148148148147 0.06152777777777778 0.07437962962962963
0 0.7906296296296296 0.6396944444444445 0.13187962962962962 0.048527777777777774
0 0.5847407407407407 0.5649907407407407 0.10898148148148148 0.05466666666666667
0 0.18099074074074073 0.5662222222222222 0.1237037037037037 0.042324074074074076
0 0.19394444444444445 0.3945833333333333 0.06814814814814814 0.054592592592592595
5 0.1877777777777778 0.5063333333333334 0.08542592592592593 0.04106481481481482
5 0.33532407407407405 0.7600925925925925 0.08423148148148148 0.06710185185185186
5 0.39335185185185184 0.6366111111111111 0.08177777777777777 0.06458333333333334
5 0.6699351851851851 0.7119351851851852 0.07196296296296296 0.08930555555555555
5 0.5949259259259259 0.6276574074074074 0.05157407407407408 0.05037962962962963
5 0.5409074074074074 0.526712962962963 0.050944444444444445 0.05959259259259259
5 0.8366203703703703 0.5439999999999999 0.0645925925925926 0.06453703703703705
5 0.6890740740740741 0.5223888888888888 0.0732037037037037 0.058351851851851856
5 0.9177962962962963 0.4063148148148148 0.05288888888888889 0.04101851851851852
5 0.8529814814814815 0.3742037037037037 0.0862037037037037 0.0657037037037037
5 0.8335277777777778 0.3272777777777778 0.05100925925925926 0.038509259259259264
5 0.6903055555555555 0.22787962962962965 0.08308333333333334 0.0693425925925926
5 0.7199351851851852 0.33067592592592593 0.08309259259259259 0.04160185185185185
5 0.5399722222222222 0.29147222222222224 0.04538888888888889 0.04097222222222222
5 0.5736203703703704 0.33314814814814814 0.06452777777777778 0.0465462962962963
5 0.4631203703703704 0.23899074074074075 0.08055555555555556 0.039712962962962964
5 0.35538888888888887 0.3353055555555556 0.05398148148148148 0.03975
2 0.4615740740740741 0.6193240740740741 0.09599074074074074 0.05962962962962964
2 0.5569537037037037 0.8273981481481482 0.06823148148148148 0.07577777777777778
2 0.40971296296296295 0.7671944444444445 0.08115740740740741 0.07760185185185185
10 0.44274074074074077 0.43287037037037035 0.06943518518518518 0.11635185185185185
10 0.58875 0.5097314814814815 0.09108333333333334 0.05897222222222222
10 0.6572777777777777 0.19330555555555556 0.05775925925925926 0.05203703703703704