14 0.5 0.500462962962963 1 0.9898148148148148
11 0.16666666666666666 0.5203703703703704 0.30648148148148147 0.22685185185185186
11 0.5875 0.6481481481481481 0.3537037037037037 0.26851851851851855
11 0.8435185185185186 0.4703703703703704 0.31296296296296294 0.24814814814814815
11 0.861574074074074 0.27175925925925926 0.26944444444444443 0.2037037037037037
11 0.6175925925925926 0.17962962962962964 0.21481481481481482 0.1527777777777778
11 0.39166666666666666 0.18518518518518517 0.15462962962962962 0.13518518518518519
11 0.18055555555555555 0.28425925925925927 0.2462962962962963 0.1638888888888889
11 0.5273148148148148 0.3476851851851852 0.21388888888888888 0.17685185185185184
2 0.4546296296296296 0.37916666666666665 0.2 0.14444444444444443
2 0.7027777777777777 0.4532407407407407 0.17314814814814813 0.13148148148148148
2 0.8125 0.337037037037037 0.12685185185185185 0.10462962962962963
2 0.6847222222222222 0.3087962962962963 0.1037037037037037 0.05277777777777778
2 0.49027777777777776 0.1648148148148148 0.10185185185185185 0.09351851851851851
2 0.19166666666666668 0.44166666666666665 0.2101851851851852 0.16111111111111112