14 0.5 0.6832592592592592 1 0.6334907407407407
9 0.1536574074074074 0.6124537037037038 0.06965740740740742 0.06596296296296296
9 0.1914722222222222 0.5102407407407407 0.0619537037037037 0.06060185185185185
9 0.29874999999999996 0.5846851851851852 0.07281481481481482 0.056712962962962965
9 0.18838888888888888 0.7960555555555555 0.07430555555555556 0.0627962962962963
9 0.4523333333333333 0.5696481481481481 0.03738888888888889 0.040518518518518516
9 0.4268611111111111 0.5075462962962963 0.042 0.041324074074074076
9 0.6391111111111111 0.5206574074074074 0.04056481481481482 0.03976851851851852
9 0.7255555555555556 0.4959722222222222 0.05603703703703704 0.036694444444444446
9 0.8853148148148148 0.6730092592592593 0.06075 0.07133333333333335
9 0.6028333333333333 0.6039722222222222 0.06061111111111111 0.03973148148148148
0 0.14402777777777778 0.7436018518518519 0.22169444444444444 0.1183425925925926
0 0.31071296296296297 0.47745370370370366 0.09211111111111112 0.05522222222222222
0 0.518712962962963 0.5553703703703703 0.059027777777777776 0.08141666666666668
0 0.7494814814814815 0.6811111111111111 0.06686111111111111 0.04587037037037037
0 0.8722037037037037 0.5372407407407408 0.16416666666666668 0.10533333333333333
12 0.08419444444444445 0.6656759259259258 0.09740740740740741 0.1631388888888889
12 0.08613888888888889 0.4994444444444444 0.17072222222222222 0.04826851851851852
12 0.1185462962962963 0.5445740740740741 0.15222222222222223 0.05981481481481481
12 0.5441851851851852 0.4211388888888889 0.08219444444444444 0.08147222222222222
12 0.4384444444444444 0.4334814814814815 0.08368518518518518 0.09689814814814815
12 0.6348703703703703 0.6491018518518519 0.12005555555555555 0.06980555555555555
12 0.6784814814814815 0.7108148148148148 0.13782407407407407 0.09137037037037038
12 0.7911666666666667 0.6170833333333334 0.15949074074074074 0.05670370370370371
12 0.7765092592592593 0.5746481481481481 0.1857314814814815 0.10146296296296296
12 0.28950000000000004 0.5430277777777778 0.12837962962962962 0.05673148148148149