14 0.5 0.6407407407407407 1 0.7185185185185186
9 0.17824074074074073 0.6708333333333333 0.08055555555555556 0.07685185185185185
9 0.19814814814814816 0.5638888888888889 0.0712962962962963 0.07037037037037037
9 0.31666666666666665 0.6185185185185185 0.08148148148148149 0.06851851851851852
9 0.24444444444444444 0.8458333333333333 0.08425925925925926 0.075
9 0.4652777777777778 0.5768518518518518 0.044444444444444446 0.046296296296296294
9 0.42916666666666664 0.5199074074074074 0.049074074074074076 0.04722222222222222
9 0.6407407407407407 0.4962962962962963 0.04722222222222222 0.046296296296296294
9 0.7212962962962963 0.45694444444444443 0.062037037037037036 0.04537037037037037
9 0.9097222222222222 0.6032407407407407 0.07222222222222222 0.08055555555555556
9 0.6194444444444445 0.5847222222222223 0.06666666666666667 0.05
0 0.19166666666666668 0.8018518518518518 0.2388888888888889 0.15555555555555556
0 0.30972222222222223 0.5106481481481482 0.1 0.06944444444444445
0 0.5282407407407408 0.5513888888888889 0.07222222222222222 0.09074074074074075
0 0.7773148148148148 0.6351851851851852 0.07407407407407407 0.05648148148148148
0 0.8731481481481481 0.4722222222222222 0.18055555555555555 0.13240740740740742
12 0.11944444444444445 0.7351851851851852 0.125 0.17777777777777778
12 0.09212962962962963 0.5712962962962963 0.17592592592592593 0.07685185185185185
12 0.13194444444444445 0.6101851851851852 0.16018518518518518 0.08518518518518518
12 0.5296296296296297 0.4148148148148148 0.09537037037037037 0.09444444444444444
12 0.42777777777777776 0.44537037037037036 0.1 0.10925925925925926
12 0.6587962962962963 0.6236111111111111 0.12962962962962962 0.08981481481481482
12 0.7125 0.6763888888888889 0.15185185185185185 0.11388888888888889
12 0.8069444444444445 0.5648148148148148 0.1675925925925926 0.08333333333333333
12 0.7851851851851852 0.5254629629629629 0.20092592592592592 0.13148148148148148
12 0.3 0.5787037037037037 0.1361111111111111 0.07777777777777778