14 0.5 0.6208333333333333 1 0.7583333333333333
9 0.13657407407407407 0.5189814814814815 0.08518518518518518 0.08148148148148149
9 0.19953703703703704 0.4300925925925926 0.07592592592592592 0.075
9 0.28379629629629627 0.5296296296296297 0.08518518518518518 0.07314814814814814
9 0.12222222222222222 0.7050925925925926 0.08888888888888889 0.08055555555555556
9 0.4361111111111111 0.5550925925925926 0.04722222222222222 0.049074074074074076
9 0.4273148148148148 0.48842592592592593 0.05185185185185185 0.05092592592592592
9 0.6291666666666667 0.5560185185185185 0.05 0.049074074074074076
9 0.7189814814814814 0.5546296296296296 0.06388888888888888 0.05
9 0.8273148148148148 0.7666666666666667 0.07777777777777778 0.08425925925925926
9 0.5722222222222222 0.6268518518518519 0.06944444444444445 0.05462962962962963
0 0.10740740740740741 0.6430555555555556 0.21481481481481482 0.1712962962962963
0 0.32314814814814813 0.42916666666666664 0.10277777777777777 0.07685185185185185
0 0.5037037037037037 0.5583333333333333 0.0787037037037037 0.09444444444444444
0 0.6939814814814815 0.7393518518518518 0.07685185185185185 0.06111111111111111
0 0.85 0.6324074074074074 0.18611111111111112 0.14444444444444443
12 0.062037037037037036 0.5523148148148148 0.12407407407407407 0.1824074074074074
12 0.10046296296296296 0.3921296296296296 0.17685185185185184 0.09074074074074075
12 0.11990740740740741 0.4444444444444444 0.16203703703703703 0.0962962962962963
12 0.562962962962963 0.4351851851851852 0.10092592592592593 0.1
12 0.45787037037037037 0.4199074074074074 0.10648148148148148 0.11481481481481481
12 0.5916666666666667 0.6787037037037037 0.13333333333333333 0.09907407407407408
12 0.6180555555555556 0.75 0.15648148148148147 0.12407407407407407
12 0.7509259259259259 0.6884259259259259 0.16944444444444445 0.0962962962962963
12 0.7476851851851852 0.6435185185185185 0.20555555555555555 0.14537037037037037
12 0.28564814814814815 0.48703703703703705 0.1388888888888889 0.08796296296296297