14 0.5037037037037037 0.5305555555555556 0.9925925925925926 0.9148148148148149
9 0.37546296296296294 0.19027777777777777 0.07407407407407407 0.06851851851851852
9 0.5800925925925926 0.25462962962962965 0.06018518518518518 0.06944444444444445
9 0.638425925925926 0.2518518518518518 0.06481481481481481 0.06481481481481481
9 0.43842592592592594 0.35324074074074074 0.05925925925925926 0.04814814814814815
9 0.29953703703703705 0.4898148148148148 0.07592592592592592 0.07777777777777778
9 0.3106481481481482 0.4212962962962963 0.07685185185185185 0.06851851851851852
9 0.22824074074074074 0.5037037037037037 0.05555555555555555 0.053703703703703705
9 0.5356481481481481 0.562037037037037 0.07685185185185185 0.08148148148148149
9 0.7712962962962963 0.47129629629629627 0.07962962962962963 0.06944444444444445
9 0.6800925925925926 0.624537037037037 0.06666666666666667 0.058333333333333334
9 0.3236111111111111 0.7203703703703703 0.08611111111111111 0.08425925925925926
9 0.39444444444444443 0.7157407407407408 0.06296296296296296 0.08055555555555556
9 0.40324074074074073 0.26342592592592595 0.06018518518518518 0.06574074074074074