14 0.5 0.5293680297397769 1 0.8817843866171003
11 0.8194444444444444 0.3066914498141264 0.11851851851851852 0.09888475836431226
11 0.5185185185185185 0.2728624535315985 0.0962962962962963 0.11078066914498141
11 0.36944444444444446 0.24312267657992565 0.11574074074074074 0.09962825278810408
11 0.23842592592592593 0.3215613382899628 0.13425925925925927 0.07881040892193308
11 0.43287037037037035 0.3788104089219331 0.13796296296296295 0.0758364312267658
11 0.6388888888888888 0.416728624535316 0.10185185185185185 0.08327137546468401
11 0.8722222222222222 0.49033457249070633 0.12407407407407407 0.08773234200743495
11 0.6134259259259259 0.575092936802974 0.13148148148148148 0.09442379182156134
11 0.42268518518518516 0.5884758364312268 0.13518518518518519 0.10780669144981413
11 0.43842592592592594 0.48401486988847586 0.10555555555555556 0.08475836431226766
11 0.3138888888888889 0.4594795539033457 0.11944444444444445 0.0795539033457249
11 0.11157407407407408 0.49814126394052044 0.1388888888888889 0.08698884758364313
11 0.23935185185185184 0.5695167286245353 0.09907407407407408 0.07806691449814127
11 0.30416666666666664 0.7215613382899628 0.13796296296296295 0.17769516728624535
11 0.46111111111111114 0.8267657992565056 0.14722222222222223 0.08921933085501858
11 0.6810185185185185 0.7862453531598513 0.12685185185185185 0.09814126394052045
11 0.5537037037037037 0.675092936802974 0.13333333333333333 0.11152416356877323
11 0.8138888888888889 0.6390334572490707 0.11388888888888889 0.10111524163568773
4 0.5875 0.3513011152416357 0.0962962962962963 0.07806691449814127
4 0.7226851851851852 0.31189591078066914 0.10462962962962963 0.09442379182156134
4 0.7828703703703703 0.40780669144981413 0.2175925925925926 0.14200743494423793
4 0.25925925925925924 0.2617100371747212 0.08333333333333333 0.0550185873605948
4 0.45694444444444443 0.25762081784386615 0.05277777777777778 0.0795539033457249
4 0.3314814814814815 0.36505576208178436 0.1287037037037037 0.058736059479553904
4 0.14351851851851852 0.4234200743494424 0.08055555555555556 0.07509293680297398
4 0.16666666666666666 0.5795539033457249 0.07685185185185185 0.09516728624535316
4 0.4023148148148148 0.6684014869888476 0.17037037037037037 0.07657992565055761
4 0.42916666666666664 0.7434944237918215 0.14907407407407408 0.11301115241635688
4 0.6893518518518519 0.6431226765799256 0.14722222222222223 0.08847583643122676
4 0.8546296296296296 0.5591078066914498 0.09907407407407408 0.06840148698884758
4 0.5254629629629629 0.4717472118959108 0.11018518518518519 0.15390334572490708