14 0.5 0.5286245353159851 1 0.924907063197026
11 0.8023148148148148 0.2892193308550186 0.125 0.1033457249070632
11 0.4986111111111111 0.2724907063197026 0.1037037037037037 0.1137546468401487
11 0.3476851851851852 0.25092936802973975 0.12222222222222222 0.10408921933085502
11 0.22361111111111112 0.33680297397769515 0.13796296296296295 0.08475836431226766
11 0.4222222222222222 0.3828996282527881 0.14166666666666666 0.08178438661710037
11 0.6314814814814815 0.40892193308550184 0.10740740740740741 0.08698884758364313
11 0.8703703703703703 0.4695167286245353 0.1287037037037037 0.09219330855018587
11 0.6199074074074075 0.5684014869888476 0.1361111111111111 0.10037174721189591
11 0.4305555555555556 0.5925650557620817 0.14166666666666666 0.11301115241635688
11 0.43703703703703706 0.4877323420074349 0.11018518518518519 0.08921933085501858
11 0.3106481481481482 0.46988847583643123 0.12314814814814815 0.08475836431226766
11 0.1125 0.5200743494423792 0.1425925925925926 0.09293680297397769
11 0.24583333333333332 0.5840148698884758 0.1037037037037037 0.08178438661710037
11 0.32407407407407407 0.7323420074349443 0.15092592592592594 0.18141263940520447
11 0.4898148148148148 0.8282527881040892 0.15185185185185185 0.09516728624535316
11 0.7055555555555556 0.7754646840148699 0.13240740740740742 0.1033457249070632
11 0.5689814814814815 0.6713754646840149 0.1398148148148148 0.11672862453531599
11 0.825462962962963 0.620817843866171 0.11944444444444445 0.10557620817843866
4 0.5740740740740741 0.34684014869888474 0.10185185185185185 0.08178438661710037
4 0.7060185185185185 0.3 0.1111111111111111 0.09814126394052045
4 0.774074074074074 0.39219330855018586 0.22592592592592592 0.1516728624535316
4 0.23935185185185184 0.2758364312267658 0.08611111111111111 0.058736059479553904
4 0.4361111111111111 0.2605947955390335 0.05925925925925926 0.08104089219330855
4 0.3199074074074074 0.3747211895910781 0.13055555555555556 0.06468401486988848
4 0.13796296296296295 0.4434944237918216 0.08518518518518518 0.07806691449814127
4 0.17453703703703705 0.5977695167286246 0.08333333333333333 0.09739776951672863
4 0.41712962962962963 0.6732342007434944 0.17314814814814813 0.08475836431226766
4 0.45046296296296295 0.7468401486988847 0.15555555555555556 0.11895910780669144
4 0.7013888888888888 0.6319702602230484 0.15185185185185185 0.09442379182156134
4 0.8587962962962963 0.5390334572490706 0.10277777777777777 0.07211895910780669
4 0.5231481481481481 0.47026022304832715 0.12222222222222222 0.15613382899628253