14 0.49816666666666665 0.5293977695167286 0.9681944444444446 0.7695241635687732
11 0.8533796296296297 0.34924907063197025 0.10298148148148148 0.08670631970260223
11 0.5625 0.2779925650557621 0.0770925925925926 0.10317472118959109
11 0.4211574074074074 0.22985130111524163 0.0999351851851852 0.08826765799256506
11 0.27625 0.2908921933085502 0.12277777777777778 0.06362081784386617
11 0.457212962962963 0.3717100371747212 0.12777777777777777 0.06018587360594796
11 0.6535092592592592 0.43504832713754643 0.08923148148148148 0.07336802973977696
11 0.8694444444444445 0.5370780669144981 0.1113611111111111 0.07451301115241636
11 0.5974722222222222 0.5883791821561338 0.11706481481481482 0.08081784386617101
11 0.40652777777777777 0.5777695167286245 0.11921296296296297 0.094
11 0.44222222222222224 0.4766022304832713 0.09208333333333334 0.07394052044609666
11 0.32408333333333333 0.4364832713754647 0.10707407407407407 0.0670631970260223
11 0.11671296296296296 0.44937546468401485 0.12635185185185185 0.07222304832713755
11 0.22878703703703704 0.5359330855018588 0.08637037037037038 0.067635687732342
11 0.2634074074074074 0.6944163568773234 0.10707407407407407 0.16679553903345726
11 0.39796296296296296 0.8179405204460968 0.13491666666666668 0.07336802973977696
11 0.6231759259259259 0.8056133828996282 0.1113611111111111 0.08540520446096654
11 0.5189537037037038 0.6795167286245354 0.11563888888888889 0.09801486988847584
11 0.7830740740740741 0.6766468401486989 0.09708333333333333 0.08999256505576209
4 0.6152314814814815 0.36418587360594795 0.08503703703703704 0.06828252788104089
4 0.7567037037037038 0.3422676579925651 0.08976851851851853 0.08430483271375465
4 0.7973888888888888 0.44448327137546473 0.19737962962962963 0.11928624535315985
4 0.3086666666666667 0.23436431226765803 0.07453703703703704 0.04636431226765799
4 0.5047314814814815 0.2550185873605948 0.03832407407407407 0.07587360594795539
4 0.3598425925925926 0.3454275092936803 0.12125925925925926 0.044260223048327135
4 0.16299074074074074 0.3795762081784386 0.06771296296296296 0.06786617100371747
4 0.15537962962962965 0.5365873605947956 0.059842592592592586 0.08852044609665427
4 0.3708703703703704 0.6539776951672862 0.16115740740740742 0.05774721189591078
4 0.3826851851851852 0.7317472118959109 0.13123148148148148 0.0977918215613383
4 0.6593055555555555 0.6651226765799256 0.13571296296296295 0.07164312267657992
4 0.8387962962962963 0.6028996282527881 0.08922222222222222 0.057516728624535315
4 0.5306388888888889 0.47527881040892195 0.08360185185185186 0.1450185873605948