14 0.5 0.5 1 1
9 0.125 0.23980222496909764 0.06481481481481481 0.07416563658838071
9 0.20555555555555555 0.15327564894932014 0.06759259259259259 0.08034610630407911
9 0.35138888888888886 0.03522867737948084 0.06018518518518518 0.069221260815822
9 0.39861111111111114 0.06056860321384425 0.04259259259259259 0.06551297898640297
9 0.6069444444444444 0.0407911001236094 0.027777777777777776 0.04449938195302843
9 0.6097222222222223 0.20333745364647712 0.05648148148148148 0.0754017305315204
9 0.1736111111111111 0.39184177997527814 0.0712962962962963 0.08034610630407911
9 0.1865740740740741 0.4684796044499382 0.06944444444444445 0.08776266996291718
9 0.1439814814814815 0.6118665018541409 0.07592592592592592 0.103831891223733
9 0.37175925925925923 0.76946847960445 0.08333333333333333 0.1100123609394314
9 0.4861111111111111 0.7206427688504327 0.07592592592592592 0.10135970333745364
9 0.6064814814814815 0.7150803461063041 0.07314814814814814 0.09888751545117429
9 0.4101851851851852 0.5216316440049443 0.040740740740740744 0.06427688504326329
9 0.8439814814814814 0.7836835599505563 0.07962962962962963 0.10259579728059333
9 0.6986111111111111 0.47404202719406674 0.06759259259259259 0.069221260815822
9 0.8893518518518518 0.4289245982694685 0.06851851851851852 0.08405438813349815
9 0.6861111111111111 0.32941903584672433 0.04722222222222222 0.05562422744128554
9 0.6550925925925926 0.29913473423980225 0.03888888888888889 0.04573547589616811
9 0.4439814814814815 0.26452410383189123 0.03888888888888889 0.04573547589616811
9 0.48055555555555557 0.25030902348578493 0.03796296296296296 0.048207663782447466
12 0.2833333333333333 0.6161928306551298 0.15648148148148147 0.10506798516687268
12 0.2935185185185185 0.507416563658838 0.07685185185185185 0.17552533992583436
12 0.21064814814814814 0.2552533992583436 0.08518518518518518 0.09394313967861558
12 0.2814814814814815 0.13040791100123608 0.10740740740740741 0.07911001236093942
12 0.44351851851851853 0.08034610630407911 0.08796296296296297 0.15203955500618047
12 0.6939814814814815 0.16254635352286773 0.07685185185185185 0.10754017305315204
12 0.7300925925925926 0.41656365883807167 0.11481481481481481 0.13720642768850433
12 0.8291666666666667 0.4635352286773795 0.08888888888888889 0.1273176761433869
12 0.6620370370370371 0.754017305315204 0.08333333333333333 0.12237330037082818
12 0.5083333333333333 0.8164400494437577 0.11574074074074074 0.26328800988875156
7 0.6 0.8794808405438813 0.2222222222222222 0.24103831891223734
7 0.48564814814814816 0.36341161928306553 0.1814814814814815 0.21013597033374537
7 0.7092592592592593 0.1100123609394314 0.14907407407407408 0.13967861557478367
7 0.862037037037037 0.34672435105067984 0.11388888888888889 0.16934487021013597
7 0.8425925925925926 0.642150803461063 0.2175925925925926 0.2521631644004944
7 0.23981481481481481 0.765142150803461 0.23981481481481481 0.3127317676143387
7 0.07314814814814814 0.4221260815822003 0.14629629629629629 0.21137206427688504