14 0.5 0.5254629629629629 1 0.9490740740740741
8 0.20733333333333331 0.6226203703703703 0.16830555555555557 0.13537962962962963
8 0.12596296296296294 0.5589259259259259 0.13150925925925927 0.08001851851851852
8 0.2863981481481481 0.49079629629629623 0.09427777777777777 0.12437962962962965
8 0.1790462962962963 0.3846296296296296 0.11883333333333333 0.05308333333333333
8 0.3660185185185185 0.3446296296296296 0.1362685185185185 0.07922222222222222
8 0.33155555555555555 0.23767592592592593 0.1022037037037037 0.09031481481481482
8 0.4915833333333333 0.20321296296296296 0.09744444444444444 0.09427777777777777
8 0.6452777777777777 0.13785185185185184 0.12755555555555556 0.06496296296296296
8 0.5953703703703703 0.23252777777777778 0.07050925925925926 0.07367592592592592
8 0.5252592592592592 0.32799074074074075 0.06812962962962962 0.06812962962962962
8 0.6785555555555556 0.3363055555555555 0.11328703703703703 0.10853703703703703
8 0.5533796296296296 0.48010185185185184 0.11804629629629629 0.12041666666666667
8 0.4151388888888889 0.4464259259259259 0.10615740740740741 0.07367592592592592
8 0.476925925925926 0.5807129629629629 0.15686111111111112 0.07922222222222222
8 0.3879259259259259 0.7147129629629629 0.12500925925925926 0.16440740740740742
8 0.5486018518518518 0.7429074074074075 0.14878703703703702 0.1311203703703704
8 0.7242222222222222 0.6664722222222222 0.19974074074074075 0.1019074074074074
8 0.6970462962962962 0.5204074074074073 0.16712962962962963 0.10462962962962963
8 0.8387037037037036 0.43004629629629626 0.16101851851851853 0.07337037037037036
8 0.8380185185185185 0.327462962962963 0.17596296296296296 0.0760925925925926
8 0.7228611111111112 0.22827777777777777 0.09103703703703703 0.10598148148148148
8 0.8206944444444445 0.18241666666666667 0.09239814814814816 0.03737037037037037
8 0.8692685185185185 0.24287962962962964 0.06589814814814815 0.07133333333333335
8 0.38049074074074074 0.16010185185185186 0.06066666666666666 0.051444444444444445