14 0.5 0.5 1 1
7 0.13796296296296295 0.48935185185185187 0.10925925925925926 0.22037037037037038
7 0.29212962962962963 0.8847222222222222 0.33425925925925926 0.22592592592592592
7 0.7814814814814814 0.6574074074074074 0.3333333333333333 0.24351851851851852
7 0.9074074074074074 0.4930555555555556 0.18518518518518517 0.13055555555555556
7 0.7731481481481481 0.31157407407407406 0.1527777777777778 0.13055555555555556
7 0.7203703703703703 0.09212962962962963 0.175 0.1
7 0.9527777777777777 0.1361111111111111 0.09444444444444444 0.10555555555555556
7 0.5203703703703704 0.0699074074074074 0.0962962962962963 0.1398148148148148
7 0.4412037037037037 0.1935185185185185 0.18055555555555555 0.21944444444444444
7 0.17407407407407408 0.03657407407407407 0.19444444444444445 0.07314814814814814
7 0.2851851851851852 0.1648148148148148 0.15833333333333333 0.11574074074074074
7 0.1037037037037037 0.24537037037037038 0.18055555555555555 0.10740740740740741
7 0.6046296296296296 0.41759259259259257 0.13148148148148148 0.15555555555555556
7 0.5527777777777778 0.1837962962962963 0.12037037037037036 0.09537037037037037
7 0.4046296296296296 0.6407407407407407 0.22962962962962963 0.11666666666666667
7 0.21435185185185185 0.575925925925926 0.17222222222222222 0.11944444444444445