14 0.47839814814814813 0.5231481481481481 0.8209907407407407 0.6234537037037038
4 0.3471666666666667 0.4222314814814815 0.22310185185185183 0.08757407407407407
4 0.41387962962962965 0.32175925925925924 0.09939814814814814 0.11225
4 0.5458425925925926 0.32175925925925924 0.09083333333333332 0.12425
4 0.27462962962962967 0.5025648148148149 0.11396296296296296 0.06255555555555556
4 0.44387037037037036 0.5492685185185185 0.10968518518518518 0.11653703703703704
4 0.6276759259259259 0.44472222222222224 0.2133611111111111 0.07026851851851852
4 0.5959629629629629 0.5505555555555556 0.13625 0.1191111111111111
4 0.6443796296296296 0.34832407407407406 0.09083333333333332 0.09168518518518518
15 0.7677685185185186 0.5389814814814815 0.0925462962962963 0.07712037037037038
15 0.6995185185185185 0.3120277777777778 0.07278703703703704 0.04067592592592593
15 0.7147777777777778 0.36153703703703705 0.049777777777777775 0.04121296296296296
15 0.44075 0.2922222222222222 0.03692592592592593 0.054592592592592595
15 0.2836574074074074 0.4514537037037037 0.052453703703703704 0.028370370370370372
15 0.3315648148148148 0.5766851851851852 0.03692592592592593 0.05405555555555556
15 0.3548425925925926 0.61175 0.05887037037037037 0.05887037037037037
15 0.44610185185185186 0.6513518518518518 0.12042592592592592 0.04281481481481482
15 0.5823055555555555 0.63075 0.10704629629629629 0.04121296296296296
15 0.5411018518518519 0.5702685185185185 0.06208333333333333 0.02087037037037037
0 0.2364814814814815 0.6335462962962963 0.12075 0.12998148148148148
0 0.2477962962962963 0.3392037037037037 0.17023148148148148 0.059537037037037034
0 0.5291388888888889 0.2540833333333334 0.05031481481481482 0.05366666666666667
0 0.6809259259259259 0.2796666666666667 0.05701851851851852 0.031027777777777776
0 0.7907777777777777 0.4373148148148148 0.05701851851851852 0.11320370370370371
0 0.4750555555555555 0.7023055555555555 0.15681481481481482 0.07295370370370372
0 0.632287037037037 0.6683425925925925 0.06540740740740741 0.0587037037037037