14 0.5 0.5 1 1
11 0.08518518518518518 0.21851851851851853 0.17037037037037037 0.17037037037037037
11 0.009259259259259259 0.3101851851851852 0.018518518518518517 0.13518518518518519
11 0.05694444444444444 0.5101851851851852 0.11388888888888889 0.2111111111111111
11 0.18888888888888888 0.3939814814814815 0.17314814814814813 0.18518518518518517
11 0.3402777777777778 0.3472222222222222 0.19814814814814816 0.17037037037037037
11 0.2662037037037037 0.15925925925925927 0.17222222222222222 0.16203703703703703
11 0.42592592592592593 0.12407407407407407 0.1787037037037037 0.17685185185185184
11 0.5101851851851852 0.2361111111111111 0.17222222222222222 0.18518518518518517
11 0.6550925925925926 0.21064814814814814 0.16203703703703703 0.19537037037037036
11 0.5537037037037037 0.058333333333333334 0.17407407407407408 0.11666666666666667
11 0.7569444444444444 0.033796296296296297 0.17314814814814813 0.06759259259259259
11 0.8263888888888888 0.14212962962962963 0.18425925925925926 0.15833333333333333
11 0.9384259259259259 0.10694444444444444 0.08148148148148149 0.16296296296296298
11 0.9546296296296296 0.4703703703703704 0.09074074074074075 0.1814814814814815
11 0.937037037037037 0.5333333333333333 0.1259259259259259 0.14444444444444443
11 0.9601851851851851 0.6694444444444444 0.07962962962962963 0.11666666666666667
11 0.9703703703703703 0.7300925925925926 0.05925925925925926 0.1638888888888889
11 0.8972222222222223 0.7675925925925926 0.17962962962962964 0.2111111111111111
11 0.8101851851851852 0.5740740740740741 0.17962962962962964 0.19074074074074074
11 0.6416666666666667 0.6273148148148148 0.18888888888888888 0.20092592592592592
11 0.7310185185185185 0.7986111111111112 0.19537037037037036 0.20277777777777778
11 0.47175925925925927 0.7217592592592592 0.19444444444444445 0.18796296296296297
11 0.30972222222222223 0.8111111111111111 0.2064814814814815 0.1814814814814815
11 0.42824074074074076 0.9203703703703704 0.22314814814814815 0.15925925925925927
11 0.2361111111111111 0.9439814814814815 0.16296296296296298 0.11203703703703703
11 0.1337962962962963 0.8398148148148148 0.2074074074074074 0.19814814814814816
11 0.03935185185185185 0.8601851851851852 0.04351851851851852 0.18611111111111112
11 0.08101851851851852 0.9763888888888889 0.10092592592592593 0.04722222222222222
11 0.1337962962962963 0.6425925925925926 0.1361111111111111 0.07962962962962963
11 0.2824074074074074 0.5513888888888889 0.1537037037037037 0.09351851851851851
11 0.412962962962963 0.5333333333333333 0.19722222222222222 0.14814814814814814
11 0.5912037037037037 0.43333333333333335 0.13703703703703704 0.14351851851851852
11 0.7236111111111111 0.387037037037037 0.1537037037037037 0.15925925925925927
11 0.8541666666666666 0.3236111111111111 0.1712962962962963 0.1175925925925926
11 0.9699074074074074 0.3023148148148148 0.041666666666666664 0.09722222222222222